          40
           3
           1
           4
           3
           1
           2
           2
           5
           4
           1
           2
           3
           1
           2
           1
           1
           4
           3
           3
           5
           2
           5
           5
           5
           1
           4
           1
           5
           1
           4
           3
           4
           3
           2
           4
           1
           2
           4
           4
  1st Variable Cost Component, Aij N*NCust
           0
           0
           0
           0
           0
           0
           0
           0
           0
           0
           0
           0
           4
           0
           0
           0
           0
           0
           0
           0
           0
           0
           0
           0
           4
           0
           0
           4
           0
           0
           0
           4
           0
           0
           0
           0
           0
           0
           0
           0
           0
           0
           0
           0
           0
           0
           0
           0
           0
           0
           0
           0
           0
           0
           0
           0
           0
           0
           0
           5
           0
           0
           0
           0
           0
           0
           0
           0
           0
           0
           0
           0
           0
           0
           0
           0
           0
           0
           5
           0
           0
           0
           5
           0
           0
           0
           0
           0
           0
           0
           0
           0
           0
           5
           0
           0
           0
           5
           0
           0
           0
           0
           0
           0
           0
           0
           0
           0
           0
           0
           0
           0
           0
           0
           0
           0
           0
           5
           0
           0
           0
           0
           0
           0
           0
           0
           0
           0
           0
           6
           0
           0
           0
           0
           0
           0
           0
           0
           0
           0
           0
           0
           6
           0
           6
           0
           0
           0
           0
           6
           0
           0
           0
           0
           0
           0
           0
           0
           0
           0
           0
           0
           0
           0
           6
           0
           0
           0
           0
           0
           0
           0
           0
           0
           0
           0
           6
           0
           0
           0
           0
           0
           0
           0
           0
           0
           0
           0
           0
           0
           0
           0
           0
           0
           0
           0
           6
           0
           0
           0
           0
           0
           0
           0
           0
           0
           0
           0
           7
           0
           0
           7
           0
           0
           0
           7
           0
           0
           0
           0
           0
           0
           0
           0
           0
           0
           0
           0
           0
           0
           0
           0
           0
           0
           0
           0
           0
           0
           0
           0
           0
           0
           0
           0
           0
           0
           0
           7
           0
           0
           0
           0
           0
           0
           0
           0
           0
           0
           0
           0
           0
           0
           7
           0
           0
           0
           7
           0
           0
           0
           0
           0
           0
           0
           0
           0
           0
           0
           0
           0
           0
           7
           0
           0
           0
           0
           0
           0
           0
           0
           0
           0
           0
           0
          12
           0
           0
           0
           0
           0
           0
          17
           0
           0
           0
           0
           0
           0
           0
           0
           0
           0
           0
           8
           0
           0
           0
           0
           0
           0
           0
           0
           0
           0
           0
           0
           8
           0
           8
           0
           0
           0
           0
           8
           0
           0
           0
           0
           0
           0
           0
           0
           0
           0
           0
           0
           0
           0
           0
           0
           0
           0
           0
           0
           0
           0
           0
           0
           0
           0
           0
           0
           0
           0
           0
           8
           0
           0
           0
           0
           0
           0
           0
           0
           0
           0
           0
           0
           0
           0
           8
           0
           0
           0
           8
           0
           0
           0
           0
           0
           0
           0
           0
           0
           0
           9
           0
           0
           0
           9
           0
           0
           0
           0
           0
           0
           0
           0
           0
           0
           0
           0
           0
           0
           0
           0
           0
           0
           9
           0
           0
           0
           0
           0
           0
           0
           0
           0
           0
           0
           0
           9
           0
           0
           0
           0
           0
           0
           0
           0
           0
           0
           0
           0
           9
           0
           9
           0
           0
           0
           9
           0
           0
           0
           0
           0
           0
           0
           0
           0
           0
           0
           0
           0
           0
           9
           0
           0
           0
           0
           0
           0
           0
           0
           0
           0
           0
           0
          10
           0
           0
           0
           0
           0
           0
           0
           0
           0
           0
           0
           0
           0
           0
           0
           0
           0
           0
          10
           0
           0
           0
           0
          10
           0
           0
           0
           0
           0
           0
           0
           0
           0
          10
           0
           0
           0
           0
          10
           0
           0
           0
           0
           0
           0
           0
           0
           0
           0
           0
           0
           0
           0
           0
           0
           0
           0
          10
           0
           0
           0
           0
           0
           0
           0
           0
           0
           0
           0
           0
          10
           0
           0
           0
           0
           0
           0
           0
           0
           0
           0
           0
          10
           0
           0
          11
           0
           0
           0
          11
           0
           0
           0
           0
           0
           0
           0
           0
           0
           0
           0
           0
           0
           0
          11
           0
           0
           0
           0
           0
           0
           0
           0
           0
           0
           0
           0
          11
           0
           0
           0
           0
           0
           0
           0
           0
           0
           0
           0
           0
           0
           0
           0
           0
           0
           0
          11
           0
           0
           0
           0
           0
           0
           0
           0
           0
           0
           0
           0
          11
           0
          11
           0
           0
           0
          11
           0
           0
           0
           0
           0
           0
           0
           0
           0
           0
           0
           0
           0
           0
           0
           0
           0
           0
           0
           0
           0
           0
           0
           0
           0
           0
           0
           0
           0
           0
           0
          12
           0
           0
           0
           0
           0
           0
           0
           0
           0
           0
           0
           0
           0
           0
          12
           0
           0
           0
           0
          12
           0
           0
           0
           0
           0
           0
           0
           0
           0
           0
           0
           0
           0
           0
          17
           0
           0
           0
           0
           0
           0
           0
           0
           0
           0
           0
           0
           0
           0
           0
           0
           0
           0
           0
           0
           0
           0
           0
           0
           0
           0
           0
           0
           0
           0
           0
          12
           0
           0
           0
           0
           0
           0
           0
           0
           0
           0
           0
          13
           0
           0
          13
           0
           0
           0
          13
           0
           0
           0
           0
           0
           0
           0
           0
           0
           0
           0
           0
           0
           0
           0
           0
           0
           0
           0
           0
           0
           0
           0
           0
           0
           0
           0
          13
           0
           0
           0
           5
           0
           0
           0
           0
           0
           0
           0
           0
           0
           0
           0
           0
           0
           0
          13
           0
           0
           0
          13
           0
           0
           0
           0
           0
           0
           0
           0
           0
           0
          13
           0
           0
           0
          13
           0
           0
           0
           0
           0
           0
           0
           0
           0
           0
           0
           0
           0
           0
           0
           0
           0
           0
           0
          14
           0
           0
           0
           0
           0
           0
           0
           0
           0
           0
           0
          14
           0
           0
           0
           0
           0
           0
           0
           0
           0
           0
           0
           0
          14
           0
          14
           0
           0
           0
           0
          14
           0
           0
           0
           0
           0
           0
           0
           0
           0
           0
           0
           0
           0
           0
          14
           0
           0
           0
           0
           0
           0
           0
           0
           0
           0
           0
          14
           0
           0
           0
           0
           0
           0
           0
           0
           0
           0
           0
           0
           0
           0
           0
           0
           0
           0
           0
          14
           0
           0
           0
          14
           0
           0
           0
           0
           0
           0
           0
           0
           0
           0
          15
           0
           0
           0
          15
           0
           0
           0
           0
           0
           0
           0
           0
           0
           0
           0
           0
           0
           0
           0
           0
           0
           0
           0
          10
           0
           0
           0
           0
           0
           0
           0
           0
           0
           0
           0
          15
           0
           0
           0
           0
           0
           0
           0
           0
           0
           0
           0
           0
          12
           0
          15
           0
           0
           0
          15
           0
           0
           0
           0
           0
           0
           0
           0
           0
           0
           0
           0
           0
           0
          15
           0
           0
           0
           0
           0
           0
           0
           0
           0
           0
           0
           0
          15
           0
           0
           0
           0
           0
           0
          16
           0
           0
           0
           0
           0
           0
           0
           0
           0
           0
           0
          16
           0
           0
           0
           0
           0
           0
           0
           0
           0
           0
           0
           0
          16
           0
          16
           0
           0
           0
           0
          16
           0
           0
           0
           0
           0
           0
           0
           0
           0
           0
           0
           0
           0
           0
           0
           0
           0
           0
           0
           0
           0
           0
           0
           0
           0
           0
          16
           0
           0
           0
           0
          16
           0
           0
           0
           0
           0
           0
           0
           0
           0
           0
           0
           0
           0
           0
           4
           0
           0
           0
          17
           0
           0
           0
           0
           0
           0
           0
           0
           0
           0
          17
           0
           0
           0
           0
           0
           0
           0
           0
           0
           0
           0
           0
           0
           0
           0
           0
           0
           0
           0
           0
           0
           0
           0
           0
           0
           0
           0
           0
           0
           0
           0
           0
           0
           0
           0
          12
           0
           0
           0
           0
           0
           0
           0
           0
           0
           0
           0
           0
           0
           0
           0
           0
           0
           0
           0
           0
           0
           0
           0
           0
           0
           0
           0
           0
           0
           0
           0
           0
           0
           0
           0
           0
           0
           0
           0
           0
           0
           0
           0
           0
           0
           0
           0
           0
           0
           0
           0
           0
           0
           0
           0
           0
           0
           0
           0
           0
           0
           0
           0
           0
           0
           0
           0
           0
           0
           0
           0
           0
           0
           0
           0
           0
           0
           0
           0
           0
           0
           0
           0
           0
           0
           1
           0
           0
           0
           0
           0
           0
           0
           0
           0
           0
           0
           0
           0
           0
           0
           0
           0
           0
           1
           0
           0
           0
           0
           0
           0
           0
           0
           0
           0
           0
           0
           1
           0
           0
           0
           0
           0
           0
           0
           0
           0
           0
           0
           1
           0
           0
           1
           0
           0
           0
           1
           0
           0
           0
           0
           0
           0
           0
           0
           0
           0
           0
           0
           0
           0
           1
           0
           0
           0
           0
           0
           0
           0
           0
           0
           0
           0
           0
           1
           0
           0
           0
           0
           0
           0
           0
           0
           0
           0
           0
           0
           0
           0
           0
           0
           0
           0
           2
           0
           0
           0
           0
          11
           0
           0
           0
           0
           0
           0
           0
           0
           0
           2
           0
           0
           0
           0
           2
           0
           0
           0
           0
           0
           0
           0
           0
           0
           0
           0
           0
           0
           0
           0
           0
           0
           0
           0
           0
           0
           0
           0
           0
           0
           0
           0
           0
           0
           0
           2
           0
           0
           0
           0
           0
           0
           0
           0
           0
           0
           0
           0
           0
           0
           0
           2
           0
           0
           0
           2
           0
           0
           0
           0
           0
           0
           0
           0
           0
           0
           0
           0
           0
           0
           3
           0
           0
           0
           0
           0
           0
           0
           0
           0
           0
           0
          15
           0
           0
           0
           0
           0
           0
           3
           0
           0
           0
           0
           0
           0
           0
           0
           0
           0
           0
           0
           3
           0
           0
           0
           0
           0
           0
           0
           0
           0
           0
           0
           3
           0
           0
           3
           0
           0
           0
           3
           0
           0
           0
           0
           0
           0
           0
           0
           0
           0
           0
           0
           0
           0
           0
           0
           0
           0
           0
           0
           0
           0
           0
           0
           0
           0
           0
           8
           0
           0
           0
           4
           0
           0
           0
           0
           0
           0
           0
           0
           0
           0
           0
           0
           0
           0
           0
           0
           0
           0
           0
           4
           0
           0
           0
           0
           0
           0
           0
           0
           0
           4
           0
           0
           0
           0
           4
           0
           0
           0
           0
           0
           0
           0
           0
           0
           0
           0
           0
           0
           0
           0
           0
           0
           0
           4
  2nd Variable Cost Component, Bij N*NCust
           0
    50000000
    50000000
    50000000
    50000000
    50000000
    50000000
    50000000
    50000000
    50000000
    50000000
    50000000
          27
    50000000
    50000000
    50000000
    50000000
    50000000
    50000000
    50000000
    50000000
    50000000
    50000000
    50000000
          28
    50000000
    50000000
          28
    50000000
    50000000
    50000000
          28
    50000000
    50000000
    50000000
    50000000
    50000000
    50000000
    50000000
    50000000
           0
    50000000
    50000000
    50000000
    50000000
    50000000
    50000000
    50000000
    50000000
    50000000
    50000000
    50000000
    50000000
    50000000
    50000000
    50000000
    50000000
    50000000
    50000000
          30
    50000000
    50000000
    50000000
    50000000
    50000000
    50000000
    50000000
    50000000
    50000000
    50000000
    50000000
    50000000
    50000000
    50000000
    50000000
    50000000
    50000000
    50000000
          31
    50000000
           0
    50000000
          32
    50000000
    50000000
    50000000
    50000000
    50000000
    50000000
    50000000
    50000000
    50000000
    50000000
          32
    50000000
    50000000
    50000000
          33
    50000000
    50000000
    50000000
    50000000
    50000000
    50000000
    50000000
    50000000
    50000000
    50000000
    50000000
    50000000
    50000000
    50000000
    50000000
    50000000
    50000000
    50000000
    50000000
          34
    50000000
    50000000
           0
    50000000
    50000000
    50000000
    50000000
    50000000
    50000000
    50000000
    50000000
          35
    50000000
    50000000
    50000000
    50000000
    50000000
    50000000
    50000000
    50000000
    50000000
    50000000
    50000000
    50000000
          36
    50000000
          36
    50000000
    50000000
    50000000
    50000000
          36
    50000000
    50000000
    50000000
    50000000
    50000000
    50000000
    50000000
    50000000
    50000000
    50000000
           0
    50000000
    50000000
    50000000
          37
    50000000
    50000000
    50000000
    50000000
    50000000
    50000000
    50000000
    50000000
    50000000
    50000000
    50000000
          38
    50000000
    50000000
    50000000
    50000000
    50000000
    50000000
    50000000
    50000000
    50000000
    50000000
    50000000
    50000000
    50000000
    50000000
    50000000
    50000000
    50000000
    50000000
    50000000
          39
    50000000
    50000000
    50000000
           0
    50000000
    50000000
    50000000
    50000000
    50000000
    50000000
    50000000
          40
    50000000
    50000000
          40
    50000000
    50000000
    50000000
          40
    50000000
    50000000
    50000000
    50000000
    50000000
    50000000
    50000000
    50000000
    50000000
    50000000
    50000000
    50000000
    50000000
    50000000
    50000000
    50000000
    50000000
    50000000
    50000000
    50000000
    50000000
    50000000
    50000000
    50000000
           0
    50000000
    50000000
    50000000
    50000000
    50000000
    50000000
          42
    50000000
    50000000
    50000000
    50000000
    50000000
    50000000
    50000000
    50000000
    50000000
    50000000
    50000000
    50000000
    50000000
    50000000
          43
    50000000
    50000000
    50000000
          43
    50000000
    50000000
    50000000
    50000000
    50000000
    50000000
    50000000
    50000000
    50000000
    50000000
    50000000
    50000000
    50000000
           0
          44
    50000000
    50000000
    50000000
    50000000
    50000000
    50000000
    50000000
    50000000
    50000000
    50000000
    50000000
    50000000
          71
    50000000
    50000000
    50000000
    50000000
    50000000
    50000000
          99
    50000000
    50000000
    50000000
    50000000
    50000000
    50000000
    50000000
    50000000
    50000000
    50000000
    50000000
          47
    50000000
    50000000
    50000000
    50000000
    50000000
    50000000
           0
    50000000
    50000000
    50000000
    50000000
    50000000
          47
    50000000
          47
    50000000
    50000000
    50000000
    50000000
          48
    50000000
    50000000
    50000000
    50000000
    50000000
    50000000
    50000000
    50000000
    50000000
    50000000
    50000000
    50000000
    50000000
    50000000
    50000000
    50000000
    50000000
    50000000
    50000000
    50000000
    50000000
    50000000
    50000000
    50000000
    50000000
    50000000
           0
    50000000
    50000000
    50000000
    50000000
          50
    50000000
    50000000
    50000000
    50000000
    50000000
    50000000
    50000000
    50000000
    50000000
    50000000
    50000000
    50000000
    50000000
    50000000
          51
    50000000
    50000000
    50000000
          51
    50000000
    50000000
    50000000
    50000000
    50000000
    50000000
    50000000
    50000000
    50000000
    50000000
          52
    50000000
    50000000
    50000000
          52
           0
    50000000
    50000000
    50000000
    50000000
    50000000
    50000000
    50000000
    50000000
    50000000
    50000000
    50000000
    50000000
    50000000
    50000000
    50000000
    50000000
    50000000
          53
    50000000
    50000000
    50000000
    50000000
    50000000
    50000000
    50000000
    50000000
    50000000
    50000000
    50000000
    50000000
          54
    50000000
    50000000
    50000000
    50000000
    50000000
    50000000
    50000000
    50000000
           0
    50000000
    50000000
    50000000
          55
    50000000
          55
    50000000
    50000000
    50000000
          55
    50000000
    50000000
    50000000
    50000000
    50000000
    50000000
    50000000
    50000000
    50000000
    50000000
    50000000
    50000000
    50000000
    50000000
          56
    50000000
    50000000
    50000000
    50000000
    50000000
    50000000
    50000000
    50000000
    50000000
    50000000
    50000000
    50000000
          57
    50000000
           0
    50000000
    50000000
    50000000
    50000000
    50000000
    50000000
    50000000
    50000000
    50000000
    50000000
    50000000
    50000000
    50000000
    50000000
    50000000
    50000000
          58
    50000000
    50000000
    50000000
    50000000
          59
    50000000
    50000000
    50000000
    50000000
    50000000
    50000000
    50000000
    50000000
    50000000
          59
    50000000
    50000000
    50000000
    50000000
          60
    50000000
    50000000
           0
    50000000
    50000000
    50000000
    50000000
    50000000
    50000000
    50000000
    50000000
    50000000
    50000000
    50000000
    50000000
    50000000
    50000000
    50000000
          61
    50000000
    50000000
    50000000
    50000000
    50000000
    50000000
    50000000
    50000000
    50000000
    50000000
    50000000
    50000000
          62
    50000000
    50000000
    50000000
    50000000
    50000000
    50000000
    50000000
    50000000
    50000000
    50000000
           0
          62
    50000000
    50000000
          63
    50000000
    50000000
    50000000
          63
    50000000
    50000000
    50000000
    50000000
    50000000
    50000000
    50000000
    50000000
    50000000
    50000000
    50000000
    50000000
    50000000
    50000000
          64
    50000000
    50000000
    50000000
    50000000
    50000000
    50000000
    50000000
    50000000
    50000000
    50000000
    50000000
    50000000
          65
    50000000
    50000000
    50000000
           0
    50000000
    50000000
    50000000
    50000000
    50000000
    50000000
    50000000
    50000000
    50000000
    50000000
    50000000
    50000000
    50000000
    50000000
          66
    50000000
    50000000
    50000000
    50000000
    50000000
    50000000
    50000000
    50000000
    50000000
    50000000
    50000000
    50000000
          67
    50000000
          67
    50000000
    50000000
    50000000
          67
    50000000
    50000000
    50000000
    50000000
    50000000
           0
    50000000
    50000000
    50000000
    50000000
    50000000
    50000000
    50000000
    50000000
    50000000
    50000000
    50000000
    50000000
    50000000
    50000000
    50000000
    50000000
    50000000
    50000000
    50000000
    50000000
    50000000
    50000000
    50000000
    50000000
    50000000
          69
    50000000
    50000000
    50000000
    50000000
    50000000
    50000000
    50000000
    50000000
    50000000
    50000000
    50000000
    50000000
    50000000
           0
          70
    50000000
    50000000
    50000000
    50000000
          70
    50000000
    50000000
    50000000
    50000000
    50000000
    50000000
    50000000
    50000000
    50000000
    50000000
    50000000
    50000000
    50000000
    50000000
          98
    50000000
    50000000
    50000000
    50000000
    50000000
    50000000
    50000000
    50000000
    50000000
    50000000
    50000000
    50000000
    50000000
    50000000
    50000000
    50000000
    50000000
    50000000
           0
    50000000
    50000000
    50000000
    50000000
    50000000
    50000000
    50000000
    50000000
    50000000
    50000000
    50000000
    50000000
          73
    50000000
    50000000
    50000000
    50000000
    50000000
    50000000
    50000000
    50000000
    50000000
    50000000
    50000000
          74
    50000000
    50000000
          74
    50000000
    50000000
    50000000
          75
    50000000
    50000000
    50000000
    50000000
    50000000
    50000000
    50000000
           0
    50000000
    50000000
    50000000
    50000000
    50000000
    50000000
    50000000
    50000000
    50000000
    50000000
    50000000
    50000000
    50000000
    50000000
    50000000
    50000000
    50000000
    50000000
    50000000
          76
    50000000
    50000000
    50000000
          29
    50000000
    50000000
    50000000
    50000000
    50000000
    50000000
    50000000
    50000000
    50000000
    50000000
    50000000
    50000000
    50000000
    50000000
          78
           0
    50000000
    50000000
          78
    50000000
    50000000
    50000000
    50000000
    50000000
    50000000
    50000000
    50000000
    50000000
    50000000
          79
    50000000
    50000000
    50000000
          79
    50000000
    50000000
    50000000
    50000000
    50000000
    50000000
    50000000
    50000000
    50000000
    50000000
    50000000
    50000000
    50000000
    50000000
    50000000
    50000000
    50000000
    50000000
    50000000
          80
    50000000
           0
    50000000
    50000000
    50000000
    50000000
    50000000
    50000000
    50000000
    50000000
    50000000
          81
    50000000
    50000000
    50000000
    50000000
    50000000
    50000000
    50000000
    50000000
    50000000
    50000000
    50000000
    50000000
          82
    50000000
          82
    50000000
    50000000
    50000000
    50000000
          82
    50000000
    50000000
    50000000
    50000000
    50000000
    50000000
    50000000
    50000000
    50000000
           0
    50000000
    50000000
    50000000
    50000000
          83
    50000000
    50000000
    50000000
    50000000
    50000000
    50000000
    50000000
    50000000
    50000000
    50000000
    50000000
          84
    50000000
    50000000
    50000000
    50000000
    50000000
    50000000
    50000000
    50000000
    50000000
    50000000
    50000000
    50000000
    50000000
    50000000
    50000000
    50000000
    50000000
    50000000
    50000000
          85
    50000000
    50000000
           0
          85
    50000000
    50000000
    50000000
    50000000
    50000000
    50000000
    50000000
    50000000
    50000000
    50000000
          86
    50000000
    50000000
    50000000
          86
    50000000
    50000000
    50000000
    50000000
    50000000
    50000000
    50000000
    50000000
    50000000
    50000000
    50000000
    50000000
    50000000
    50000000
    50000000
    50000000
    50000000
    50000000
    50000000
          61
    50000000
    50000000
    50000000
           0
    50000000
    50000000
    50000000
    50000000
    50000000
    50000000
    50000000
          88
    50000000
    50000000
    50000000
    50000000
    50000000
    50000000
    50000000
    50000000
    50000000
    50000000
    50000000
    50000000
          69
    50000000
          89
    50000000
    50000000
    50000000
          90
    50000000
    50000000
    50000000
    50000000
    50000000
    50000000
    50000000
    50000000
    50000000
    50000000
    50000000
    50000000
           0
    50000000
          91
    50000000
    50000000
    50000000
    50000000
    50000000
    50000000
    50000000
    50000000
    50000000
    50000000
    50000000
    50000000
          91
    50000000
    50000000
    50000000
    50000000
    50000000
    50000000
          92
    50000000
    50000000
    50000000
    50000000
    50000000
    50000000
    50000000
    50000000
    50000000
    50000000
    50000000
          93
    50000000
    50000000
    50000000
    50000000
    50000000
           0
    50000000
    50000000
    50000000
    50000000
    50000000
    50000000
          94
    50000000
          94
    50000000
    50000000
    50000000
    50000000
          94
    50000000
    50000000
    50000000
    50000000
    50000000
    50000000
    50000000
    50000000
    50000000
    50000000
    50000000
    50000000
    50000000
    50000000
    50000000
    50000000
    50000000
    50000000
    50000000
    50000000
    50000000
    50000000
    50000000
    50000000
    50000000
           0
          96
    50000000
    50000000
    50000000
    50000000
          96
    50000000
    50000000
    50000000
    50000000
    50000000
    50000000
    50000000
    50000000
    50000000
    50000000
    50000000
    50000000
    50000000
    50000000
          24
    50000000
    50000000
    50000000
          97
    50000000
    50000000
    50000000
    50000000
    50000000
    50000000
    50000000
    50000000
    50000000
    50000000
          98
    50000000
    50000000
    50000000
           0
    50000000
    50000000
    50000000
    50000000
    50000000
    50000000
    50000000
    50000000
    50000000
    50000000
    50000000
    50000000
    50000000
    50000000
    50000000
    50000000
    50000000
    50000000
    50000000
    50000000
    50000000
    50000000
    50000000
    50000000
    50000000
    50000000
    50000000
    50000000
    50000000
    50000000
    50000000
          73
    50000000
    50000000
    50000000
    50000000
    50000000
    50000000
    50000000
           0
    50000000
    50000000
    50000000
    50000000
           1
    50000000
           1
    50000000
    50000000
    50000000
           2
    50000000
    50000000
    50000000
    50000000
    50000000
    50000000
    50000000
    50000000
    50000000
    50000000
    50000000
    50000000
    50000000
    50000000
    50000000
    50000000
    50000000
    50000000
    50000000
    50000000
    50000000
    50000000
    50000000
    50000000
    50000000
    50000000
    50000000
           3
           0
    50000000
    50000000
    50000000
    50000000
    50000000
    50000000
    50000000
    50000000
    50000000
    50000000
    50000000
    50000000
    50000000
    50000000
    50000000
    50000000
    50000000
           5
    50000000
    50000000
    50000000
    50000000
           5
    50000000
    50000000
    50000000
    50000000
    50000000
    50000000
    50000000
    50000000
    50000000
    50000000
           5
    50000000
    50000000
    50000000
           6
    50000000
           0
    50000000
    50000000
    50000000
    50000000
    50000000
    50000000
    50000000
    50000000
    50000000
    50000000
    50000000
    50000000
    50000000
    50000000
    50000000
    50000000
           7
    50000000
    50000000
    50000000
    50000000
    50000000
    50000000
    50000000
    50000000
    50000000
    50000000
    50000000
    50000000
           8
    50000000
    50000000
    50000000
    50000000
    50000000
    50000000
    50000000
    50000000
    50000000
           0
    50000000
           9
    50000000
    50000000
           9
    50000000
    50000000
    50000000
           9
    50000000
    50000000
    50000000
    50000000
    50000000
    50000000
    50000000
    50000000
    50000000
    50000000
    50000000
    50000000
    50000000
    50000000
          10
    50000000
    50000000
    50000000
    50000000
    50000000
    50000000
    50000000
    50000000
    50000000
    50000000
    50000000
    50000000
          11
    50000000
    50000000
           0
    50000000
    50000000
    50000000
    50000000
    50000000
    50000000
    50000000
    50000000
    50000000
    50000000
    50000000
    50000000
    50000000
    50000000
    50000000
          12
    50000000
    50000000
    50000000
    50000000
          65
    50000000
    50000000
    50000000
    50000000
    50000000
    50000000
    50000000
    50000000
    50000000
          13
    50000000
    50000000
    50000000
    50000000
          13
    50000000
    50000000
    50000000
           0
    50000000
    50000000
    50000000
    50000000
    50000000
    50000000
    50000000
    50000000
    50000000
    50000000
    50000000
    50000000
    50000000
    50000000
    50000000
    50000000
    50000000
    50000000
    50000000
    50000000
    50000000
    50000000
    50000000
    50000000
    50000000
    50000000
          15
    50000000
    50000000
    50000000
    50000000
    50000000
    50000000
    50000000
    50000000
    50000000
    50000000
    50000000
    50000000
           0
    50000000
    50000000
          16
    50000000
    50000000
    50000000
          17
    50000000
    50000000
    50000000
    50000000
    50000000
    50000000
    50000000
    50000000
    50000000
    50000000
    50000000
    50000000
    50000000
    50000000
          18
    50000000
    50000000
    50000000
    50000000
    50000000
    50000000
    50000000
    50000000
    50000000
    50000000
    50000000
          91
    50000000
    50000000
    50000000
    50000000
    50000000
           0
          19
    50000000
    50000000
    50000000
    50000000
    50000000
    50000000
    50000000
    50000000
    50000000
    50000000
    50000000
    50000000
          20
    50000000
    50000000
    50000000
    50000000
    50000000
    50000000
    50000000
    50000000
    50000000
    50000000
    50000000
          20
    50000000
    50000000
          21
    50000000
    50000000
    50000000
          21
    50000000
    50000000
    50000000
    50000000
    50000000
    50000000
           0
    50000000
    50000000
    50000000
    50000000
    50000000
    50000000
    50000000
    50000000
    50000000
    50000000
    50000000
    50000000
    50000000
    50000000
    50000000
    50000000
    50000000
    50000000
    50000000
    50000000
          50
    50000000
    50000000
    50000000
          23
    50000000
    50000000
    50000000
    50000000
    50000000
    50000000
    50000000
    50000000
    50000000
    50000000
    50000000
    50000000
    50000000
    50000000
           0
    50000000
    50000000
    50000000
    50000000
          24
    50000000
    50000000
    50000000
    50000000
    50000000
    50000000
    50000000
    50000000
    50000000
          25
    50000000
    50000000
    50000000
    50000000
          25
    50000000
    50000000
    50000000
    50000000
    50000000
    50000000
    50000000
    50000000
    50000000
    50000000
    50000000
    50000000
    50000000
    50000000
    50000000
    50000000
    50000000
    50000000
          26
 Fixed Cost Component, Cij N*NCust
           0
           0
           0
           0
           0
           0
           0
           0
           0
           0
           0
           0
         810
           0
           0
           0
           0
           0
           0
           0
           0
           0
           0
           0
         840
           0
           0
         840
           0
           0
           0
         840
           0
           0
           0
           0
           0
           0
           0
           0
           0
           0
           0
           0
           0
           0
           0
           0
           0
           0
           0
           0
           0
           0
           0
           0
           0
           0
           0
         900
           0
           0
           0
           0
           0
           0
           0
           0
           0
           0
           0
           0
           0
           0
           0
           0
           0
           0
         930
           0
           0
           0
         960
           0
           0
           0
           0
           0
           0
           0
           0
           0
           0
         960
           0
           0
           0
         990
           0
           0
           0
           0
           0
           0
           0
           0
           0
           0
           0
           0
           0
           0
           0
           0
           0
           0
           0
        1020
           0
           0
           0
           0
           0
           0
           0
           0
           0
           0
           0
        1050
           0
           0
           0
           0
           0
           0
           0
           0
           0
           0
           0
           0
        1080
           0
        1080
           0
           0
           0
           0
        1080
           0
           0
           0
           0
           0
           0
           0
           0
           0
           0
           0
           0
           0
           0
        1110
           0
           0
           0
           0
           0
           0
           0
           0
           0
           0
           0
        1140
           0
           0
           0
           0
           0
           0
           0
           0
           0
           0
           0
           0
           0
           0
           0
           0
           0
           0
           0
        1170
           0
           0
           0
           0
           0
           0
           0
           0
           0
           0
           0
        1200
           0
           0
        1200
           0
           0
           0
        1200
           0
           0
           0
           0
           0
           0
           0
           0
           0
           0
           0
           0
           0
           0
           0
           0
           0
           0
           0
           0
           0
           0
           0
           0
           0
           0
           0
           0
           0
           0
           0
        1260
           0
           0
           0
           0
           0
           0
           0
           0
           0
           0
           0
           0
           0
           0
        1290
           0
           0
           0
        1290
           0
           0
           0
           0
           0
           0
           0
           0
           0
           0
           0
           0
           0
           0
        1320
           0
           0
           0
           0
           0
           0
           0
           0
           0
           0
           0
           0
        2130
           0
           0
           0
           0
           0
           0
        2970
           0
           0
           0
           0
           0
           0
           0
           0
           0
           0
           0
        1410
           0
           0
           0
           0
           0
           0
           0
           0
           0
           0
           0
           0
        1410
           0
        1410
           0
           0
           0
           0
        1440
           0
           0
           0
           0
           0
           0
           0
           0
           0
           0
           0
           0
           0
           0
           0
           0
           0
           0
           0
           0
           0
           0
           0
           0
           0
           0
           0
           0
           0
           0
           0
        1500
           0
           0
           0
           0
           0
           0
           0
           0
           0
           0
           0
           0
           0
           0
        1530
           0
           0
           0
        1530
           0
           0
           0
           0
           0
           0
           0
           0
           0
           0
        1560
           0
           0
           0
        1560
           0
           0
           0
           0
           0
           0
           0
           0
           0
           0
           0
           0
           0
           0
           0
           0
           0
           0
        1590
           0
           0
           0
           0
           0
           0
           0
           0
           0
           0
           0
           0
        1620
           0
           0
           0
           0
           0
           0
           0
           0
           0
           0
           0
           0
        1650
           0
        1650
           0
           0
           0
        1650
           0
           0
           0
           0
           0
           0
           0
           0
           0
           0
           0
           0
           0
           0
        1680
           0
           0
           0
           0
           0
           0
           0
           0
           0
           0
           0
           0
        1710
           0
           0
           0
           0
           0
           0
           0
           0
           0
           0
           0
           0
           0
           0
           0
           0
           0
           0
        1740
           0
           0
           0
           0
        1770
           0
           0
           0
           0
           0
           0
           0
           0
           0
        1770
           0
           0
           0
           0
        1800
           0
           0
           0
           0
           0
           0
           0
           0
           0
           0
           0
           0
           0
           0
           0
           0
           0
           0
        1830
           0
           0
           0
           0
           0
           0
           0
           0
           0
           0
           0
           0
        1860
           0
           0
           0
           0
           0
           0
           0
           0
           0
           0
           0
        1860
           0
           0
        1890
           0
           0
           0
        1890
           0
           0
           0
           0
           0
           0
           0
           0
           0
           0
           0
           0
           0
           0
        1920
           0
           0
           0
           0
           0
           0
           0
           0
           0
           0
           0
           0
        1950
           0
           0
           0
           0
           0
           0
           0
           0
           0
           0
           0
           0
           0
           0
           0
           0
           0
           0
        1980
           0
           0
           0
           0
           0
           0
           0
           0
           0
           0
           0
           0
        2010
           0
        2010
           0
           0
           0
        2010
           0
           0
           0
           0
           0
           0
           0
           0
           0
           0
           0
           0
           0
           0
           0
           0
           0
           0
           0
           0
           0
           0
           0
           0
           0
           0
           0
           0
           0
           0
           0
        2070
           0
           0
           0
           0
           0
           0
           0
           0
           0
           0
           0
           0
           0
           0
        2100
           0
           0
           0
           0
        2100
           0
           0
           0
           0
           0
           0
           0
           0
           0
           0
           0
           0
           0
           0
        2940
           0
           0
           0
           0
           0
           0
           0
           0
           0
           0
           0
           0
           0
           0
           0
           0
           0
           0
           0
           0
           0
           0
           0
           0
           0
           0
           0
           0
           0
           0
           0
        2190
           0
           0
           0
           0
           0
           0
           0
           0
           0
           0
           0
        2220
           0
           0
        2220
           0
           0
           0
        2250
           0
           0
           0
           0
           0
           0
           0
           0
           0
           0
           0
           0
           0
           0
           0
           0
           0
           0
           0
           0
           0
           0
           0
           0
           0
           0
           0
        2280
           0
           0
           0
         870
           0
           0
           0
           0
           0
           0
           0
           0
           0
           0
           0
           0
           0
           0
        2340
           0
           0
           0
        2340
           0
           0
           0
           0
           0
           0
           0
           0
           0
           0
        2370
           0
           0
           0
        2370
           0
           0
           0
           0
           0
           0
           0
           0
           0
           0
           0
           0
           0
           0
           0
           0
           0
           0
           0
        2400
           0
           0
           0
           0
           0
           0
           0
           0
           0
           0
           0
        2430
           0
           0
           0
           0
           0
           0
           0
           0
           0
           0
           0
           0
        2460
           0
        2460
           0
           0
           0
           0
        2460
           0
           0
           0
           0
           0
           0
           0
           0
           0
           0
           0
           0
           0
           0
        2490
           0
           0
           0
           0
           0
           0
           0
           0
           0
           0
           0
        2520
           0
           0
           0
           0
           0
           0
           0
           0
           0
           0
           0
           0
           0
           0
           0
           0
           0
           0
           0
        2550
           0
           0
           0
        2550
           0
           0
           0
           0
           0
           0
           0
           0
           0
           0
        2580
           0
           0
           0
        2580
           0
           0
           0
           0
           0
           0
           0
           0
           0
           0
           0
           0
           0
           0
           0
           0
           0
           0
           0
        1830
           0
           0
           0
           0
           0
           0
           0
           0
           0
           0
           0
        2640
           0
           0
           0
           0
           0
           0
           0
           0
           0
           0
           0
           0
        2070
           0
        2670
           0
           0
           0
        2700
           0
           0
           0
           0
           0
           0
           0
           0
           0
           0
           0
           0
           0
           0
        2730
           0
           0
           0
           0
           0
           0
           0
           0
           0
           0
           0
           0
        2730
           0
           0
           0
           0
           0
           0
        2760
           0
           0
           0
           0
           0
           0
           0
           0
           0
           0
           0
        2790
           0
           0
           0
           0
           0
           0
           0
           0
           0
           0
           0
           0
        2820
           0
        2820
           0
           0
           0
           0
        2820
           0
           0
           0
           0
           0
           0
           0
           0
           0
           0
           0
           0
           0
           0
           0
           0
           0
           0
           0
           0
           0
           0
           0
           0
           0
           0
        2880
           0
           0
           0
           0
        2880
           0
           0
           0
           0
           0
           0
           0
           0
           0
           0
           0
           0
           0
           0
         720
           0
           0
           0
        2910
           0
           0
           0
           0
           0
           0
           0
           0
           0
           0
        2940
           0
           0
           0
           0
           0
           0
           0
           0
           0
           0
           0
           0
           0
           0
           0
           0
           0
           0
           0
           0
           0
           0
           0
           0
           0
           0
           0
           0
           0
           0
           0
           0
           0
           0
           0
        2190
           0
           0
           0
           0
           0
           0
           0
           0
           0
           0
           0
           0
          30
           0
          30
           0
           0
           0
          60
           0
           0
           0
           0
           0
           0
           0
           0
           0
           0
           0
           0
           0
           0
           0
           0
           0
           0
           0
           0
           0
           0
           0
           0
           0
           0
           0
          90
           0
           0
           0
           0
           0
           0
           0
           0
           0
           0
           0
           0
           0
           0
           0
           0
           0
           0
         150
           0
           0
           0
           0
         150
           0
           0
           0
           0
           0
           0
           0
           0
           0
           0
         150
           0
           0
           0
         180
           0
           0
           0
           0
           0
           0
           0
           0
           0
           0
           0
           0
           0
           0
           0
           0
           0
           0
         210
           0
           0
           0
           0
           0
           0
           0
           0
           0
           0
           0
           0
         240
           0
           0
           0
           0
           0
           0
           0
           0
           0
           0
           0
         270
           0
           0
         270
           0
           0
           0
         270
           0
           0
           0
           0
           0
           0
           0
           0
           0
           0
           0
           0
           0
           0
         300
           0
           0
           0
           0
           0
           0
           0
           0
           0
           0
           0
           0
         330
           0
           0
           0
           0
           0
           0
           0
           0
           0
           0
           0
           0
           0
           0
           0
           0
           0
           0
         360
           0
           0
           0
           0
        1950
           0
           0
           0
           0
           0
           0
           0
           0
           0
         390
           0
           0
           0
           0
         390
           0
           0
           0
           0
           0
           0
           0
           0
           0
           0
           0
           0
           0
           0
           0
           0
           0
           0
           0
           0
           0
           0
           0
           0
           0
           0
           0
           0
           0
           0
         450
           0
           0
           0
           0
           0
           0
           0
           0
           0
           0
           0
           0
           0
           0
           0
         480
           0
           0
           0
         510
           0
           0
           0
           0
           0
           0
           0
           0
           0
           0
           0
           0
           0
           0
         540
           0
           0
           0
           0
           0
           0
           0
           0
           0
           0
           0
        2730
           0
           0
           0
           0
           0
           0
         570
           0
           0
           0
           0
           0
           0
           0
           0
           0
           0
           0
           0
         600
           0
           0
           0
           0
           0
           0
           0
           0
           0
           0
           0
         600
           0
           0
         630
           0
           0
           0
         630
           0
           0
           0
           0
           0
           0
           0
           0
           0
           0
           0
           0
           0
           0
           0
           0
           0
           0
           0
           0
           0
           0
           0
           0
           0
           0
           0
        1500
           0
           0
           0
         690
           0
           0
           0
           0
           0
           0
           0
           0
           0
           0
           0
           0
           0
           0
           0
           0
           0
           0
           0
         720
           0
           0
           0
           0
           0
           0
           0
           0
           0
         750
           0
           0
           0
           0
         750
           0
           0
           0
           0
           0
           0
           0
           0
           0
           0
           0
           0
           0
           0
           0
           0
           0
           0
         780