          19
          10
           7
           9
           4
           3
          10
           2
           9
           1
           2
           3
           2
           2
           5
          10
           2
           5
           1
 1st Variable Cost Component, Aij
                   0
                   0
                   1
                   0
                   0
                   0
                   0
                   6
                   0
                   0
                   0
                   0
                  10
                   0
                   0
                   8
                   0
                  11
                   8
                   0
                   0
                   0
                   0
                  12
                   0
                   0
                   0
                   0
                   0
                   0
                   0
                   2
                   4
                   0
                   0
                  11
                   0
                   0
                   0
                   0
                   0
                   0
                   0
                   4
                   0
                   0
                   0
                   0
                   0
                   0
                   0
                   0
                   6
                   0
                   5
                   0
                   0
                   0
                   0
                   0
                   0
                   0
                   8
                   0
                   0
                   0
                   0
                   0
                   9
                   0
                   0
                   0
                   8
                  12
                   0
                   0
                   0
                   0
                   0
                   0
                   0
                   0
                   0
                   0
                   0
                  10
                   0
                   0
                   0
                   0
                   0
                   0
                   0
                   2
                   0
                   0
                  14
                   0
                   0
                   0
                  14
                   3
                   0
                   0
                   0
                  13
                   0
                  11
                   0
                   0
                   0
                   0
                   0
                   0
                   0
                   0
                   0
                   0
                   0
                   0
                   0
                   7
                   0
                   0
                   0
                   0
                   6
                   0
                   0
                   0
                   6
                   0
                   0
                   0
                   0
                   0
                   0
                   5
                   4
                   0
                   1
                   0
                   0
                   6
                   0
                   0
                   0
                   0
                   0
                   0
                   0
                   0
                   0
                   0
                   0
                   0
                   0
                   0
                   0
                   0
                   0
                   0
                   4
                   0
                   4
                   0
                   0
                   0
                   0
                   0
                   0
                   0
                   0
                   0
                   0
                   0
                   0
                   0
                   0
                   0
                   0
                   0
                   0
                   0
                  13
                   0
                   0
                   0
                   0
                   0
                   0
                   0
                   0
                   4
                   0
                   0
                   0
                   0
                   2
                   0
                   0
                   0
                   0
                   3
                  11
                   0
                   0
                   0
                   0
                   0
                   0
                   9
                   0
                  11
                   0
                   0
                   0
                   0
                   0
                   0
                   0
                   0
                   0
                   0
                   0
                   0
                   0
                   0
                   0
                   0
                   0
                   0
                   0
                   3
                   0
                   0
                   0
                   0
                  10
                  12
                   0
                   0
                   0
                   0
                   0
                   0
                   0
                   0
                   0
                   9
                   0
                   0
                   6
                   0
                   0
                   0
                   7
                   0
                   7
                   1
                   0
                   6
                   0
                   0
                   0
                   0
                   0
                   9
                   9
                   0
                   0
                   0
                   0
                   0
                   0
                  13
                   0
                  10
                   0
                   0
                   6
                   0
                  14
                   0
                   0
                   0
                   0
                   0
                   4
                   0
                   0
                   1
                   7
                   0
                   0
                   8
                   0
                   0
                   0
                   0
                   0
                   0
                   9
                   0
                   0
                   0
                   0
                   0
                  10
                   0
                   0
                   0
                   0
                   0
                   0
                   0
                   0
                   9
                   0
                   0
                   0
                  16
                  11
                   0
                  16
                   9
                  14
                   0
                  15
                  19
                   0
                  10
                   0
                  15
                   8
                   0
                   0
                   7
                   9
                   0
                   0
                   0
 2nd Variable Cost Component, Bij
                   0
            50000000
                  17
            50000000
            50000000
            50000000
            50000000
                  58
            50000000
            50000000
            50000000
            50000000
                  98
            50000000
            50000000
                  83
            50000000
                 108
                  82
                   0
            50000000
            50000000
            50000000
                 125
            50000000
            50000000
            50000000
            50000000
            50000000
            50000000
            50000000
                  25
                  40
            50000000
            50000000
                 111
            50000000
            50000000
                   0
            50000000
            50000000
            50000000
            50000000
                  46
            50000000
            50000000
            50000000
            50000000
            50000000
            50000000
            50000000
            50000000
                  59
            50000000
                  52
            50000000
            50000000
                   0
            50000000
            50000000
            50000000
            50000000
                  82
            50000000
            50000000
            50000000
            50000000
            50000000
                  89
            50000000
            50000000
            50000000
                  81
                 117
            50000000
            50000000
                   0
            50000000
            50000000
            50000000
            50000000
            50000000
            50000000
            50000000
            50000000
                 101
            50000000
            50000000
            50000000
            50000000
            50000000
            50000000
            50000000
                  20
            50000000
                   0
                 140
            50000000
            50000000
            50000000
                 142
                  35
            50000000
            50000000
            50000000
                 128
                   4
                 113
            50000000
            50000000
            50000000
            50000000
            50000000
            50000000
                   0
            50000000
            50000000
            50000000
            50000000
            50000000
            50000000
                  69
            50000000
            50000000
            50000000
            50000000
                  58
            50000000
            50000000
            50000000
                  63
            50000000
            50000000
                   0
            50000000
            50000000
            50000000
                  53
                  42
            50000000
                  13
            50000000
            50000000
                  64
            50000000
            50000000
            50000000
            50000000
            50000000
            50000000
            50000000
            50000000
                   0
            50000000
            50000000
            50000000
            50000000
            50000000
            50000000
            50000000
            50000000
            50000000
                  45
            50000000
                  48
            50000000
            50000000
            50000000
            50000000
            50000000
            50000000
                   0
            50000000
            50000000
            50000000
            50000000
            50000000
            50000000
            50000000
            50000000
            50000000
            50000000
            50000000
            50000000
                 135
            50000000
            50000000
            50000000
            50000000
            50000000
                   0
            50000000
            50000000
                  39
            50000000
            50000000
            50000000
            50000000
                  27
            50000000
            50000000
            50000000
            50000000
                  35
                 109
            50000000
            50000000
            50000000
            50000000
                   0
            50000000
                  88
            50000000
                 107
            50000000
            50000000
            50000000
            50000000
            50000000
            50000000
            50000000
            50000000
            50000000
            50000000
            50000000
            50000000
            50000000
            50000000
                   0
            50000000
            50000000
            50000000
            50000000
                  35
            50000000
            50000000
            50000000
            50000000
                 101
                 122
            50000000
            50000000
            50000000
            50000000
            50000000
            50000000
            50000000
                   0
            50000000
                  87
            50000000
            50000000
                  62
            50000000
            50000000
            50000000
                  77
            50000000
                  68
                  13
            50000000
                  60
            50000000
            50000000
            50000000
            50000000
                   0
                  89
                  93
            50000000
            50000000
            50000000
            50000000
            50000000
            50000000
                 128
            50000000
                  98
            50000000
            50000000
                  62
            50000000
                 136
            50000000
            50000000
                   0
            50000000
            50000000
                  43
            50000000
            50000000
                  19
                  69
                   4
            50000000
                  84
            50000000
            50000000
            50000000
            50000000
            50000000
            50000000
                  93
            50000000
                   0
            50000000
            50000000
            50000000
                 102
            50000000
            50000000
            50000000
            50000000
            50000000
            50000000
            50000000
            50000000
                  88
            50000000
            50000000
            50000000
                 162
                 110
                   0
                 155
                  87
                 139
            50000000
                 146
                 188
            50000000
                 101
            50000000
                 147
                  86
            50000000
            50000000
                  72
                  93
            50000000
            50000000
            50000000
 Fixed Cost Component, Cij
                   0
                   0
                 935
                   0
                   0
                   0
                   0
                3190
                   0
                   0
                   0
                   0
                5390
                   0
                   0
                4565
                   0
                5940
                4510
                   0
                   0
                   0
                   0
                6875
                   0
                   0
                   0
                   0
                   0
                   0
                   0
                1375
                2200
                   0
                   0
                6105
                   0
                   0
                   0
                   0
                   0
                   0
                   0
                2530
                   0
                   0
                   0
                   0
                   0
                   0
                   0
                   0
                3245
                   0
                2860
                   0
                   0
                   0
                   0
                   0
                   0
                   0
                4510
                   0
                   0
                   0
                   0
                   0
                4895
                   0
                   0
                   0
                4455
                6435
                   0
                   0
                   0
                   0
                   0
                   0
                   0
                   0
                   0
                   0
                   0
                5555
                   0
                   0
                   0
                   0
                   0
                   0
                   0
                1100
                   0
                   0
                7700
                   0
                   0
                   0
                7810
                1925
                   0
                   0
                   0
                7040
                 220
                6215
                   0
                   0
                   0
                   0
                   0
                   0
                   0
                   0
                   0
                   0
                   0
                   0
                   0
                3795
                   0
                   0
                   0
                   0
                3190
                   0
                   0
                   0
                3465
                   0
                   0
                   0
                   0
                   0
                   0
                2915
                2310
                   0
                 715
                   0
                   0
                3520
                   0
                   0
                   0
                   0
                   0
                   0
                   0
                   0
                   0
                   0
                   0
                   0
                   0
                   0
                   0
                   0
                   0
                   0
                2475
                   0
                2640
                   0
                   0
                   0
                   0
                   0
                   0
                   0
                   0
                   0
                   0
                   0
                   0
                   0
                   0
                   0
                   0
                   0
                   0
                   0
                7425
                   0
                   0
                   0
                   0
                   0
                   0
                   0
                   0
                2145
                   0
                   0
                   0
                   0
                1485
                   0
                   0
                   0
                   0
                1925
                5995
                   0
                   0
                   0
                   0
                   0
                   0
                4840
                   0
                5885
                   0
                   0
                   0
                   0
                   0
                   0
                   0
                   0
                   0
                   0
                   0
                   0
                   0
                   0
                   0
                   0
                   0
                   0
                   0
                1925
                   0
                   0
                   0
                   0
                5555
                6710
                   0
                   0
                   0
                   0
                   0
                   0
                   0
                   0
                   0
                4785
                   0
                   0
                3410
                   0
                   0
                   0
                4235
                   0
                3740
                 715
                   0
                3300
                   0
                   0
                   0
                   0
                   0
                4895
                5115
                   0
                   0
                   0
                   0
                   0
                   0
                7040
                   0
                5390
                   0
                   0
                3410
                   0
                7480
                   0
                   0
                   0
                   0
                   0
                2365
                   0
                   0
                1045
                3795
                 220
                   0
                4620
                   0
                   0
                   0
                   0
                   0
                   0
                5115
                   0
                   0
                   0
                   0
                   0
                5610
                   0
                   0
                   0
                   0
                   0
                   0
                   0
                   0
                4840
                   0
                   0
                   0
                8910
                6050
                   0
                8525
                4785
                7645
                   0
                8030
               10340
                   0
                5555
                   0
                8085
                4730
                   0
                   0
                3960
                5115
                   0
                   0
                   0