          19
           5
           4
           5
           3
           5
           4
           1
           5
           2
           2
           1
           2
           3
           1
           3
           1
           2
           2
 1st Variable Cost Component, Aij
                   0
                   0
                   0
                   0
                  18
                   0
                   0
                   0
                   0
                  12
                   0
                  12
                   0
                   0
                  16
                   0
                   7
                   0
                   0
                   0
                   0
                   0
                   0
                  10
                   0
                  12
                   0
                   0
                   0
                   0
                   0
                   0
                   0
                   0
                   0
                   0
                   0
                   0
                   0
                   0
                   0
                   0
                  12
                   0
                   0
                   0
                   0
                   0
                  19
                   0
                   0
                   0
                   3
                   0
                   0
                   0
                   0
                   0
                   0
                   0
                  10
                   0
                   0
                   0
                   0
                   0
                   0
                   0
                   0
                   0
                   0
                   0
                   0
                   0
                   0
                   7
                   0
                  16
                   0
                   0
                   0
                   0
                  13
                  11
                   0
                  24
                   0
                   0
                   0
                   0
                  17
                   0
                   0
                   0
                   0
                   0
                   0
                   0
                   0
                   5
                   0
                   0
                   0
                   0
                   0
                  18
                  23
                  16
                   0
                   0
                   0
                   0
                   0
                  26
                   0
                   0
                   0
                   0
                   0
                   0
                  14
                   0
                   0
                   0
                  16
                  16
                   0
                   0
                   0
                   0
                   0
                   0
                   0
                   0
                   0
                   0
                   0
                   0
                   0
                   0
                   0
                   0
                   0
                   0
                   0
                  12
                   0
                   0
                   0
                   0
                   0
                   0
                   0
                   0
                   0
                   6
                   0
                   0
                   0
                   0
                   0
                   0
                   0
                   0
                   0
                  14
                   0
                   0
                   0
                   0
                   0
                   0
                   0
                   2
                  12
                   0
                   0
                   0
                   0
                   0
                   0
                   5
                   0
                   0
                   0
                   0
                   0
                   0
                  14
                   0
                   0
                   0
                   0
                  13
                   0
                   0
                   0
                   0
                   0
                   0
                   0
                   0
                   0
                   0
                   0
                   0
                   0
                   0
                   0
                   0
                   9
                   0
                   0
                   0
                  19
                   0
                   0
                   0
                   0
                   0
                   0
                   0
                   0
                   0
                   0
                   0
                   0
                   0
                   0
                   0
                  17
                   0
                   0
                   0
                   0
                   0
                   0
                   0
                   0
                  15
                   0
                   0
                   0
                   0
                   0
                   0
                   0
                   0
                   0
                   0
                   0
                  24
                   0
                   0
                   0
                   0
                  18
                   0
                   0
                   0
                   0
                   0
                   0
                   0
                   0
                   0
                   0
                   0
                  22
                   0
                   0
                   0
                   0
                   0
                   0
                   0
                   0
                   0
                   0
                   0
                   0
                   0
                   0
                   0
                   0
                   0
                   0
                   0
                   0
                  13
                   3
                   0
                   0
                  23
                  16
                   0
                  25
                   0
                   0
                   0
                   0
                   0
                   0
                   0
                   0
                   0
                  17
                   0
                   0
                   0
                   0
                   0
                   0
                   0
                   0
                   0
                  13
                   0
                   0
                   0
                   0
                   0
                   0
                   0
                  22
                   0
                  28
                   0
                   0
                   0
                  34
                   0
                   0
                   0
                   0
                  15
                   0
                  15
                   7
                   0
                   0
                   0
 2nd Variable Cost Component, Bij
                   0
            50000000
            50000000
            50000000
                 104
            50000000
            50000000
            50000000
            50000000
                  68
            50000000
                  68
            50000000
            50000000
                  94
            50000000
                  44
            50000000
            50000000
                   0
            50000000
            50000000
            50000000
                  58
            50000000
                  71
            50000000
            50000000
            50000000
            50000000
            50000000
            50000000
            50000000
            50000000
            50000000
            50000000
            50000000
            50000000
                   0
            50000000
            50000000
            50000000
                  69
            50000000
            50000000
            50000000
            50000000
            50000000
                 109
            50000000
            50000000
            50000000
                  22
            50000000
            50000000
            50000000
            50000000
                   0
            50000000
            50000000
                  57
            50000000
            50000000
            50000000
            50000000
            50000000
            50000000
            50000000
            50000000
            50000000
            50000000
            50000000
            50000000
            50000000
            50000000
                  44
                   0
                  91
            50000000
            50000000
            50000000
            50000000
                  76
                  63
            50000000
                 140
            50000000
            50000000
            50000000
            50000000
                  97
            50000000
            50000000
            50000000
            50000000
                   0
            50000000
            50000000
            50000000
                  30
            50000000
            50000000
            50000000
            50000000
            50000000
                 104
                 135
                  93
            50000000
            50000000
            50000000
            50000000
            50000000
                 149
                   0
            50000000
            50000000
            50000000
            50000000
            50000000
                  81
            50000000
            50000000
            50000000
                  91
                  96
            50000000
            50000000
            50000000
            50000000
            50000000
            50000000
            50000000
                   0
            50000000
            50000000
            50000000
            50000000
            50000000
            50000000
            50000000
            50000000
            50000000
            50000000
            50000000
                  68
            50000000
            50000000
            50000000
            50000000
            50000000
            50000000
                   0
            50000000
            50000000
                  34
            50000000
            50000000
            50000000
            50000000
            50000000
            50000000
            50000000
            50000000
            50000000
                  82
            50000000
            50000000
            50000000
            50000000
            50000000
                   0
            50000000
                  15
                  68
            50000000
            50000000
            50000000
            50000000
            50000000
            50000000
                  33
            50000000
            50000000
            50000000
            50000000
            50000000
            50000000
                  82
            50000000
                   0
            50000000
            50000000
                  75
            50000000
            50000000
            50000000
            50000000
            50000000
            50000000
            50000000
            50000000
            50000000
            50000000
            50000000
            50000000
            50000000
            50000000
            50000000
                   0
                  54
            50000000
            50000000
            50000000
                 111
            50000000
            50000000
            50000000
            50000000
            50000000
            50000000
            50000000
            50000000
            50000000
            50000000
            50000000
            50000000
            50000000
                   0
            50000000
                 101
            50000000
            50000000
            50000000
            50000000
            50000000
            50000000
            50000000
            50000000
                  86
            50000000
            50000000
            50000000
            50000000
            50000000
            50000000
            50000000
                   0
            50000000
            50000000
            50000000
                 139
            50000000
            50000000
            50000000
            50000000
                 107
            50000000
            50000000
            50000000
            50000000
            50000000
            50000000
            50000000
            50000000
            50000000
                   0
            50000000
                 128
            50000000
            50000000
            50000000
            50000000
            50000000
            50000000
            50000000
            50000000
            50000000
            50000000
            50000000
            50000000
            50000000
            50000000
            50000000
            50000000
                   0
            50000000
            50000000
            50000000
                  77
                  22
            50000000
            50000000
                 135
                  91
            50000000
                 145
            50000000
            50000000
            50000000
            50000000
            50000000
            50000000
            50000000
                   0
            50000000
                 101
            50000000
            50000000
            50000000
            50000000
            50000000
            50000000
            50000000
            50000000
            50000000
                  74
            50000000
            50000000
            50000000
            50000000
            50000000
            50000000
                   0
                 127
            50000000
                 161
            50000000
            50000000
            50000000
                 194
            50000000
            50000000
            50000000
            50000000
                  88
            50000000
                  88
                  41
            50000000
            50000000
            50000000
 Fixed Cost Component, Cij
                   0
                   0
                   0
                   0
                1040
                   0
                   0
                   0
                   0
                 680
                   0
                 680
                   0
                   0
                 940
                   0
                 440
                   0
                   0
                   0
                   0
                   0
                   0
                 580
                   0
                 710
                   0
                   0
                   0
                   0
                   0
                   0
                   0
                   0
                   0
                   0
                   0
                   0
                   0
                   0
                   0
                   0
                 690
                   0
                   0
                   0
                   0
                   0
                1090
                   0
                   0
                   0
                 220
                   0
                   0
                   0
                   0
                   0
                   0
                   0
                 570
                   0
                   0
                   0
                   0
                   0
                   0
                   0
                   0
                   0
                   0
                   0
                   0
                   0
                   0
                 440
                   0
                 910
                   0
                   0
                   0
                   0
                 760
                 630
                   0
                1400
                   0
                   0
                   0
                   0
                 970
                   0
                   0
                   0
                   0
                   0
                   0
                   0
                   0
                 300
                   0
                   0
                   0
                   0
                   0
                1040
                1350
                 930
                   0
                   0
                   0
                   0
                   0
                1490
                   0
                   0
                   0
                   0
                   0
                   0
                 810
                   0
                   0
                   0
                 910
                 960
                   0
                   0
                   0
                   0
                   0
                   0
                   0
                   0
                   0
                   0
                   0
                   0
                   0
                   0
                   0
                   0
                   0
                   0
                   0
                 680
                   0
                   0
                   0
                   0
                   0
                   0
                   0
                   0
                   0
                 340
                   0
                   0
                   0
                   0
                   0
                   0
                   0
                   0
                   0
                 820
                   0
                   0
                   0
                   0
                   0
                   0
                   0
                 150
                 680
                   0
                   0
                   0
                   0
                   0
                   0
                 330
                   0
                   0
                   0
                   0
                   0
                   0
                 820
                   0
                   0
                   0
                   0
                 750
                   0
                   0
                   0
                   0
                   0
                   0
                   0
                   0
                   0
                   0
                   0
                   0
                   0
                   0
                   0
                   0
                 540
                   0
                   0
                   0
                1110
                   0
                   0
                   0
                   0
                   0
                   0
                   0
                   0
                   0
                   0
                   0
                   0
                   0
                   0
                   0
                1010
                   0
                   0
                   0
                   0
                   0
                   0
                   0
                   0
                 860
                   0
                   0
                   0
                   0
                   0
                   0
                   0
                   0
                   0
                   0
                   0
                1390
                   0
                   0
                   0
                   0
                1070
                   0
                   0
                   0
                   0
                   0
                   0
                   0
                   0
                   0
                   0
                   0
                1280
                   0
                   0
                   0
                   0
                   0
                   0
                   0
                   0
                   0
                   0
                   0
                   0
                   0
                   0
                   0
                   0
                   0
                   0
                   0
                   0
                 770
                 220
                   0
                   0
                1350
                 910
                   0
                1450
                   0
                   0
                   0
                   0
                   0
                   0
                   0
                   0
                   0
                1010
                   0
                   0
                   0
                   0
                   0
                   0
                   0
                   0
                   0
                 740
                   0
                   0
                   0
                   0
                   0
                   0
                   0
                1270
                   0
                1610
                   0
                   0
                   0
                1940
                   0
                   0
                   0
                   0
                 880
                   0
                 880
                 410
                   0
                   0
                   0