          19
           2
           1
           1
           3
           2
           1
           1
           3
           2
           3
           1
           4
           1
           3
           2
           4
           1
           1
 1st Variable Cost Component, Aij
                   0
                   0
                   0
                   0
                   0
                   0
                  34
                  32
                   0
                   0
                   0
                  19
                   0
                   0
                   0
                   0
                   0
                   0
                   0
                   0
                  22
                   0
                   0
                   0
                   0
                  23
                   0
                  11
                   0
                  13
                   0
                   0
                   0
                   0
                   0
                   0
                   0
                   0
                   0
                   0
                   0
                   0
                   0
                  31
                   0
                   0
                   0
                   0
                   0
                   0
                   0
                   0
                   0
                   0
                  13
                   0
                   0
                   0
                   0
                   0
                   0
                   0
                  15
                  17
                   0
                   7
                   0
                   6
                   0
                   9
                   0
                   0
                   0
                   0
                   0
                   0
                   0
                   0
                   7
                   0
                   0
                   0
                   0
                   0
                   0
                   0
                   0
                   0
                  31
                   0
                   0
                   0
                   0
                   0
                   0
                   0
                   0
                   0
                   0
                   0
                   0
                   0
                   0
                   0
                   0
                   0
                  26
                   0
                   0
                   0
                   0
                   0
                   0
                   0
                   0
                   0
                   0
                  21
                   0
                   0
                   0
                   0
                   0
                   0
                   0
                   0
                   0
                  23
                   0
                   0
                   0
                   0
                   0
                   0
                   0
                  24
                   0
                  23
                   0
                  20
                   0
                   0
                   0
                   0
                   0
                   0
                  27
                   0
                   0
                   0
                  13
                   0
                   0
                   0
                   0
                   0
                   0
                   0
                   8
                   0
                  24
                   0
                   0
                   0
                   0
                   0
                   0
                   0
                  21
                   0
                   0
                   0
                   0
                   0
                  33
                   0
                   0
                   0
                   0
                   0
                   0
                   0
                   0
                  18
                   0
                   0
                   0
                   0
                   0
                   0
                   0
                  25
                   0
                   0
                   0
                   9
                   0
                   0
                   0
                   0
                   0
                   0
                   0
                   0
                   0
                   0
                   0
                   0
                   0
                   0
                   0
                   0
                   0
                   0
                   7
                   0
                   0
                   0
                   0
                   0
                   0
                   0
                   0
                   0
                   0
                  33
                   0
                   0
                   0
                  22
                   0
                   0
                   0
                   0
                  12
                   3
                   0
                   0
                  18
                   0
                   0
                   0
                  13
                   0
                   0
                  13
                  22
                   0
                   0
                   0
                   0
                  13
                   0
                   0
                   0
                   0
                   0
                   0
                   0
                   0
                   0
                   0
                   0
                   0
                   0
                   0
                   0
                   0
                   0
                   0
                   0
                   0
                   0
                   0
                  19
                   0
                   0
                  22
                   0
                   0
                   0
                   0
                   0
                   0
                   0
                   0
                   0
                   0
                   0
                   0
                   2
                   0
                   0
                  26
                   0
                   0
                  24
                   0
                  32
                   0
                   0
                   0
                   0
                   0
                   0
                   0
                   0
                   0
                   0
                  19
                   0
                   0
                   0
                  17
                   0
                   0
                   0
                  25
                   0
                  13
                   0
                   0
                  32
                   0
                   0
                   0
                   0
                   0
                   0
                   0
                   0
                   0
                   0
                   0
                  18
                   0
                   0
                   0
                   0
                   0
                  30
                  23
 2nd Variable Cost Component, Bij
                   0
            50000000
            50000000
            50000000
            50000000
            50000000
                 136
                 131
            50000000
            50000000
            50000000
                  78
            50000000
            50000000
            50000000
            50000000
            50000000
            50000000
            50000000
                   0
                  88
            50000000
            50000000
            50000000
            50000000
                  94
            50000000
                  47
            50000000
                  54
            50000000
            50000000
            50000000
            50000000
            50000000
            50000000
            50000000
            50000000
                   0
            50000000
            50000000
            50000000
            50000000
                 126
            50000000
            50000000
            50000000
            50000000
            50000000
            50000000
            50000000
            50000000
            50000000
            50000000
                  54
            50000000
            50000000
                   0
            50000000
            50000000
            50000000
            50000000
                  60
                  69
            50000000
                  30
            50000000
                  25
            50000000
                  39
            50000000
            50000000
            50000000
            50000000
            50000000
            50000000
                   0
            50000000
                  30
            50000000
            50000000
            50000000
            50000000
            50000000
            50000000
            50000000
            50000000
            50000000
                 124
            50000000
            50000000
            50000000
            50000000
            50000000
            50000000
                   0
            50000000
            50000000
            50000000
            50000000
            50000000
            50000000
            50000000
            50000000
            50000000
            50000000
                 104
            50000000
            50000000
            50000000
            50000000
            50000000
            50000000
            50000000
                   0
            50000000
            50000000
                  85
            50000000
            50000000
            50000000
            50000000
            50000000
            50000000
            50000000
            50000000
            50000000
                  94
            50000000
            50000000
            50000000
            50000000
            50000000
                   0
            50000000
                  98
            50000000
                  93
            50000000
                  82
            50000000
            50000000
            50000000
            50000000
            50000000
            50000000
                 110
            50000000
            50000000
            50000000
                  53
            50000000
                   0
            50000000
            50000000
            50000000
            50000000
            50000000
                  34
            50000000
                  99
            50000000
            50000000
            50000000
            50000000
            50000000
            50000000
            50000000
                  85
            50000000
            50000000
                   0
            50000000
            50000000
                 134
            50000000
            50000000
            50000000
            50000000
            50000000
            50000000
            50000000
            50000000
                  74
            50000000
            50000000
            50000000
            50000000
            50000000
            50000000
                   0
                 103
            50000000
            50000000
            50000000
                  38
            50000000
            50000000
            50000000
            50000000
            50000000
            50000000
            50000000
            50000000
            50000000
            50000000
            50000000
            50000000
            50000000
                   0
            50000000
            50000000
            50000000
            50000000
                  28
            50000000
            50000000
            50000000
            50000000
            50000000
            50000000
            50000000
            50000000
            50000000
            50000000
                 134
            50000000
            50000000
                   0
                  90
            50000000
            50000000
            50000000
            50000000
                  48
                  12
            50000000
            50000000
                  72
            50000000
            50000000
            50000000
                  52
            50000000
            50000000
                  54
                  90
                   0
            50000000
            50000000
            50000000
                  54
            50000000
            50000000
            50000000
            50000000
            50000000
            50000000
            50000000
            50000000
            50000000
            50000000
            50000000
            50000000
            50000000
            50000000
                   0
            50000000
            50000000
            50000000
            50000000
            50000000
            50000000
            50000000
                  77
            50000000
            50000000
                  91
            50000000
            50000000
            50000000
            50000000
            50000000
            50000000
            50000000
                   0
            50000000
            50000000
            50000000
            50000000
                  11
            50000000
            50000000
                 104
            50000000
            50000000
                  99
            50000000
                 131
            50000000
            50000000
            50000000
            50000000
            50000000
                   0
            50000000
            50000000
            50000000
            50000000
                  77
            50000000
            50000000
            50000000
                  71
            50000000
            50000000
            50000000
                 102
            50000000
                  54
            50000000
            50000000
                 130
                   0
            50000000
            50000000
            50000000
            50000000
            50000000
            50000000
            50000000
            50000000
            50000000
            50000000
                  75
            50000000
            50000000
            50000000
            50000000
            50000000
                 120
                  95
 Fixed Cost Component, Cij
                   0
                   0
                   0
                   0
                   0
                   0
                1360
                1310
                   0
                   0
                   0
                 780
                   0
                   0
                   0
                   0
                   0
                   0
                   0
                   0
                 880
                   0
                   0
                   0
                   0
                 940
                   0
                 470
                   0
                 540
                   0
                   0
                   0
                   0
                   0
                   0
                   0
                   0
                   0
                   0
                   0
                   0
                   0
                1260
                   0
                   0
                   0
                   0
                   0
                   0
                   0
                   0
                   0
                   0
                 540
                   0
                   0
                   0
                   0
                   0
                   0
                   0
                 600
                 690
                   0
                 300
                   0
                 250
                   0
                 390
                   0
                   0
                   0
                   0
                   0
                   0
                   0
                   0
                 300
                   0
                   0
                   0
                   0
                   0
                   0
                   0
                   0
                   0
                1240
                   0
                   0
                   0
                   0
                   0
                   0
                   0
                   0
                   0
                   0
                   0
                   0
                   0
                   0
                   0
                   0
                   0
                1040
                   0
                   0
                   0
                   0
                   0
                   0
                   0
                   0
                   0
                   0
                 850
                   0
                   0
                   0
                   0
                   0
                   0
                   0
                   0
                   0
                 940
                   0
                   0
                   0
                   0
                   0
                   0
                   0
                 980
                   0
                 930
                   0
                 820
                   0
                   0
                   0
                   0
                   0
                   0
                1100
                   0
                   0
                   0
                 530
                   0
                   0
                   0
                   0
                   0
                   0
                   0
                 340
                   0
                 990
                   0
                   0
                   0
                   0
                   0
                   0
                   0
                 850
                   0
                   0
                   0
                   0
                   0
                1340
                   0
                   0
                   0
                   0
                   0
                   0
                   0
                   0
                 740
                   0
                   0
                   0
                   0
                   0
                   0
                   0
                1030
                   0
                   0
                   0
                 380
                   0
                   0
                   0
                   0
                   0
                   0
                   0
                   0
                   0
                   0
                   0
                   0
                   0
                   0
                   0
                   0
                   0
                   0
                 280
                   0
                   0
                   0
                   0
                   0
                   0
                   0
                   0
                   0
                   0
                1340
                   0
                   0
                   0
                 900
                   0
                   0
                   0
                   0
                 480
                 120
                   0
                   0
                 720
                   0
                   0
                   0
                 520
                   0
                   0
                 540
                 900
                   0
                   0
                   0
                   0
                 540
                   0
                   0
                   0
                   0
                   0
                   0
                   0
                   0
                   0
                   0
                   0
                   0
                   0
                   0
                   0
                   0
                   0
                   0
                   0
                   0
                   0
                   0
                 770
                   0
                   0
                 910
                   0
                   0
                   0
                   0
                   0
                   0
                   0
                   0
                   0
                   0
                   0
                   0
                 110
                   0
                   0
                1040
                   0
                   0
                 990
                   0
                1310
                   0
                   0
                   0
                   0
                   0
                   0
                   0
                   0
                   0
                   0
                 770
                   0
                   0
                   0
                 710
                   0
                   0
                   0
                1020
                   0
                 540
                   0
                   0
                1300
                   0
                   0
                   0
                   0
                   0
                   0
                   0
                   0
                   0
                   0
                   0
                 750
                   0
                   0
                   0
                   0
                   0
                1200
                 950