
           3
           1
           3
           1
           5
           1
           4
           1
           3
           2
           2
           5
           1
           3
           1
           1
           2
           2
 1st Variable Cost Component, Aij
                   0
                   0
                   0
                   0
                   0
                   0
                   0
                   0
                   0
                   0
                   0
                   4
                   0
                   0
                   0
                  25
                   3
                   0
                   0
                   0
                   0
                   0
                   0
                   0
                   0
                   0
                   0
                   0
                   0
                   0
                   0
                   0
                   0
                   0
                   0
                   0
                   0
                   0
                   0
                  15
                   0
                   0
                   0
                   0
                   0
                   0
                   0
                   0
                   0
                   0
                   0
                   0
                   0
                   0
                   0
                   0
                   0
                   0
                   0
                   0
                   0
                   0
                   0
                   7
                   0
                   0
                   0
                   0
                   0
                   0
                   0
                   0
                   9
                   0
                   0
                   0
                   0
                   0
                   0
                   0
                   0
                  12
                   0
                   5
                  10
                  20
                   0
                   0
                   0
                   0
                   0
                   0
                   8
                   0
                   0
                   0
                   0
                   0
                   0
                   0
                   0
                   0
                   0
                   0
                   0
                   0
                   0
                   0
                   0
                   0
                   0
                   0
                   0
                   2
                   0
                   0
                  15
                   0
                   0
                   0
                  13
                   0
                   0
                   0
                   0
                   0
                   0
                   3
                   0
                   9
                   4
                   0
                   2
                   0
                   0
                   0
                   0
                   0
                   0
                  19
                   0
                  12
                  12
                   0
                   0
                   0
                   0
                   0
                   0
                   0
                   0
                   0
                   0
                  23
                   0
                   0
                   0
                   0
                  11
                   0
                   0
                   0
                   0
                   0
                   0
                   0
                   0
                   0
                   0
                   0
                   0
                   0
                   0
                   0
                  15
                  30
                  33
                   0
                   5
                  16
                   0
                   0
                   0
                   0
                   0
                   0
                   0
                   0
                   0
                  16
                   0
                   0
                   0
                   0
                   0
                   0
                   0
                  15
                   4
                   0
                  15
                   0
                   0
                   0
                   0
                   0
                   0
                   0
                   0
                   0
                   0
                   0
                  26
                  22
                   0
                   9
                   0
                   0
                   0
                   0
                   0
                   0
                   0
                  13
                   0
                   0
                   0
                   0
                   0
                  16
                   0
                   0
                   0
                   0
                   0
                   0
                   0
                   0
                   0
                  15
                   0
                  19
                   0
                  30
                   0
                   0
                   0
                   0
                   2
                   0
                   0
                   0
                  30
                   0
                   0
                   0
                   0
                   0
                   0
                   0
                   0
                   0
                  27
                  26
                   0
                   0
                   0
                  17
                   0
                  17
                   0
                   0
                   0
                   0
                  16
                   0
                   9
                   0
                  21
                   0
                   0
                  22
                   0
                  18
                   0
                   0
                   0
                   0
                   0
                   0
                   0
                   0
                   8
                   0
                   0
                  12
                   0
                   0
                   0
                   0
                   0
                   0
                   0
                   0
                   0
                   0
                   0
                   0
                   0
                   0
                   0
                   0
                   0
                   0
                   0
                   0
                   0
                   0
                   0
                  14
                   0
                   0
                   0
                   0
                   0
                   0
                  22
                   0
                   0
                   0
                   0
                   0
                   0
                   0
                   0
                  20
                   0
                   0
                  30
                   0
                   0
                  20
 2nd Variable Cost Component, Bij
                   0
            50000000
            50000000
            50000000
            50000000
            50000000
            50000000
            50000000
            50000000
            50000000
            50000000
                  20
            50000000
            50000000
            50000000
                 118
                  17
            50000000
            50000000
                   0
            50000000
            50000000
            50000000
            50000000
            50000000
            50000000
            50000000
            50000000
            50000000
            50000000
            50000000
            50000000
            50000000
            50000000
            50000000
            50000000
            50000000
            50000000
                   0
                  72
            50000000
            50000000
            50000000
            50000000
            50000000
            50000000
            50000000
            50000000
            50000000
            50000000
            50000000
            50000000
            50000000
            50000000
            50000000
            50000000
            50000000
                   0
            50000000
            50000000
            50000000
            50000000
            50000000
                  32
            50000000
            50000000
            50000000
            50000000
            50000000
            50000000
            50000000
            50000000
                  43
            50000000
            50000000
            50000000
                   0
            50000000
            50000000
            50000000
            50000000
                  55
            50000000
                  27
                  47
                  95
            50000000
            50000000
            50000000
            50000000
            50000000
            50000000
                  39
            50000000
            50000000
                   0
            50000000
            50000000
            50000000
            50000000
            50000000
            50000000
            50000000
            50000000
            50000000
            50000000
            50000000
            50000000
            50000000
            50000000
            50000000
            50000000
            50000000
                  12
                   0
            50000000
                  71
            50000000
            50000000
            50000000
                  63
            50000000
            50000000
            50000000
            50000000
            50000000
            50000000
                  15
            50000000
                  43
                  21
            50000000
                  11
                   0
            50000000
            50000000
            50000000
            50000000
            50000000
                  88
            50000000
                  56
                  59
            50000000
            50000000
            50000000
            50000000
            50000000
            50000000
            50000000
            50000000
            50000000
                   0
                 107
            50000000
            50000000
            50000000
            50000000
                  54
            50000000
            50000000
            50000000
            50000000
            50000000
            50000000
            50000000
            50000000
            50000000
            50000000
            50000000
            50000000
                   0
            50000000
            50000000
                  72
                 141
                 151
            50000000
                  24
                  73
            50000000
            50000000
            50000000
            50000000
            50000000
            50000000
            50000000
            50000000
            50000000
                  77
                   0
            50000000
            50000000
            50000000
            50000000
            50000000
            50000000
                  72
                  20
            50000000
                  71
            50000000
            50000000
            50000000
            50000000
            50000000
            50000000
            50000000
            50000000
                   0
            50000000
            50000000
                 121
                 103
            50000000
                  43
            50000000
            50000000
            50000000
            50000000
            50000000
            50000000
            50000000
                  60
            50000000
            50000000
            50000000
            50000000
                   0
                  75
            50000000
            50000000
            50000000
            50000000
            50000000
            50000000
            50000000
            50000000
            50000000
                  69
            50000000
                  88
            50000000
                 141
            50000000
            50000000
            50000000
                   0
                  13
            50000000
            50000000
            50000000
                 141
            50000000
            50000000
            50000000
            50000000
            50000000
            50000000
            50000000
            50000000
            50000000
                 126
                 121
            50000000
            50000000
                   0
                  80
            50000000
                  79
            50000000
            50000000
            50000000
            50000000
                  76
            50000000
                  45
            50000000
                  96
            50000000
            50000000
                 103
            50000000
                  83
            50000000
                   0
            50000000
            50000000
            50000000
            50000000
            50000000
            50000000
                  38
            50000000
            50000000
                  59
            50000000
            50000000
            50000000
            50000000
            50000000
            50000000
            50000000
            50000000
                   0
            50000000
            50000000
            50000000
            50000000
            50000000
            50000000
            50000000
            50000000
            50000000
            50000000
            50000000
            50000000
            50000000
            50000000
                  68
            50000000
            50000000
            50000000
                   0
            50000000
            50000000
                 103
            50000000
            50000000
            50000000
            50000000
            50000000
            50000000
            50000000
            50000000
                  93
            50000000
            50000000
                 140
            50000000
            50000000
                  93
 Fixed Cost Component, Cij
                   0
                   0
                   0
                   0
                   0
                   0
                   0
                   0
                   0
                   0
                   0
                6000
                   0
                   0
                   0
               35400
                5100
                   0
                   0
                   0
                   0
                   0
                   0
                   0
                   0
                   0
                   0
                   0
                   0
                   0
                   0
                   0
                   0
                   0
                   0
                   0
                   0
                   0
                   0
               21600
                   0
                   0
                   0
                   0
                   0
                   0
                   0
                   0
                   0
                   0
                   0
                   0
                   0
                   0
                   0
                   0
                   0
                   0
                   0
                   0
                   0
                   0
                   0
                9600
                   0
                   0
                   0
                   0
                   0
                   0
                   0
                   0
               12900
                   0
                   0
                   0
                   0
                   0
                   0
                   0
                   0
               16500
                   0
                8100
               14100
               28500
                   0
                   0
                   0
                   0
                   0
                   0
               11700
                   0
                   0
                   0
                   0
                   0
                   0
                   0
                   0
                   0
                   0
                   0
                   0
                   0
                   0
                   0
                   0
                   0
                   0
                   0
                   0
                3600
                   0
                   0
               21300
                   0
                   0
                   0
               18900
                   0
                   0
                   0
                   0
                   0
                   0
                4500
                   0
               12900
                6300
                   0
                3300
                   0
                   0
                   0
                   0
                   0
                   0
               26400
                   0
               16800
               17700
                   0
                   0
                   0
                   0
                   0
                   0
                   0
                   0
                   0
                   0
               32100
                   0
                   0
                   0
                   0
               16200
                   0
                   0
                   0
                   0
                   0
                   0
                   0
                   0
                   0
                   0
                   0
                   0
                   0
                   0
                   0
               21600
               42300
               45300
                   0
                7200
               21900
                   0
                   0
                   0
                   0
                   0
                   0
                   0
                   0
                   0
               23100
                   0
                   0
                   0
                   0
                   0
                   0
                   0
               21600
                6000
                   0
               21300
                   0
                   0
                   0
                   0
                   0
                   0
                   0
                   0
                   0
                   0
                   0
               36300
               30900
                   0
               12900
                   0
                   0
                   0
                   0
                   0
                   0
                   0
               18000
                   0
                   0
                   0
                   0
                   0
               22500
                   0
                   0
                   0
                   0
                   0
                   0
                   0
                   0
                   0
               20700
                   0
               26400
                   0
               42300
                   0
                   0
                   0
                   0
                3900
                   0
                   0
                   0
               42300
                   0
                   0
                   0
                   0
                   0
                   0
                   0
                   0
                   0
               37800
               36300
                   0
                   0
                   0
               24000
                   0
               23700
                   0
                   0
                   0
                   0
               22800
                   0
               13500
                   0
               28800
                   0
                   0
               30900
                   0
               24900
                   0
                   0
                   0
                   0
                   0
                   0
                   0
                   0
               11400
                   0
                   0
               17700
                   0
                   0
                   0
                   0
                   0
                   0
                   0
                   0
                   0
                   0
                   0
                   0
                   0
                   0
                   0
                   0
                   0
                   0
                   0
                   0
                   0
                   0
                   0
               20400
                   0
                   0
                   0
                   0
                   0
                   0
               30900
                   0
                   0
                   0
                   0
                   0
                   0
                   0
                   0
               27900
                   0
                   0
               42000
                   0
                   0
               27900