          19
           6
           2
           1
           9
           8
           3
           2
           5
           8
           1
           9
           4
           6
           3
           5
           2
           7
           8
 1st Variable Cost Component, Aij
                   0
                   0
                   0
                   0
                   0
                   0
                   0
                   5
                   0
                   0
                   0
                   0
                   0
                   9
                   0
                   0
                   0
                   0
                   0
                   0
                   0
                   0
                   0
                   0
                   0
                   0
                   0
                   0
                   0
                   0
                   0
                   0
                   0
                   0
                   4
                   0
                   0
                   0
                   0
                   0
                   0
                   0
                   0
                   0
                   5
                   3
                   4
                   9
                   0
                   0
                   0
                  15
                   0
                   0
                   0
                   0
                   0
                   0
                   0
                   0
                   0
                   0
                   0
                   0
                   6
                   0
                   0
                   5
                   0
                   0
                   4
                   3
                   6
                   0
                   0
                   0
                   0
                   0
                   0
                   0
                   0
                   0
                   0
                   0
                   0
                   0
                   0
                  12
                   0
                   0
                   0
                   0
                   0
                   9
                   0
                   0
                   0
                   0
                   6
                   0
                   0
                   9
                   0
                   0
                   0
                   0
                   0
                   0
                   0
                   0
                   0
                   0
                   0
                   0
                   0
                   0
                   0
                   0
                   0
                   0
                   5
                   0
                   0
                   9
                   0
                   0
                   0
                   0
                   0
                   0
                   0
                   0
                   0
                   0
                   0
                   0
                   4
                   0
                   0
                   0
                  13
                   0
                   0
                   7
                   0
                   0
                   0
                   0
                   8
                   6
                   0
                   0
                   0
                   0
                   0
                   0
                   6
                   0
                   0
                   0
                   0
                   0
                   0
                   0
                   0
                   0
                   0
                   0
                   0
                   0
                   0
                   0
                   0
                   0
                  10
                   0
                   0
                   0
                   0
                   9
                   0
                   0
                   0
                   0
                   0
                   4
                   0
                   0
                   0
                   4
                   0
                   0
                   0
                   0
                   0
                   0
                   0
                   0
                   8
                   0
                   0
                   0
                   0
                   0
                   0
                   0
                   0
                   0
                   0
                   0
                   0
                   0
                   4
                   7
                   0
                   4
                   0
                   2
                   0
                   1
                   0
                   0
                   0
                   0
                   0
                   0
                   0
                   0
                   0
                   0
                   0
                   0
                   6
                   0
                   9
                   0
                   0
                   0
                  10
                   0
                   4
                   0
                   0
                   0
                   0
                   0
                   0
                   0
                   0
                  10
                   0
                   0
                   0
                   0
                   0
                   0
                   0
                   0
                   0
                   0
                   0
                   0
                   0
                   4
                   0
                   0
                   0
                   0
                   0
                   0
                   0
                   0
                   0
                   0
                  12
                   0
                   0
                   0
                   0
                   0
                   0
                   0
                   0
                  10
                   0
                   0
                   0
                   0
                   0
                   4
                   0
                   4
                   0
                   0
                   0
                  10
                   0
                   0
                   6
                   0
                   6
                   2
                   0
                   0
                   0
                   0
                   0
                   0
                  10
                   3
                   0
                   0
                   0
                   7
                   0
                   9
                   5
                   0
                   0
                   0
                   0
                   4
                   7
                   0
                   0
                   0
                   0
                   0
                  14
                   0
                  12
                  13
                   0
                   0
                  13
                   0
                   7
                   0
                   0
                   0
                   0
                   7
 2nd Variable Cost Component, Bij
                   0
            50000000
            50000000
            50000000
            50000000
            50000000
            50000000
                  50
            50000000
            50000000
            50000000
            50000000
            50000000
                  98
            50000000
            50000000
            50000000
            50000000
            50000000
                   0
            50000000
            50000000
            50000000
            50000000
            50000000
            50000000
            50000000
            50000000
            50000000
            50000000
            50000000
            50000000
            50000000
            50000000
                  49
            50000000
            50000000
            50000000
                   0
            50000000
            50000000
            50000000
            50000000
            50000000
                  50
                  34
                  48
                  95
            50000000
            50000000
            50000000
                 149
            50000000
            50000000
            50000000
            50000000
            50000000
                   0
            50000000
            50000000
            50000000
            50000000
            50000000
            50000000
                  63
            50000000
            50000000
                  55
            50000000
            50000000
                  49
                  31
                  61
            50000000
            50000000
            50000000
                   0
            50000000
            50000000
            50000000
            50000000
            50000000
            50000000
            50000000
            50000000
            50000000
            50000000
                 123
            50000000
            50000000
            50000000
            50000000
            50000000
                  96
            50000000
                   0
            50000000
            50000000
                  66
            50000000
            50000000
                  96
            50000000
            50000000
            50000000
            50000000
            50000000
            50000000
            50000000
            50000000
            50000000
            50000000
            50000000
            50000000
                   0
            50000000
            50000000
            50000000
            50000000
            50000000
                  56
            50000000
            50000000
                  91
            50000000
            50000000
            50000000
            50000000
            50000000
            50000000
            50000000
            50000000
            50000000
                   0
            50000000
            50000000
                  48
            50000000
            50000000
            50000000
                 136
            50000000
            50000000
                  72
            50000000
            50000000
            50000000
            50000000
                  80
                  66
            50000000
            50000000
                   0
            50000000
            50000000
            50000000
                  66
            50000000
            50000000
            50000000
            50000000
            50000000
            50000000
            50000000
            50000000
            50000000
            50000000
            50000000
            50000000
            50000000
            50000000
                   0
            50000000
            50000000
                 106
            50000000
            50000000
            50000000
            50000000
                  94
            50000000
            50000000
            50000000
            50000000
            50000000
                  46
            50000000
            50000000
            50000000
                  42
                   0
            50000000
            50000000
            50000000
            50000000
            50000000
            50000000
            50000000
                  80
            50000000
            50000000
            50000000
            50000000
            50000000
            50000000
            50000000
            50000000
            50000000
            50000000
                   0
            50000000
            50000000
                  46
                  70
            50000000
                  46
            50000000
                  21
            50000000
                  12
            50000000
            50000000
            50000000
            50000000
            50000000
            50000000
            50000000
            50000000
                   0
            50000000
            50000000
            50000000
                  61
            50000000
                  98
            50000000
            50000000
            50000000
                 104
            50000000
                  40
            50000000
            50000000
            50000000
            50000000
            50000000
            50000000
                   0
            50000000
                 106
            50000000
            50000000
            50000000
            50000000
            50000000
            50000000
            50000000
            50000000
            50000000
            50000000
            50000000
            50000000
            50000000
                  46
            50000000
            50000000
                   0
            50000000
            50000000
            50000000
            50000000
            50000000
            50000000
            50000000
                 123
            50000000
            50000000
            50000000
            50000000
            50000000
            50000000
            50000000
            50000000
                 106
            50000000
                   0
            50000000
            50000000
            50000000
                  49
            50000000
                  49
            50000000
            50000000
            50000000
                 108
            50000000
            50000000
                  61
            50000000
                  61
                  21
            50000000
            50000000
                   0
            50000000
            50000000
            50000000
                 107
                  31
            50000000
            50000000
            50000000
                  72
            50000000
                  94
                  59
            50000000
            50000000
            50000000
            50000000
                  42
                  74
                   0
            50000000
            50000000
            50000000
            50000000
                 141
            50000000
                 122
                 130
            50000000
            50000000
                 131
            50000000
                  74
            50000000
            50000000
            50000000
            50000000
                  72
 Fixed Cost Component, Cij
                   0
                   0
                   0
                   0
                   0
                   0
                   0
                 137
                   0
                   0
                   0
                   0
                   0
                 269
                   0
                   0
                   0
                   0
                   0
                   0
                   0
                   0
                   0
                   0
                   0
                   0
                   0
                   0
                   0
                   0
                   0
                   0
                   0
                   0
                 134
                   0
                   0
                   0
                   0
                   0
                   0
                   0
                   0
                   0
                 137
                  93
                 132
                 261
                   0
                   0
                   0
                 409
                   0
                   0
                   0
                   0
                   0
                   0
                   0
                   0
                   0
                   0
                   0
                   0
                 173
                   0
                   0
                 151
                   0
                   0
                 134
                  85
                 167
                   0
                   0
                   0
                   0
                   0
                   0
                   0
                   0
                   0
                   0
                   0
                   0
                   0
                   0
                 338
                   0
                   0
                   0
                   0
                   0
                 264
                   0
                   0
                   0
                   0
                 181
                   0
                   0
                 264
                   0
                   0
                   0
                   0
                   0
                   0
                   0
                   0
                   0
                   0
                   0
                   0
                   0
                   0
                   0
                   0
                   0
                   0
                 154
                   0
                   0
                 250
                   0
                   0
                   0
                   0
                   0
                   0
                   0
                   0
                   0
                   0
                   0
                   0
                 132
                   0
                   0
                   0
                 374
                   0
                   0
                 198
                   0
                   0
                   0
                   0
                 220
                 181
                   0
                   0
                   0
                   0
                   0
                   0
                 181
                   0
                   0
                   0
                   0
                   0
                   0
                   0
                   0
                   0
                   0
                   0
                   0
                   0
                   0
                   0
                   0
                   0
                 291
                   0
                   0
                   0
                   0
                 258
                   0
                   0
                   0
                   0
                   0
                 126
                   0
                   0
                   0
                 115
                   0
                   0
                   0
                   0
                   0
                   0
                   0
                   0
                 220
                   0
                   0
                   0
                   0
                   0
                   0
                   0
                   0
                   0
                   0
                   0
                   0
                   0
                 126
                 192
                   0
                 126
                   0
                  57
                   0
                  33
                   0
                   0
                   0
                   0
                   0
                   0
                   0
                   0
                   0
                   0
                   0
                   0
                 167
                   0
                 269
                   0
                   0
                   0
                 286
                   0
                 110
                   0
                   0
                   0
                   0
                   0
                   0
                   0
                   0
                 291
                   0
                   0
                   0
                   0
                   0
                   0
                   0
                   0
                   0
                   0
                   0
                   0
                   0
                 126
                   0
                   0
                   0
                   0
                   0
                   0
                   0
                   0
                   0
                   0
                 338
                   0
                   0
                   0
                   0
                   0
                   0
                   0
                   0
                 291
                   0
                   0
                   0
                   0
                   0
                 134
                   0
                 134
                   0
                   0
                   0
                 297
                   0
                   0
                 167
                   0
                 167
                  57
                   0
                   0
                   0
                   0
                   0
                   0
                 294
                  85
                   0
                   0
                   0
                 198
                   0
                 258
                 162
                   0
                   0
                   0
                   0
                 115
                 203
                   0
                   0
                   0
                   0
                   0
                 387
                   0
                 335
                 357
                   0
                   0
                 360
                   0
                 203
                   0
                   0
                   0
                   0
                 198