          19
           6
           7
           4
           1
           8
           3
           4
           1
           9
           9
           4
           4
           9
           5
           5
           8
           9
           8
 1st Variable Cost Component, Aij
                   0
                   0
                   8
                   0
                   0
                   0
                   0
                   0
                   0
                   0
                   0
                   0
                   0
                   0
                   0
                   0
                   0
                   9
                   0
                   0
                   0
                   0
                   0
                   0
                   0
                   2
                   0
                   4
                   0
                   0
                   0
                   0
                   0
                   0
                   4
                   4
                   8
                   0
                   0
                  10
                   0
                  10
                   7
                   0
                   9
                   0
                   9
                   0
                   0
                   0
                   0
                   0
                   4
                   0
                   0
                   0
                   0
                   0
                   0
                   8
                   0
                   6
                   0
                   0
                   0
                   0
                   0
                   5
                   0
                   0
                   6
                   0
                   0
                   0
                   0
                   0
                   0
                   0
                   0
                   0
                   0
                   0
                   0
                   0
                   6
                   2
                   0
                   0
                   1
                   0
                   5
                   0
                  10
                   0
                   0
                   0
                   0
                   0
                   0
                   0
                   0
                   9
                   0
                   0
                   0
                   0
                   0
                  13
                   0
                   0
                   7
                   0
                   0
                   0
                   0
                   8
                   0
                   6
                   0
                   0
                   6
                   0
                   0
                   0
                   0
                   0
                   0
                   2
                   0
                   0
                   3
                   0
                   0
                   0
                   0
                   0
                   0
                   0
                   0
                   0
                   0
                   0
                   0
                   0
                   0
                   0
                   0
                   0
                   0
                   0
                   0
                   0
                   0
                   0
                   5
                   0
                   0
                   0
                   0
                   0
                   0
                   0
                   0
                   0
                   0
                   0
                   0
                   0
                   0
                   0
                   6
                   0
                   0
                   1
                   0
                   0
                   0
                   0
                   0
                   0
                   0
                   0
                   0
                   0
                   0
                   0
                   0
                   0
                   0
                   0
                   0
                   0
                   0
                   3
                   0
                   0
                   0
                   0
                   6
                   0
                   0
                   0
                   0
                   0
                   0
                   0
                   0
                   0
                   0
                   0
                   0
                   0
                   0
                   7
                   0
                   0
                   0
                   0
                   0
                   0
                   0
                   0
                   6
                   0
                   0
                   0
                   0
                   0
                   0
                   0
                   0
                   0
                   0
                   0
                   0
                   0
                   0
                   0
                   2
                   0
                   0
                   0
                   0
                   4
                   0
                   0
                   4
                   0
                   0
                   0
                   0
                   9
                   0
                   0
                   0
                   0
                   0
                   0
                   0
                   0
                   0
                   0
                   0
                   0
                   0
                   0
                   0
                   0
                   0
                   0
                   0
                   0
                   0
                   0
                   0
                   0
                   0
                   0
                   0
                   0
                   0
                   0
                   0
                   0
                   0
                   0
                   0
                   0
                   0
                   4
                   4
                   0
                   0
                   0
                   0
                   0
                   0
                   0
                   0
                   0
                   7
                   0
                   5
                   0
                   0
                   0
                   0
                   0
                   0
                  10
                   7
                   0
                   0
                   4
                   8
                   0
                   0
                   0
                   0
                   9
                   0
                   0
                   0
                   0
                   0
                   0
                  14
                   8
                   0
                   4
                   7
                   0
                  12
                   0
                   7
                  13
                   0
                   0
                   0
                   0
                   0
                   0
 2nd Variable Cost Component, Bij
                   0
            50000000
                  93
            50000000
            50000000
            50000000
            50000000
            50000000
            50000000
            50000000
            50000000
            50000000
            50000000
            50000000
            50000000
            50000000
            50000000
                 106
            50000000
                   0
            50000000
            50000000
            50000000
            50000000
            50000000
                  25
            50000000
                  48
            50000000
            50000000
            50000000
            50000000
            50000000
            50000000
                  57
                  49
                  93
            50000000
                   0
                 124
            50000000
                 120
                  92
            50000000
                 115
            50000000
                 114
            50000000
            50000000
            50000000
            50000000
            50000000
                  54
            50000000
            50000000
            50000000
            50000000
                   0
            50000000
                  94
            50000000
                  79
            50000000
            50000000
            50000000
            50000000
            50000000
                  62
            50000000
            50000000
                  73
            50000000
            50000000
            50000000
            50000000
            50000000
                   0
            50000000
            50000000
            50000000
            50000000
            50000000
            50000000
            50000000
                  75
                  33
            50000000
            50000000
                  14
            50000000
                  68
            50000000
                 120
            50000000
            50000000
                   0
            50000000
            50000000
            50000000
            50000000
            50000000
                 108
            50000000
            50000000
            50000000
            50000000
            50000000
                 155
            50000000
            50000000
                  92
            50000000
            50000000
            50000000
                   0
                  97
            50000000
                  76
            50000000
            50000000
                  79
            50000000
            50000000
            50000000
            50000000
            50000000
            50000000
                  25
            50000000
            50000000
                  35
            50000000
            50000000
                   0
            50000000
            50000000
            50000000
            50000000
            50000000
            50000000
            50000000
            50000000
            50000000
            50000000
            50000000
            50000000
            50000000
            50000000
            50000000
            50000000
            50000000
            50000000
                   0
            50000000
                  59
            50000000
            50000000
            50000000
            50000000
            50000000
            50000000
            50000000
            50000000
            50000000
            50000000
            50000000
            50000000
            50000000
            50000000
            50000000
                  80
                   0
            50000000
                  18
            50000000
            50000000
            50000000
            50000000
            50000000
            50000000
            50000000
            50000000
            50000000
            50000000
            50000000
            50000000
            50000000
            50000000
            50000000
            50000000
                   0
            50000000
            50000000
                  44
            50000000
            50000000
            50000000
            50000000
                  73
            50000000
            50000000
            50000000
            50000000
            50000000
            50000000
            50000000
            50000000
            50000000
            50000000
                   0
            50000000
            50000000
            50000000
                  86
            50000000
            50000000
            50000000
            50000000
            50000000
            50000000
            50000000
            50000000
                  79
            50000000
            50000000
            50000000
            50000000
            50000000
                   0
            50000000
            50000000
            50000000
            50000000
            50000000
            50000000
            50000000
            50000000
            50000000
                  33
            50000000
            50000000
            50000000
            50000000
                  54
            50000000
            50000000
                  54
                   0
            50000000
            50000000
            50000000
                 112
            50000000
            50000000
            50000000
            50000000
            50000000
            50000000
            50000000
            50000000
            50000000
            50000000
            50000000
            50000000
            50000000
            50000000
                   0
            50000000
            50000000
            50000000
            50000000
            50000000
            50000000
            50000000
            50000000
            50000000
            50000000
            50000000
            50000000
            50000000
            50000000
            50000000
            50000000
            50000000
            50000000
                   0
            50000000
            50000000
            50000000
                  57
                  54
            50000000
            50000000
            50000000
            50000000
            50000000
            50000000
            50000000
            50000000
            50000000
                  85
            50000000
                  60
            50000000
                   0
            50000000
            50000000
            50000000
            50000000
                 126
                  82
            50000000
            50000000
                  48
                  98
            50000000
            50000000
            50000000
            50000000
                 112
            50000000
            50000000
            50000000
                   0
            50000000
            50000000
                 165
                 102
            50000000
                  49
                  81
            50000000
                 146
            50000000
                  87
                 151
            50000000
            50000000
            50000000
            50000000
            50000000
            50000000
 Fixed Cost Component, Cij
                   0
                   0
                  51
                   0
                   0
                   0
                   0
                   0
                   0
                   0
                   0
                   0
                   0
                   0
                   0
                   0
                   0
                  58
                   0
                   0
                   0
                   0
                   0
                   0
                   0
                  13
                   0
                  26
                   0
                   0
                   0
                   0
                   0
                   0
                  31
                  26
                  51
                   0
                   0
                  68
                   0
                  66
                  50
                   0
                  63
                   0
                  62
                   0
                   0
                   0
                   0
                   0
                  29
                   0
                   0
                   0
                   0
                   0
                   0
                  51
                   0
                  43
                   0
                   0
                   0
                   0
                   0
                  34
                   0
                   0
                  40
                   0
                   0
                   0
                   0
                   0
                   0
                   0
                   0
                   0
                   0
                   0
                   0
                   0
                  41
                  18
                   0
                   0
                   7
                   0
                  37
                   0
                  66
                   0
                   0
                   0
                   0
                   0
                   0
                   0
                   0
                  59
                   0
                   0
                   0
                   0
                   0
                  85
                   0
                   0
                  50
                   0
                   0
                   0
                   0
                  53
                   0
                  41
                   0
                   0
                  43
                   0
                   0
                   0
                   0
                   0
                   0
                  13
                   0
                   0
                  19
                   0
                   0
                   0
                   0
                   0
                   0
                   0
                   0
                   0
                   0
                   0
                   0
                   0
                   0
                   0
                   0
                   0
                   0
                   0
                   0
                   0
                   0
                   0
                  32
                   0
                   0
                   0
                   0
                   0
                   0
                   0
                   0
                   0
                   0
                   0
                   0
                   0
                   0
                   0
                  44
                   0
                   0
                   9
                   0
                   0
                   0
                   0
                   0
                   0
                   0
                   0
                   0
                   0
                   0
                   0
                   0
                   0
                   0
                   0
                   0
                   0
                   0
                  24
                   0
                   0
                   0
                   0
                  40
                   0
                   0
                   0
                   0
                   0
                   0
                   0
                   0
                   0
                   0
                   0
                   0
                   0
                   0
                  47
                   0
                   0
                   0
                   0
                   0
                   0
                   0
                   0
                  43
                   0
                   0
                   0
                   0
                   0
                   0
                   0
                   0
                   0
                   0
                   0
                   0
                   0
                   0
                   0
                  18
                   0
                   0
                   0
                   0
                  29
                   0
                   0
                  29
                   0
                   0
                   0
                   0
                  61
                   0
                   0
                   0
                   0
                   0
                   0
                   0
                   0
                   0
                   0
                   0
                   0
                   0
                   0
                   0
                   0
                   0
                   0
                   0
                   0
                   0
                   0
                   0
                   0
                   0
                   0
                   0
                   0
                   0
                   0
                   0
                   0
                   0
                   0
                   0
                   0
                   0
                  31
                  29
                   0
                   0
                   0
                   0
                   0
                   0
                   0
                   0
                   0
                  46
                   0
                  33
                   0
                   0
                   0
                   0
                   0
                   0
                  69
                  45
                   0
                   0
                  26
                  53
                   0
                   0
                   0
                   0
                  61
                   0
                   0
                   0
                   0
                   0
                   0
                  90
                  56
                   0
                  26
                  44
                   0
                  80
                   0
                  47
                  83
                   0
                   0
                   0
                   0
                   0
                   0