          19
           1
           3
           3
           2
           1
           3
           3
           1
           1
           4
           2
           1
           1
           1
           5
           2
           3
           5
 1st Variable Cost Component, Aij
                   0
                   0
                  19
                   0
                   0
                   0
                  11
                   0
                   0
                   0
                   0
                   0
                   0
                   0
                   0
                   0
                   0
                  22
                   0
                   0
                   0
                   0
                   0
                  13
                   0
                   0
                   0
                   0
                   0
                   0
                   0
                   0
                   0
                   0
                   0
                   0
                   0
                   0
                   0
                   0
                   0
                  22
                   0
                  33
                   0
                   0
                   0
                   0
                   0
                  15
                  25
                   0
                   0
                   0
                   0
                  13
                   0
                   0
                   0
                   0
                   0
                   0
                   0
                   1
                  10
                   0
                   0
                   2
                   0
                   0
                   0
                   0
                   0
                   0
                   0
                   0
                   0
                  20
                   0
                   0
                   0
                   0
                   0
                   0
                   0
                   0
                   0
                  14
                   0
                   0
                   0
                   0
                   0
                   0
                   0
                   0
                   0
                   0
                   0
                   0
                   0
                   0
                   0
                   0
                   0
                   7
                   0
                   0
                   0
                   0
                   0
                   0
                   0
                   0
                   0
                  13
                   0
                   0
                   9
                   6
                   0
                   0
                   0
                   0
                   0
                   0
                   0
                   0
                   0
                   0
                   0
                   0
                   0
                   0
                   0
                   0
                   0
                   0
                   0
                   0
                   0
                   7
                   0
                   0
                   0
                   0
                  21
                   0
                   0
                  16
                   0
                   0
                   0
                   0
                   0
                   0
                   0
                   0
                   0
                   0
                   0
                   0
                   0
                   0
                   0
                   0
                   0
                   0
                   0
                   0
                   0
                   0
                   0
                   0
                   0
                   0
                   0
                   9
                   0
                   0
                   0
                   0
                  24
                   0
                   0
                   0
                   0
                   0
                   0
                   0
                   0
                   6
                  10
                  12
                  13
                   0
                   0
                   0
                   0
                   0
                  25
                   0
                   0
                   0
                   0
                   0
                   0
                   9
                   0
                   0
                   7
                   0
                   0
                   0
                   0
                   0
                   0
                   0
                  19
                   3
                   0
                   0
                   0
                  14
                   0
                   0
                  10
                   0
                   0
                   3
                   0
                   0
                  16
                   0
                  12
                   0
                   0
                   0
                   0
                   6
                   0
                   0
                   0
                   0
                  12
                   0
                   0
                   0
                   0
                   0
                  13
                   0
                   0
                   0
                   0
                   0
                   0
                  23
                  20
                   0
                   0
                   0
                  13
                   0
                   0
                  21
                   0
                  17
                   0
                   0
                  11
                  20
                   0
                   0
                   0
                   7
                   7
                   0
                  23
                   0
                   0
                   0
                   0
                   0
                   0
                   0
                  24
                   0
                  20
                  13
                   0
                   0
                   0
                   0
                   0
                   0
                   0
                   0
                   0
                   0
                   0
                   0
                   0
                   0
                   0
                   0
                   0
                   0
                   0
                   0
                  29
                   0
                   0
                   0
                   0
                   0
                   0
                   0
                   0
                   0
                   0
                   0
                   0
                   0
                   0
                   8
                   0
                   0
                   0
                   0
                   0
                   0
                   0
                  20
                   0
                   0
                  20
                   0
                   0
                  28
                   0
                   0
 2nd Variable Cost Component, Bij
                   0
            50000000
                  91
            50000000
            50000000
            50000000
                  54
            50000000
            50000000
            50000000
            50000000
            50000000
            50000000
            50000000
            50000000
            50000000
            50000000
                 106
            50000000
                   0
            50000000
            50000000
            50000000
                  62
            50000000
            50000000
            50000000
            50000000
            50000000
            50000000
            50000000
            50000000
            50000000
            50000000
            50000000
            50000000
            50000000
            50000000
                   0
            50000000
            50000000
                 106
            50000000
                 154
            50000000
            50000000
            50000000
            50000000
            50000000
                  74
                 121
            50000000
            50000000
            50000000
            50000000
                  61
            50000000
                   0
            50000000
            50000000
            50000000
            50000000
            50000000
                   8
                  49
            50000000
            50000000
                  11
            50000000
            50000000
            50000000
            50000000
            50000000
            50000000
            50000000
            50000000
                   0
                  95
            50000000
            50000000
            50000000
            50000000
            50000000
            50000000
            50000000
            50000000
            50000000
                  66
            50000000
            50000000
            50000000
            50000000
            50000000
            50000000
            50000000
                   0
            50000000
            50000000
            50000000
            50000000
            50000000
            50000000
            50000000
            50000000
            50000000
                  34
            50000000
            50000000
            50000000
            50000000
            50000000
            50000000
            50000000
            50000000
                   0
                  65
            50000000
            50000000
                  43
                  31
            50000000
            50000000
            50000000
            50000000
            50000000
            50000000
            50000000
            50000000
            50000000
            50000000
            50000000
            50000000
            50000000
                   0
            50000000
            50000000
            50000000
            50000000
            50000000
            50000000
            50000000
                  37
            50000000
            50000000
            50000000
            50000000
                 101
            50000000
            50000000
                  75
            50000000
            50000000
                   0
            50000000
            50000000
            50000000
            50000000
            50000000
            50000000
            50000000
            50000000
            50000000
            50000000
            50000000
            50000000
            50000000
            50000000
            50000000
            50000000
            50000000
            50000000
                   0
            50000000
            50000000
            50000000
            50000000
            50000000
                  46
            50000000
            50000000
            50000000
            50000000
                 116
            50000000
            50000000
            50000000
            50000000
            50000000
            50000000
            50000000
                   0
                  30
                  49
                  58
                  64
            50000000
            50000000
            50000000
            50000000
            50000000
                 120
            50000000
            50000000
            50000000
            50000000
            50000000
            50000000
                  44
            50000000
                   0
                  35
            50000000
            50000000
            50000000
            50000000
            50000000
            50000000
            50000000
                  89
                  17
            50000000
            50000000
            50000000
                  68
            50000000
            50000000
                  49
            50000000
                   0
                  15
            50000000
            50000000
                  79
            50000000
                  58
            50000000
            50000000
            50000000
            50000000
                  32
            50000000
            50000000
            50000000
            50000000
                  58
            50000000
            50000000
                   0
            50000000
            50000000
                  64
            50000000
            50000000
            50000000
            50000000
            50000000
            50000000
                 108
                  96
            50000000
            50000000
            50000000
                  64
            50000000
            50000000
                 101
                   0
                  83
            50000000
            50000000
                  52
                  95
            50000000
            50000000
            50000000
                  34
                  34
            50000000
                 109
            50000000
            50000000
            50000000
            50000000
            50000000
            50000000
                   0
                 114
            50000000
                  94
                  64
            50000000
            50000000
            50000000
            50000000
            50000000
            50000000
            50000000
            50000000
            50000000
            50000000
            50000000
            50000000
            50000000
            50000000
                   0
            50000000
            50000000
            50000000
            50000000
            50000000
                 138
            50000000
            50000000
            50000000
            50000000
            50000000
            50000000
            50000000
            50000000
            50000000
            50000000
            50000000
            50000000
                   0
            50000000
                  41
            50000000
            50000000
            50000000
            50000000
            50000000
            50000000
            50000000
                  95
            50000000
            50000000
                  96
            50000000
            50000000
                 131
            50000000
            50000000
 Fixed Cost Component, Cij
                   0
                   0
               27300
                   0
                   0
                   0
               16200
                   0
                   0
                   0
                   0
                   0
                   0
                   0
                   0
                   0
                   0
               31800
                   0
                   0
                   0
                   0
                   0
               18600
                   0
                   0
                   0
                   0
                   0
                   0
                   0
                   0
                   0
                   0
                   0
                   0
                   0
                   0
                   0
                   0
                   0
               31800
                   0
               46200
                   0
                   0
                   0
                   0
                   0
               22200
               36300
                   0
                   0
                   0
                   0
               18300
                   0
                   0
                   0
                   0
                   0
                   0
                   0
                2400
               14700
                   0
                   0
                3300
                   0
                   0
                   0
                   0
                   0
                   0
                   0
                   0
                   0
               28500
                   0
                   0
                   0
                   0
                   0
                   0
                   0
                   0
                   0
               19800
                   0
                   0
                   0
                   0
                   0
                   0
                   0
                   0
                   0
                   0
                   0
                   0
                   0
                   0
                   0
                   0
                   0
               10200
                   0
                   0
                   0
                   0
                   0
                   0
                   0
                   0
                   0
               19500
                   0
                   0
               12900
                9300
                   0
                   0
                   0
                   0
                   0
                   0
                   0
                   0
                   0
                   0
                   0
                   0
                   0
                   0
                   0
                   0
                   0
                   0
                   0
                   0
                   0
               11100
                   0
                   0
                   0
                   0
               30300
                   0
                   0
               22500
                   0
                   0
                   0
                   0
                   0
                   0
                   0
                   0
                   0
                   0
                   0
                   0
                   0
                   0
                   0
                   0
                   0
                   0
                   0
                   0
                   0
                   0
                   0
                   0
                   0
                   0
                   0
               13800
                   0
                   0
                   0
                   0
               34800
                   0
                   0
                   0
                   0
                   0
                   0
                   0
                   0
                9000
               14700
               17400
               19200
                   0
                   0
                   0
                   0
                   0
               36000
                   0
                   0
                   0
                   0
                   0
                   0
               13200
                   0
                   0
               10500
                   0
                   0
                   0
                   0
                   0
                   0
                   0
               26700
                5100
                   0
                   0
                   0
               20400
                   0
                   0
               14700
                   0
                   0
                4500
                   0
                   0
               23700
                   0
               17400
                   0
                   0
                   0
                   0
                9600
                   0
                   0
                   0
                   0
               17400
                   0
                   0
                   0
                   0
                   0
               19200
                   0
                   0
                   0
                   0
                   0
                   0
               32400
               28800
                   0
                   0
                   0
               19200
                   0
                   0
               30300
                   0
               24900
                   0
                   0
               15600
               28500
                   0
                   0
                   0
               10200
               10200
                   0
               32700
                   0
                   0
                   0
                   0
                   0
                   0
                   0
               34200
                   0
               28200
               19200
                   0
                   0
                   0
                   0
                   0
                   0
                   0
                   0
                   0
                   0
                   0
                   0
                   0
                   0
                   0
                   0
                   0
                   0
                   0
                   0
               41400
                   0
                   0
                   0
                   0
                   0
                   0
                   0
                   0
                   0
                   0
                   0
                   0
                   0
                   0
               12300
                   0
                   0
                   0
                   0
                   0
                   0
                   0
               28500
                   0
                   0
               28800
                   0
                   0
               39300
                   0
                   0