          19
           4
           1
           2
           3
           2
           4
           4
           1
           3
           1
           3
           1
           1
           3
           3
           1
           1
           4
 1st Variable Cost Component, Aij
                   0
                   0
                   0
                  18
                   0
                   0
                   0
                  18
                  13
                   0
                   0
                   0
                   0
                   0
                  13
                  24
                   0
                   0
                   0
                   0
                   0
                   0
                   0
                   0
                   7
                   0
                   0
                   0
                   3
                   0
                   0
                   0
                   0
                   0
                   0
                   0
                   2
                   0
                   0
                   0
                   0
                   0
                  35
                   0
                   0
                   0
                   0
                   0
                   8
                   0
                   0
                  24
                   0
                   0
                   0
                  24
                  17
                   0
                   0
                   0
                   0
                   0
                   6
                   0
                   0
                   0
                   0
                  26
                   0
                  15
                   0
                   0
                   0
                   0
                   0
                   0
                   0
                   0
                   0
                   0
                   0
                  22
                  20
                   0
                   0
                   0
                   0
                   0
                  28
                   0
                   0
                  35
                   7
                   0
                  31
                   0
                  42
                   0
                   0
                   0
                   0
                   0
                   0
                   0
                   0
                   0
                   0
                  30
                   0
                   7
                   0
                   0
                  27
                   0
                   0
                   0
                   0
                   0
                   0
                  11
                   0
                   0
                   0
                   0
                   0
                   0
                   0
                   0
                  19
                   0
                   0
                   0
                  20
                   0
                   0
                   0
                  16
                   0
                   0
                  14
                   0
                   0
                   0
                   7
                   0
                   0
                   0
                   0
                  13
                  19
                   0
                   0
                   0
                   0
                  20
                   0
                   0
                   0
                   0
                   0
                   0
                   0
                   0
                   0
                   0
                   0
                   0
                   0
                   4
                   0
                   0
                   0
                   0
                   0
                   0
                   0
                   0
                   0
                   0
                   0
                   0
                   3
                  28
                   0
                  20
                   0
                   0
                  16
                   0
                   2
                   0
                   0
                   0
                   0
                   0
                   0
                   0
                   0
                   0
                   0
                   0
                   0
                   0
                   0
                   0
                   0
                   0
                   0
                   0
                   0
                   0
                   0
                   0
                   0
                   0
                   0
                   0
                   0
                   8
                   0
                   0
                   0
                   0
                   0
                   0
                   0
                   0
                   0
                   0
                   0
                   0
                  16
                   0
                   0
                   0
                   0
                   0
                   0
                   0
                   0
                  34
                   0
                   0
                   0
                   0
                   0
                   0
                   0
                   0
                   0
                   0
                   0
                   0
                  14
                  13
                   0
                   0
                   0
                   0
                   0
                   0
                   0
                   0
                  13
                   0
                   0
                   0
                  12
                   0
                   0
                  24
                   0
                   0
                   0
                  12
                   0
                  15
                   0
                   0
                   0
                   0
                   0
                   0
                   0
                   0
                   0
                   0
                   0
                   0
                   0
                   0
                   0
                   0
                   8
                   0
                  15
                  15
                   0
                  28
                   0
                   8
                   0
                   0
                   0
                   0
                   0
                  25
                   0
                   0
                   0
                   0
                   0
                   0
                   7
                   0
                   0
                   0
                   0
                   0
                   0
                   0
                  24
                   0
                   0
                  27
                   0
                  25
                   0
                   3
                   0
                   0
                   0
                  13
                  25
                   0
                   0
                   0
                  34
                   0
                  16
                  29
                  38
 2nd Variable Cost Component, Bij
                   0
            50000000
            50000000
                  88
            50000000
            50000000
            50000000
                  84
                  63
            50000000
            50000000
            50000000
            50000000
            50000000
                  62
                 114
            50000000
            50000000
            50000000
                   0
            50000000
            50000000
            50000000
            50000000
                  33
            50000000
            50000000
            50000000
                  17
            50000000
            50000000
            50000000
            50000000
            50000000
            50000000
            50000000
                  10
            50000000
                   0
            50000000
            50000000
            50000000
                 165
            50000000
            50000000
            50000000
            50000000
            50000000
                  38
            50000000
            50000000
                 112
            50000000
            50000000
            50000000
                 116
                  80
                   0
            50000000
            50000000
            50000000
            50000000
                  29
            50000000
            50000000
            50000000
            50000000
                 123
            50000000
                  71
            50000000
            50000000
            50000000
            50000000
            50000000
            50000000
                   0
            50000000
            50000000
            50000000
            50000000
                 105
                  96
            50000000
            50000000
            50000000
            50000000
            50000000
                 135
            50000000
            50000000
                 164
                  34
            50000000
                 148
                   0
                 196
            50000000
            50000000
            50000000
            50000000
            50000000
            50000000
            50000000
            50000000
            50000000
            50000000
                 144
            50000000
                  33
            50000000
            50000000
                 127
            50000000
                   0
            50000000
            50000000
            50000000
            50000000
                  52
            50000000
            50000000
            50000000
            50000000
            50000000
            50000000
            50000000
            50000000
                  90
            50000000
            50000000
            50000000
                  97
                   0
            50000000
            50000000
                  79
            50000000
            50000000
                  67
            50000000
            50000000
            50000000
                  37
            50000000
            50000000
            50000000
            50000000
                  61
                  89
            50000000
            50000000
                   0
            50000000
                  96
            50000000
            50000000
            50000000
            50000000
            50000000
            50000000
            50000000
            50000000
            50000000
            50000000
            50000000
            50000000
            50000000
                  23
            50000000
            50000000
                   0
            50000000
            50000000
            50000000
            50000000
            50000000
            50000000
            50000000
            50000000
            50000000
                  17
                 133
            50000000
                  96
            50000000
            50000000
                  79
            50000000
                  12
                   0
            50000000
            50000000
            50000000
            50000000
            50000000
            50000000
            50000000
            50000000
            50000000
            50000000
            50000000
            50000000
            50000000
            50000000
            50000000
            50000000
            50000000
            50000000
                   0
            50000000
            50000000
            50000000
            50000000
            50000000
            50000000
            50000000
            50000000
                  38
            50000000
            50000000
            50000000
            50000000
            50000000
            50000000
            50000000
            50000000
            50000000
                   0
            50000000
            50000000
                  77
            50000000
            50000000
            50000000
            50000000
            50000000
            50000000
            50000000
            50000000
                 162
            50000000
            50000000
            50000000
            50000000
            50000000
            50000000
                   0
            50000000
            50000000
            50000000
            50000000
            50000000
                  69
                  63
            50000000
            50000000
            50000000
            50000000
            50000000
            50000000
            50000000
            50000000
                  61
            50000000
            50000000
                   0
                  60
            50000000
            50000000
                 114
            50000000
            50000000
            50000000
                  60
            50000000
                  71
            50000000
            50000000
            50000000
            50000000
            50000000
            50000000
            50000000
            50000000
                   0
            50000000
            50000000
            50000000
            50000000
            50000000
            50000000
            50000000
                  41
            50000000
                  73
                  74
            50000000
                 131
            50000000
                  41
            50000000
            50000000
            50000000
                   0
            50000000
                 118
            50000000
            50000000
            50000000
            50000000
            50000000
            50000000
                  37
            50000000
            50000000
            50000000
            50000000
            50000000
            50000000
            50000000
                 114
            50000000
                   0
                 127
            50000000
                 119
            50000000
                  16
            50000000
            50000000
            50000000
                  65
                 121
            50000000
            50000000
            50000000
                 161
            50000000
                  75
                 139
                 180
 Fixed Cost Component, Cij
                   0
                   0
                   0
                 132
                   0
                   0
                   0
                 126
                  94
                   0
                   0
                   0
                   0
                   0
                  93
                 171
                   0
                   0
                   0
                   0
                   0
                   0
                   0
                   0
                  49
                   0
                   0
                   0
                  25
                   0
                   0
                   0
                   0
                   0
                   0
                   0
                  15
                   0
                   0
                   0
                   0
                   0
                 247
                   0
                   0
                   0
                   0
                   0
                  57
                   0
                   0
                 168
                   0
                   0
                   0
                 174
                 120
                   0
                   0
                   0
                   0
                   0
                  43
                   0
                   0
                   0
                   0
                 184
                   0
                 106
                   0
                   0
                   0
                   0
                   0
                   0
                   0
                   0
                   0
                   0
                   0
                 157
                 144
                   0
                   0
                   0
                   0
                   0
                 202
                   0
                   0
                 246
                  51
                   0
                 222
                   0
                 294
                   0
                   0
                   0
                   0
                   0
                   0
                   0
                   0
                   0
                   0
                 216
                   0
                  49
                   0
                   0
                 190
                   0
                   0
                   0
                   0
                   0
                   0
                  78
                   0
                   0
                   0
                   0
                   0
                   0
                   0
                   0
                 135
                   0
                   0
                   0
                 145
                   0
                   0
                   0
                 118
                   0
                   0
                 100
                   0
                   0
                   0
                  55
                   0
                   0
                   0
                   0
                  91
                 133
                   0
                   0
                   0
                   0
                 144
                   0
                   0
                   0
                   0
                   0
                   0
                   0
                   0
                   0
                   0
                   0
                   0
                   0
                  34
                   0
                   0
                   0
                   0
                   0
                   0
                   0
                   0
                   0
                   0
                   0
                   0
                  25
                 199
                   0
                 144
                   0
                   0
                 118
                   0
                  18
                   0
                   0
                   0
                   0
                   0
                   0
                   0
                   0
                   0
                   0
                   0
                   0
                   0
                   0
                   0
                   0
                   0
                   0
                   0
                   0
                   0
                   0
                   0
                   0
                   0
                   0
                   0
                   0
                  57
                   0
                   0
                   0
                   0
                   0
                   0
                   0
                   0
                   0
                   0
                   0
                   0
                 115
                   0
                   0
                   0
                   0
                   0
                   0
                   0
                   0
                 243
                   0
                   0
                   0
                   0
                   0
                   0
                   0
                   0
                   0
                   0
                   0
                   0
                 103
                  94
                   0
                   0
                   0
                   0
                   0
                   0
                   0
                   0
                  91
                   0
                   0
                   0
                  90
                   0
                   0
                 171
                   0
                   0
                   0
                  90
                   0
                 106
                   0
                   0
                   0
                   0
                   0
                   0
                   0
                   0
                   0
                   0
                   0
                   0
                   0
                   0
                   0
                   0
                  61
                   0
                 109
                 111
                   0
                 196
                   0
                  61
                   0
                   0
                   0
                   0
                   0
                 177
                   0
                   0
                   0
                   0
                   0
                   0
                  55
                   0
                   0
                   0
                   0
                   0
                   0
                   0
                 171
                   0
                   0
                 190
                   0
                 178
                   0
                  24
                   0
                   0
                   0
                  97
                 181
                   0
                   0
                   0
                 241
                   0
                 112
                 208
                 270