          19
           6
           8
          10
           3
           5
           4
           5
           2
           1
           8
           4
           7
           3
           5
           9
           4
           8
           9
 1st Variable Cost Component, Aij
                   0
                   0
                   0
                   0
                   0
                   0
                   0
                   3
                   0
                   0
                   9
                   0
                   0
                   0
                   0
                  10
                   0
                   0
                   0
                   0
                   1
                   0
                   0
                   0
                   0
                   0
                   0
                   0
                   0
                   0
                   0
                   6
                   0
                  10
                   2
                   0
                   0
                   0
                   0
                   0
                  10
                   0
                   1
                   1
                   0
                   0
                   9
                   0
                   0
                   0
                   0
                   0
                   0
                   0
                   4
                   0
                   5
                   0
                   0
                   0
                   0
                   0
                   0
                   0
                   0
                   0
                   0
                   0
                   0
                   0
                   0
                   0
                   0
                   0
                   0
                   0
                   0
                   0
                   0
                   0
                   7
                   0
                   1
                   2
                   0
                   0
                   0
                   0
                   0
                   0
                   0
                   4
                   0
                   0
                  13
                   0
                   0
                   5
                   0
                   9
                   0
                   0
                   0
                   0
                   0
                   0
                   0
                   0
                   0
                   0
                   0
                   0
                   0
                   0
                   0
                   0
                   0
                   0
                   0
                   0
                   0
                   0
                   0
                   0
                   2
                   0
                   0
                   0
                   0
                   0
                  12
                   5
                   0
                   0
                   0
                   0
                  11
                   0
                   7
                   0
                   0
                   0
                   0
                   0
                   0
                   0
                   3
                   0
                   7
                   8
                   0
                   0
                   0
                   0
                   6
                   0
                   2
                   2
                   0
                   0
                   0
                   0
                   0
                   0
                   0
                   0
                   0
                   0
                   0
                   0
                   0
                   0
                   0
                  14
                  10
                   0
                  10
                  12
                   0
                   0
                   0
                   8
                   9
                   7
                   0
                  11
                   0
                   0
                   0
                   0
                   0
                   0
                   0
                   0
                   0
                   0
                  10
                   0
                   0
                   7
                   0
                   0
                   0
                   0
                   9
                   0
                   0
                   0
                   0
                   0
                   0
                   0
                   4
                   0
                   0
                   0
                   0
                   0
                   0
                   0
                   0
                   0
                   0
                   0
                   2
                   0
                   0
                   4
                   0
                   0
                   0
                   0
                   0
                   7
                   0
                   6
                   6
                   0
                   6
                   0
                   5
                   0
                   0
                   0
                   0
                   5
                   0
                   0
                   1
                   0
                   0
                   0
                   0
                   0
                   0
                   0
                   0
                   0
                   0
                   8
                   3
                   0
                   3
                   0
                   0
                   1
                   0
                   0
                   8
                   0
                  10
                   0
                   9
                   0
                   0
                   0
                   0
                   0
                   0
                   0
                   0
                   0
                   0
                   0
                   0
                   0
                   0
                   0
                   0
                   0
                   0
                   0
                  12
                   0
                   2
                   0
                   5
                   0
                   0
                   0
                   0
                   0
                   8
                  11
                   0
                   5
                   3
                   0
                   0
                   0
                   0
                   0
                   0
                   6
                   0
                   0
                   9
                   0
                   0
                   0
                   0
                   0
                   0
                   0
                   0
                   0
                   0
                   0
                   0
                  17
                   0
                  13
                   9
                   0
                  10
                   0
                   0
                   0
                   7
                   0
                  13
                   0
 2nd Variable Cost Component, Bij
                   0
            50000000
            50000000
            50000000
            50000000
            50000000
            50000000
                  36
            50000000
            50000000
                 103
            50000000
            50000000
            50000000
            50000000
                 120
            50000000
            50000000
            50000000
                   0
                  19
            50000000
            50000000
            50000000
            50000000
            50000000
            50000000
            50000000
            50000000
            50000000
            50000000
                  72
            50000000
                 115
                  30
            50000000
            50000000
            50000000
                   0
            50000000
                 122
            50000000
                  22
                  21
            50000000
            50000000
                 106
            50000000
            50000000
            50000000
            50000000
            50000000
            50000000
            50000000
                  51
            50000000
                  67
                   0
            50000000
            50000000
            50000000
            50000000
            50000000
            50000000
            50000000
            50000000
            50000000
            50000000
            50000000
            50000000
            50000000
            50000000
            50000000
            50000000
            50000000
            50000000
                   0
            50000000
            50000000
            50000000
                  83
            50000000
                  16
                  28
            50000000
            50000000
            50000000
            50000000
            50000000
            50000000
            50000000
                  48
            50000000
            50000000
                 146
                   0
            50000000
                  67
            50000000
                 106
            50000000
            50000000
            50000000
            50000000
            50000000
            50000000
            50000000
            50000000
            50000000
            50000000
            50000000
            50000000
            50000000
            50000000
                   0
            50000000
            50000000
            50000000
            50000000
            50000000
            50000000
            50000000
            50000000
            50000000
                  26
            50000000
            50000000
            50000000
            50000000
            50000000
                 141
                  67
            50000000
                   0
            50000000
            50000000
                 125
            50000000
                  85
            50000000
            50000000
            50000000
            50000000
            50000000
            50000000
            50000000
                  44
            50000000
                  83
                  91
            50000000
            50000000
                   0
            50000000
                  68
            50000000
                  25
                  28
            50000000
            50000000
            50000000
            50000000
            50000000
            50000000
            50000000
            50000000
            50000000
            50000000
            50000000
            50000000
            50000000
                   0
            50000000
                 159
                 118
            50000000
                 123
                 137
            50000000
            50000000
            50000000
                  97
                 106
                  83
            50000000
                 132
            50000000
            50000000
            50000000
            50000000
                   0
            50000000
            50000000
            50000000
            50000000
            50000000
                 123
            50000000
            50000000
                  89
            50000000
            50000000
            50000000
            50000000
                 111
            50000000
            50000000
            50000000
            50000000
                   0
            50000000
            50000000
                  52
            50000000
            50000000
            50000000
            50000000
            50000000
            50000000
            50000000
            50000000
            50000000
            50000000
            50000000
                  25
            50000000
            50000000
                  46
                   0
            50000000
            50000000
            50000000
            50000000
                  85
            50000000
                  72
                  70
            50000000
                  72
            50000000
                  66
            50000000
            50000000
            50000000
            50000000
                  67
            50000000
                   0
                  17
            50000000
            50000000
            50000000
            50000000
            50000000
            50000000
            50000000
            50000000
            50000000
            50000000
                  95
                  35
            50000000
                  43
            50000000
            50000000
                  17
                   0
            50000000
                  95
            50000000
                 120
            50000000
                 112
            50000000
            50000000
            50000000
            50000000
            50000000
            50000000
            50000000
            50000000
            50000000
            50000000
            50000000
            50000000
                   0
            50000000
            50000000
            50000000
            50000000
            50000000
            50000000
                 138
            50000000
                  26
            50000000
                  60
            50000000
            50000000
            50000000
            50000000
            50000000
                  95
                 126
                   0
                  62
                  39
            50000000
            50000000
            50000000
            50000000
            50000000
            50000000
                  72
            50000000
            50000000
                 106
            50000000
            50000000
            50000000
            50000000
            50000000
            50000000
                   0
            50000000
            50000000
            50000000
            50000000
            50000000
                 196
            50000000
                 146
                 106
            50000000
                 115
            50000000
            50000000
            50000000
                  85
            50000000
                 152
            50000000
 Fixed Cost Component, Cij
                   0
                   0
                   0
                   0
                   0
                   0
                   0
               19800
                   0
                   0
               56650
                   0
                   0
                   0
                   0
               66000
                   0
                   0
                   0
                   0
               10450
                   0
                   0
                   0
                   0
                   0
                   0
                   0
                   0
                   0
                   0
               39600
                   0
               63250
               16500
                   0
                   0
                   0
                   0
                   0
               67100
                   0
               12100
               11550
                   0
                   0
               58300
                   0
                   0
                   0
                   0
                   0
                   0
                   0
               28050
                   0
               36850
                   0
                   0
                   0
                   0
                   0
                   0
                   0
                   0
                   0
                   0
                   0
                   0
                   0
                   0
                   0
                   0
                   0
                   0
                   0
                   0
                   0
                   0
                   0
               45650
                   0
                8800
               15400
                   0
                   0
                   0
                   0
                   0
                   0
                   0
               26400
                   0
                   0
               80300
                   0
                   0
               36850
                   0
               58300
                   0
                   0
                   0
                   0
                   0
                   0
                   0
                   0
                   0
                   0
                   0
                   0
                   0
                   0
                   0
                   0
                   0
                   0
                   0
                   0
                   0
                   0
                   0
                   0
               14300
                   0
                   0
                   0
                   0
                   0
               77550
               36850
                   0
                   0
                   0
                   0
               68750
                   0
               46750
                   0
                   0
                   0
                   0
                   0
                   0
                   0
               24200
                   0
               45650
               50050
                   0
                   0
                   0
                   0
               37400
                   0
               13750
               15400
                   0
                   0
                   0
                   0
                   0
                   0
                   0
                   0
                   0
                   0
                   0
                   0
                   0
                   0
                   0
               87450
               64900
                   0
               67650
               75350
                   0
                   0
                   0
               53350
               58300
               45650
                   0
               72600
                   0
                   0
                   0
                   0
                   0
                   0
                   0
                   0
                   0
                   0
               67650
                   0
                   0
               48950
                   0
                   0
                   0
                   0
               61050
                   0
                   0
                   0
                   0
                   0
                   0
                   0
               28600
                   0
                   0
                   0
                   0
                   0
                   0
                   0
                   0
                   0
                   0
                   0
               13750
                   0
                   0
               25300
                   0
                   0
                   0
                   0
                   0
               46750
                   0
               39600
               38500
                   0
               39600
                   0
               36300
                   0
                   0
                   0
                   0
               36850
                   0
                   0
                9350
                   0
                   0
                   0
                   0
                   0
                   0
                   0
                   0
                   0
                   0
               52250
               19250
                   0
               23650
                   0
                   0
                9350
                   0
                   0
               52250
                   0
               66000
                   0
               61600
                   0
                   0
                   0
                   0
                   0
                   0
                   0
                   0
                   0
                   0
                   0
                   0
                   0
                   0
                   0
                   0
                   0
                   0
                   0
               75900
                   0
               14300
                   0
               33000
                   0
                   0
                   0
                   0
                   0
               52250
               69300
                   0
               34100
               21450
                   0
                   0
                   0
                   0
                   0
                   0
               39600
                   0
                   0
               58300
                   0
                   0
                   0
                   0
                   0
                   0
                   0
                   0
                   0
                   0
                   0
                   0
              107800
                   0
               80300
               58300
                   0
               63250
                   0
                   0
                   0
               46750
                   0
               83600
                   0