          19
           3
           4
           4
           2
           5
           1
           3
           3
           2
           2
           1
           3
           2
           3
           4
           1
           4
           5
 1st Variable Cost Component, Aij
                   0
                  21
                   0
                  17
                   0
                   0
                   0
                   0
                   0
                   0
                   0
                   6
                   0
                   0
                   0
                   0
                   0
                   4
                  21
                   0
                   0
                   0
                  17
                   9
                   7
                  25
                   4
                   0
                   0
                   0
                   3
                  20
                   0
                  15
                   0
                  21
                   0
                   0
                   0
                   0
                   0
                   0
                   0
                   0
                   0
                   0
                   0
                   0
                   0
                  18
                   0
                   0
                   0
                   0
                   0
                   0
                   0
                   0
                   0
                   0
                  12
                  20
                   0
                   0
                  18
                   0
                   0
                   0
                   0
                   0
                   0
                   0
                   6
                   0
                   5
                   0
                   0
                   0
                   0
                   0
                  14
                  15
                   3
                   0
                   0
                   0
                   0
                   0
                   0
                   0
                   0
                   9
                   0
                   0
                  17
                   0
                   0
                   0
                   0
                   0
                   0
                   0
                   0
                   0
                   0
                   0
                   0
                   0
                  21
                   0
                   0
                   0
                  15
                   0
                   0
                   0
                   0
                  28
                   0
                  14
                   0
                  24
                   0
                   0
                   0
                  20
                   0
                   0
                   0
                   0
                   0
                   0
                  27
                   0
                   0
                   0
                   0
                   0
                  21
                   5
                   0
                   0
                   0
                  11
                   0
                   0
                   0
                   7
                  14
                   0
                   0
                   0
                   0
                   0
                   0
                   0
                   0
                   0
                   0
                   0
                   0
                   0
                   0
                  25
                   0
                   0
                   0
                   0
                   0
                   0
                   0
                   0
                   0
                  15
                   0
                   0
                   0
                  20
                   0
                   0
                   0
                   0
                   0
                   0
                   0
                   0
                   0
                  12
                   0
                   0
                   0
                   0
                   0
                   0
                   0
                   7
                   0
                   1
                   0
                   0
                   0
                   0
                   0
                   0
                   0
                   0
                   0
                   0
                   0
                   0
                  13
                   0
                   0
                   0
                  12
                   0
                   0
                   0
                   0
                   0
                   0
                   0
                   0
                  21
                   0
                   0
                  17
                   0
                   0
                   0
                   0
                   0
                   0
                   0
                   0
                  20
                   0
                   0
                   0
                   0
                  24
                   5
                   0
                   0
                   0
                  13
                  17
                   0
                   0
                   0
                   0
                   0
                  14
                   0
                   0
                  15
                   0
                   0
                   0
                   0
                   0
                  23
                   0
                   0
                   0
                   0
                   0
                   0
                   0
                   0
                   0
                   0
                   0
                   0
                   0
                   0
                   0
                   0
                   0
                  20
                   0
                   0
                  14
                   0
                   0
                   0
                   8
                   9
                   0
                  12
                   0
                   0
                   0
                   0
                   5
                   0
                   0
                   0
                   0
                   0
                   0
                   0
                   0
                   8
                   0
                   0
                   0
                   0
                   0
                   0
                   0
                   0
                   0
                   0
                   0
                   0
                   1
                   5
                   0
                   0
                  12
                   0
                   0
                   0
                   0
                   9
                   0
                   0
                   0
                   0
                   0
                   0
                   8
                   0
                   0
                   0
                   0
                   0
                   0
                  17
                   9
                  26
 2nd Variable Cost Component, Bij
                   0
                 122
            50000000
                 101
            50000000
            50000000
            50000000
            50000000
            50000000
            50000000
            50000000
                  40
            50000000
            50000000
            50000000
            50000000
            50000000
                  24
                 122
                   0
            50000000
            50000000
                 100
                  57
                  46
                 148
                  27
            50000000
            50000000
            50000000
                  21
                 121
            50000000
                  92
            50000000
                 127
            50000000
            50000000
                   0
            50000000
            50000000
            50000000
            50000000
            50000000
            50000000
            50000000
            50000000
            50000000
            50000000
                 104
            50000000
            50000000
            50000000
            50000000
            50000000
            50000000
            50000000
                   0
            50000000
            50000000
                  70
                 120
            50000000
            50000000
                 104
            50000000
            50000000
            50000000
            50000000
            50000000
            50000000
            50000000
                  39
            50000000
                  32
            50000000
                   0
            50000000
            50000000
            50000000
                  81
                  89
                  19
            50000000
            50000000
            50000000
            50000000
            50000000
            50000000
            50000000
            50000000
                  57
            50000000
            50000000
                  99
                   0
            50000000
            50000000
            50000000
            50000000
            50000000
            50000000
            50000000
            50000000
            50000000
            50000000
            50000000
            50000000
                 124
            50000000
            50000000
            50000000
                  90
            50000000
                   0
            50000000
            50000000
                 163
            50000000
                  86
            50000000
                 141
            50000000
            50000000
            50000000
                 120
            50000000
            50000000
            50000000
            50000000
            50000000
            50000000
                 160
                   0
            50000000
            50000000
            50000000
            50000000
                 127
                  33
            50000000
            50000000
            50000000
                  67
            50000000
            50000000
            50000000
                  45
                  81
            50000000
            50000000
            50000000
                   0
            50000000
            50000000
            50000000
            50000000
            50000000
            50000000
            50000000
            50000000
            50000000
            50000000
                 149
            50000000
            50000000
            50000000
            50000000
            50000000
            50000000
            50000000
                   0
            50000000
                  89
            50000000
            50000000
            50000000
                 119
            50000000
            50000000
            50000000
            50000000
            50000000
            50000000
            50000000
            50000000
            50000000
                  75
            50000000
            50000000
                   0
            50000000
            50000000
            50000000
            50000000
                  44
            50000000
                  11
            50000000
            50000000
            50000000
            50000000
            50000000
            50000000
            50000000
            50000000
            50000000
            50000000
            50000000
                   0
                  78
            50000000
            50000000
            50000000
                  72
            50000000
            50000000
            50000000
            50000000
            50000000
            50000000
            50000000
            50000000
                 127
            50000000
            50000000
                 102
            50000000
                   0
            50000000
            50000000
            50000000
            50000000
            50000000
            50000000
                 121
            50000000
            50000000
            50000000
            50000000
                 141
                  33
            50000000
            50000000
            50000000
                  77
                 100
                   0
            50000000
            50000000
            50000000
            50000000
                  86
            50000000
            50000000
                  92
            50000000
            50000000
            50000000
            50000000
            50000000
                 135
            50000000
            50000000
            50000000
            50000000
                   0
            50000000
            50000000
            50000000
            50000000
            50000000
            50000000
            50000000
            50000000
            50000000
            50000000
            50000000
            50000000
                 119
            50000000
            50000000
                  83
            50000000
            50000000
                   0
                  47
                  55
            50000000
                  71
            50000000
            50000000
            50000000
            50000000
                  31
            50000000
            50000000
            50000000
            50000000
            50000000
            50000000
            50000000
            50000000
                  47
                   0
            50000000
            50000000
            50000000
            50000000
            50000000
            50000000
            50000000
            50000000
            50000000
            50000000
            50000000
                  11
                  34
            50000000
            50000000
                  73
            50000000
            50000000
                   0
            50000000
                  57
            50000000
            50000000
            50000000
            50000000
            50000000
            50000000
                  49
            50000000
            50000000
            50000000
            50000000
            50000000
            50000000
                 101
                  57
                 151
 Fixed Cost Component, Cij
                   0
                3660
                   0
                3030
                   0
                   0
                   0
                   0
                   0
                   0
                   0
                1200
                   0
                   0
                   0
                   0
                   0
                 720
                3660
                   0
                   0
                   0
                3000
                1710
                1380
                4440
                 810
                   0
                   0
                   0
                 630
                3630
                   0
                2760
                   0
                3810
                   0
                   0
                   0
                   0
                   0
                   0
                   0
                   0
                   0
                   0
                   0
                   0
                   0
                3120
                   0
                   0
                   0
                   0
                   0
                   0
                   0
                   0
                   0
                   0
                2100
                3600
                   0
                   0
                3120
                   0
                   0
                   0
                   0
                   0
                   0
                   0
                1170
                   0
                 960
                   0
                   0
                   0
                   0
                   0
                2430
                2670
                 570
                   0
                   0
                   0
                   0
                   0
                   0
                   0
                   0
                1710
                   0
                   0
                2970
                   0
                   0
                   0
                   0
                   0
                   0
                   0
                   0
                   0
                   0
                   0
                   0
                   0
                3720
                   0
                   0
                   0
                2700
                   0
                   0
                   0
                   0
                4890
                   0
                2580
                   0
                4230
                   0
                   0
                   0
                3600
                   0
                   0
                   0
                   0
                   0
                   0
                4800
                   0
                   0
                   0
                   0
                   0
                3810
                 990
                   0
                   0
                   0
                2010
                   0
                   0
                   0
                1350
                2430
                   0
                   0
                   0
                   0
                   0
                   0
                   0
                   0
                   0
                   0
                   0
                   0
                   0
                   0
                4470
                   0
                   0
                   0
                   0
                   0
                   0
                   0
                   0
                   0
                2670
                   0
                   0
                   0
                3570
                   0
                   0
                   0
                   0
                   0
                   0
                   0
                   0
                   0
                2250
                   0
                   0
                   0
                   0
                   0
                   0
                   0
                1320
                   0
                 330
                   0
                   0
                   0
                   0
                   0
                   0
                   0
                   0
                   0
                   0
                   0
                   0
                2340
                   0
                   0
                   0
                2160
                   0
                   0
                   0
                   0
                   0
                   0
                   0
                   0
                3810
                   0
                   0
                3060
                   0
                   0
                   0
                   0
                   0
                   0
                   0
                   0
                3630
                   0
                   0
                   0
                   0
                4230
                 990
                   0
                   0
                   0
                2310
                3000
                   0
                   0
                   0
                   0
                   0
                2580
                   0
                   0
                2760
                   0
                   0
                   0
                   0
                   0
                4050
                   0
                   0
                   0
                   0
                   0
                   0
                   0
                   0
                   0
                   0
                   0
                   0
                   0
                   0
                   0
                   0
                   0
                3570
                   0
                   0
                2490
                   0
                   0
                   0
                1410
                1650
                   0
                2130
                   0
                   0
                   0
                   0
                 930
                   0
                   0
                   0
                   0
                   0
                   0
                   0
                   0
                1410
                   0
                   0
                   0
                   0
                   0
                   0
                   0
                   0
                   0
                   0
                   0
                   0
                 330
                1020
                   0
                   0
                2190
                   0
                   0
                   0
                   0
                1710
                   0
                   0
                   0
                   0
                   0
                   0
                1470
                   0
                   0
                   0
                   0
                   0
                   0
                3030
                1710
                4530