          19
           4
           2
           4
           4
           5
           4
           3
           2
           2
           2
           1
           4
           4
           5
           3
           2
           2
           4
 1st Variable Cost Component, Aij
                   0
                   0
                   0
                   0
                   0
                   0
                   0
                   0
                   0
                   0
                   0
                   0
                   0
                   0
                   0
                   0
                   0
                   0
                   0
                   0
                   6
                   0
                   0
                   0
                   0
                   0
                   0
                   0
                   0
                   0
                  11
                   0
                   0
                   0
                  21
                  13
                   0
                   6
                   0
                   0
                   9
                   0
                   0
                   0
                  20
                   0
                   0
                   0
                   0
                   0
                   0
                   0
                   0
                   0
                   0
                   4
                   0
                   0
                   0
                   6
                   0
                   0
                  17
                   0
                   0
                   0
                   0
                   8
                  11
                   0
                   0
                   0
                   0
                   8
                   0
                   0
                   0
                   0
                   0
                   0
                  13
                   0
                   0
                   7
                   0
                   0
                   0
                   0
                   0
                   0
                   0
                   0
                   0
                   0
                   0
                   0
                   0
                   0
                   0
                   0
                   0
                   0
                   0
                   0
                   0
                   0
                   0
                  13
                   0
                   0
                   0
                  18
                  17
                   0
                   0
                   0
                   0
                   0
                   0
                   0
                   0
                   0
                   0
                   0
                   7
                   0
                   0
                  15
                   0
                  12
                   8
                   0
                   0
                   0
                   0
                   0
                   0
                   0
                   0
                   0
                   0
                   0
                   0
                  24
                   0
                  22
                   0
                   0
                   0
                   0
                  11
                   0
                   0
                   0
                   0
                   0
                   0
                   0
                  14
                   0
                   0
                   0
                   0
                   0
                   0
                   0
                   0
                   0
                   0
                   0
                   0
                   0
                   0
                   0
                   0
                   0
                   0
                   5
                   0
                   0
                   0
                   0
                   0
                   0
                   0
                   8
                   0
                   0
                   0
                   0
                   0
                   0
                   0
                   0
                  13
                   0
                   0
                  21
                  15
                  14
                   0
                   0
                   0
                   0
                   0
                   0
                   0
                   0
                   0
                   0
                   0
                   5
                   0
                   0
                   0
                   0
                   0
                   0
                   0
                   0
                   0
                   0
                   0
                   0
                   0
                   0
                   0
                   0
                   0
                   0
                   0
                   0
                   0
                   0
                   0
                   0
                   8
                   0
                   0
                   0
                   0
                   0
                  12
                   0
                   0
                   0
                   0
                   0
                   0
                   9
                   0
                   0
                   0
                   0
                   0
                   0
                   0
                   7
                   8
                  19
                   0
                   9
                   0
                   0
                   0
                   4
                   0
                   0
                  11
                   9
                   0
                   0
                   0
                   0
                   0
                   0
                   0
                   0
                   0
                   0
                   4
                   0
                   0
                   0
                   0
                   0
                   0
                   0
                   0
                   0
                   0
                  17
                   0
                   0
                   7
                   0
                   0
                   0
                   0
                   0
                   0
                   0
                  11
                   0
                   0
                   0
                   0
                   0
                   0
                  11
                  15
                   0
                   0
                   0
                   0
                   0
                   0
                   0
                   0
                   0
                   0
                   0
                   0
                   0
                   0
                   0
                   0
                   0
                  19
                   0
                  18
                  27
                   0
                  18
                  24
                   0
                   0
                   0
                  11
                   0
                   0
                   0
 2nd Variable Cost Component, Bij
                   0
            50000000
            50000000
            50000000
            50000000
            50000000
            50000000
            50000000
            50000000
            50000000
            50000000
            50000000
            50000000
            50000000
            50000000
            50000000
            50000000
            50000000
            50000000
                   0
                  42
            50000000
            50000000
            50000000
            50000000
            50000000
            50000000
            50000000
            50000000
            50000000
                  75
            50000000
            50000000
            50000000
                 136
                  83
            50000000
                  42
                   0
            50000000
                  62
            50000000
            50000000
            50000000
                 130
            50000000
            50000000
            50000000
            50000000
            50000000
            50000000
            50000000
            50000000
            50000000
            50000000
                  28
            50000000
                   0
            50000000
                  38
            50000000
            50000000
                 113
            50000000
            50000000
            50000000
            50000000
                  51
                  74
            50000000
            50000000
            50000000
            50000000
                  54
            50000000
            50000000
                   0
            50000000
            50000000
            50000000
                  88
            50000000
            50000000
                  45
            50000000
            50000000
            50000000
            50000000
            50000000
            50000000
            50000000
            50000000
            50000000
            50000000
            50000000
                   0
            50000000
            50000000
            50000000
            50000000
            50000000
            50000000
            50000000
            50000000
            50000000
            50000000
            50000000
                  83
            50000000
            50000000
            50000000
                 116
                 109
            50000000
                   0
            50000000
            50000000
            50000000
            50000000
            50000000
            50000000
            50000000
            50000000
            50000000
                  46
            50000000
            50000000
                  95
            50000000
                  82
                  55
            50000000
            50000000
                   0
            50000000
            50000000
            50000000
            50000000
            50000000
            50000000
            50000000
            50000000
            50000000
                 155
            50000000
                 140
            50000000
            50000000
            50000000
            50000000
                  71
            50000000
                   0
            50000000
            50000000
            50000000
            50000000
            50000000
                  91
            50000000
            50000000
            50000000
            50000000
            50000000
            50000000
            50000000
            50000000
            50000000
            50000000
            50000000
            50000000
                   0
            50000000
            50000000
            50000000
            50000000
            50000000
                  33
            50000000
            50000000
            50000000
            50000000
            50000000
            50000000
            50000000
                  53
            50000000
            50000000
            50000000
            50000000
                   0
            50000000
            50000000
            50000000
                  87
            50000000
            50000000
                 136
                  99
                  92
            50000000
            50000000
            50000000
            50000000
            50000000
            50000000
            50000000
            50000000
            50000000
                   0
            50000000
                  35
            50000000
            50000000
            50000000
            50000000
            50000000
            50000000
            50000000
            50000000
            50000000
            50000000
            50000000
            50000000
            50000000
            50000000
            50000000
            50000000
                   0
            50000000
            50000000
            50000000
            50000000
            50000000
            50000000
            50000000
                  52
            50000000
            50000000
            50000000
            50000000
            50000000
                  81
            50000000
            50000000
            50000000
            50000000
                   0
            50000000
                  60
            50000000
            50000000
            50000000
            50000000
            50000000
            50000000
            50000000
                  49
                  51
                 126
            50000000
                  57
            50000000
            50000000
            50000000
                  26
                   0
            50000000
                  71
                  63
            50000000
            50000000
            50000000
            50000000
            50000000
            50000000
            50000000
            50000000
            50000000
            50000000
                  29
            50000000
            50000000
            50000000
            50000000
                   0
            50000000
            50000000
            50000000
            50000000
            50000000
                 108
            50000000
            50000000
                  46
            50000000
            50000000
            50000000
            50000000
            50000000
            50000000
            50000000
                  71
            50000000
                   0
            50000000
            50000000
            50000000
            50000000
                  75
                 100
            50000000
            50000000
            50000000
            50000000
            50000000
            50000000
            50000000
            50000000
            50000000
            50000000
            50000000
            50000000
                   0
            50000000
            50000000
            50000000
            50000000
                 121
            50000000
                 114
                 176
            50000000
                 120
                 152
            50000000
            50000000
            50000000
                  72
            50000000
            50000000
            50000000
 Fixed Cost Component, Cij
                   0
                   0
                   0
                   0
                   0
                   0
                   0
                   0
                   0
                   0
                   0
                   0
                   0
                   0
                   0
                   0
                   0
                   0
                   0
                   0
                 126
                   0
                   0
                   0
                   0
                   0
                   0
                   0
                   0
                   0
                 225
                   0
                   0
                   0
                 408
                 249
                   0
                 126
                   0
                   0
                 186
                   0
                   0
                   0
                 390
                   0
                   0
                   0
                   0
                   0
                   0
                   0
                   0
                   0
                   0
                  84
                   0
                   0
                   0
                 114
                   0
                   0
                 339
                   0
                   0
                   0
                   0
                 153
                 222
                   0
                   0
                   0
                   0
                 162
                   0
                   0
                   0
                   0
                   0
                   0
                 264
                   0
                   0
                 135
                   0
                   0
                   0
                   0
                   0
                   0
                   0
                   0
                   0
                   0
                   0
                   0
                   0
                   0
                   0
                   0
                   0
                   0
                   0
                   0
                   0
                   0
                   0
                 249
                   0
                   0
                   0
                 348
                 327
                   0
                   0
                   0
                   0
                   0
                   0
                   0
                   0
                   0
                   0
                   0
                 138
                   0
                   0
                 285
                   0
                 246
                 165
                   0
                   0
                   0
                   0
                   0
                   0
                   0
                   0
                   0
                   0
                   0
                   0
                 465
                   0
                 420
                   0
                   0
                   0
                   0
                 213
                   0
                   0
                   0
                   0
                   0
                   0
                   0
                 273
                   0
                   0
                   0
                   0
                   0
                   0
                   0
                   0
                   0
                   0
                   0
                   0
                   0
                   0
                   0
                   0
                   0
                   0
                  99
                   0
                   0
                   0
                   0
                   0
                   0
                   0
                 159
                   0
                   0
                   0
                   0
                   0
                   0
                   0
                   0
                 261
                   0
                   0
                 408
                 297
                 276
                   0
                   0
                   0
                   0
                   0
                   0
                   0
                   0
                   0
                   0
                   0
                 105
                   0
                   0
                   0
                   0
                   0
                   0
                   0
                   0
                   0
                   0
                   0
                   0
                   0
                   0
                   0
                   0
                   0
                   0
                   0
                   0
                   0
                   0
                   0
                   0
                 156
                   0
                   0
                   0
                   0
                   0
                 243
                   0
                   0
                   0
                   0
                   0
                   0
                 180
                   0
                   0
                   0
                   0
                   0
                   0
                   0
                 147
                 153
                 378
                   0
                 171
                   0
                   0
                   0
                  78
                   0
                   0
                 213
                 189
                   0
                   0
                   0
                   0
                   0
                   0
                   0
                   0
                   0
                   0
                  87
                   0
                   0
                   0
                   0
                   0
                   0
                   0
                   0
                   0
                   0
                 324
                   0
                   0
                 138
                   0
                   0
                   0
                   0
                   0
                   0
                   0
                 213
                   0
                   0
                   0
                   0
                   0
                   0
                 225
                 300
                   0
                   0
                   0
                   0
                   0
                   0
                   0
                   0
                   0
                   0
                   0
                   0
                   0
                   0
                   0
                   0
                   0
                 363
                   0
                 342
                 528
                   0
                 360
                 456
                   0
                   0
                   0
                 216
                   0
                   0
                   0