          19
           7
           7
           9
           3
           6
           1
           7
           4
           2
           5
           4
           9
           1
           8
           8
           5
           2
           3
 1st Variable Cost Component, Aij
                   0
                   9
                   0
                   0
                   0
                   0
                   8
                   0
                  11
                   8
                   0
                   0
                   0
                   0
                   0
                   0
                   0
                   0
                   0
                   0
                   0
                   0
                   0
                  14
                   1
                   0
                   0
                   0
                  11
                   0
                   7
                   0
                   6
                   0
                  12
                   0
                   0
                   4
                   0
                   7
                   0
                   0
                   0
                   0
                   0
                   0
                   0
                   5
                   0
                   0
                   0
                   0
                   0
                   6
                   0
                   0
                   0
                   0
                   6
                   7
                   0
                   0
                   0
                   0
                   0
                   0
                   0
                   0
                   0
                   0
                   0
                   3
                   0
                   0
                   0
                   6
                   0
                   0
                   0
                   0
                   7
                   4
                   0
                   0
                   0
                   0
                   0
                   0
                   8
                   0
                   0
                   0
                   0
                   0
                   0
                   0
                   0
                   0
                  14
                   0
                   0
                   8
                   0
                   0
                   0
                   0
                   0
                   0
                   0
                   0
                   0
                   0
                   0
                   0
                   0
                   0
                   0
                   0
                   0
                   0
                   0
                   0
                   5
                   0
                  10
                   0
                   0
                   0
                   0
                   4
                   0
                   9
                   0
                   0
                   9
                   0
                   0
                   0
                   0
                   0
                   0
                   6
                   0
                   0
                  11
                   3
                   6
                   0
                   0
                   0
                   4
                   9
                   0
                   0
                   0
                   6
                   0
                   2
                   0
                   8
                   0
                   0
                   0
                   0
                   0
                  10
                   0
                   0
                   0
                   0
                   2
                   0
                   0
                   0
                   0
                   0
                   0
                   0
                   0
                   8
                   3
                  11
                   0
                   0
                   0
                   0
                   0
                   0
                   0
                   0
                   0
                   0
                   9
                   0
                   9
                   9
                   0
                   0
                   0
                   7
                   0
                   0
                   0
                   0
                   0
                   5
                   0
                   0
                  10
                   0
                   1
                   0
                   1
                   0
                   0
                   0
                   5
                   7
                   0
                   0
                   0
                   0
                   0
                   0
                   0
                   5
                   0
                   0
                   0
                   0
                   0
                   0
                   0
                   0
                   0
                   0
                   0
                   0
                   5
                   0
                   1
                   0
                   2
                   0
                   0
                   0
                   0
                   0
                   0
                   0
                   0
                   9
                   0
                   0
                   0
                   7
                   0
                   8
                   0
                   4
                   0
                   0
                   0
                   0
                   0
                   0
                   0
                   8
                   9
                   0
                   8
                   0
                   4
                   0
                   0
                   0
                   0
                   0
                   0
                   0
                   0
                   0
                   0
                   6
                   0
                   0
                   0
                   0
                   0
                  12
                   0
                   0
                   0
                   0
                   0
                   0
                   0
                   0
                   0
                  10
                   0
                   0
                   0
                   0
                   0
                   0
                   0
                   0
                   6
                   0
                   0
                   0
                   0
                   0
                   0
                   0
                   0
                   0
                   0
                   9
                   5
                   0
                   0
                   0
                   8
                  16
                  12
                   0
                   8
                   1
                   0
                   0
                   0
                  13
                   0
                   0
                   0
                   0
                   0
                   0
                   0
                   0
 2nd Variable Cost Component, Bij
                   0
                 101
            50000000
            50000000
            50000000
            50000000
                  84
            50000000
                 113
                  85
            50000000
            50000000
            50000000
            50000000
            50000000
            50000000
            50000000
            50000000
            50000000
                   0
            50000000
            50000000
            50000000
                 151
                  18
            50000000
            50000000
            50000000
                 121
            50000000
                  80
            50000000
                  66
            50000000
                 124
            50000000
            50000000
                  49
                   0
                  72
            50000000
            50000000
            50000000
            50000000
            50000000
            50000000
            50000000
                  54
            50000000
            50000000
            50000000
            50000000
            50000000
                  66
            50000000
            50000000
            50000000
                   0
                  66
                  79
            50000000
            50000000
            50000000
            50000000
            50000000
            50000000
            50000000
            50000000
            50000000
            50000000
            50000000
                  32
            50000000
            50000000
            50000000
                  66
                   0
            50000000
            50000000
            50000000
                  76
                  49
            50000000
            50000000
            50000000
            50000000
            50000000
            50000000
                  81
            50000000
            50000000
            50000000
            50000000
            50000000
            50000000
                   0
            50000000
            50000000
                 147
            50000000
            50000000
                  84
            50000000
            50000000
            50000000
            50000000
            50000000
            50000000
            50000000
            50000000
            50000000
            50000000
            50000000
            50000000
                   0
            50000000
            50000000
            50000000
            50000000
            50000000
            50000000
            50000000
                  55
            50000000
                 106
            50000000
            50000000
            50000000
            50000000
                  44
            50000000
                  95
            50000000
                   0
                  92
            50000000
            50000000
            50000000
            50000000
            50000000
            50000000
                  65
            50000000
            50000000
                 113
                  34
                  69
            50000000
            50000000
            50000000
                  44
                  92
                   0
            50000000
            50000000
                  63
            50000000
                  26
            50000000
                  88
            50000000
            50000000
            50000000
            50000000
            50000000
                 106
            50000000
            50000000
            50000000
            50000000
                  28
                   0
            50000000
            50000000
            50000000
            50000000
            50000000
            50000000
            50000000
                  89
                  38
                 121
            50000000
            50000000
            50000000
            50000000
            50000000
            50000000
            50000000
            50000000
                   0
            50000000
                  91
            50000000
                  91
                  91
            50000000
            50000000
            50000000
                  71
            50000000
            50000000
            50000000
            50000000
            50000000
                  57
            50000000
            50000000
                 102
                   0
                  14
            50000000
                  13
            50000000
            50000000
            50000000
                  53
                  80
            50000000
            50000000
            50000000
            50000000
            50000000
            50000000
            50000000
                  51
            50000000
            50000000
                   0
            50000000
            50000000
            50000000
            50000000
            50000000
            50000000
            50000000
            50000000
            50000000
                  60
            50000000
                  19
            50000000
                  26
            50000000
            50000000
            50000000
            50000000
                   0
            50000000
            50000000
            50000000
                  98
            50000000
            50000000
            50000000
                  77
            50000000
                  85
            50000000
                  45
            50000000
            50000000
            50000000
            50000000
            50000000
            50000000
                   0
                  88
                  92
            50000000
                  89
            50000000
                  47
            50000000
            50000000
            50000000
            50000000
            50000000
            50000000
            50000000
            50000000
            50000000
            50000000
                  65
            50000000
                   0
            50000000
            50000000
            50000000
                 124
            50000000
            50000000
            50000000
            50000000
            50000000
            50000000
            50000000
            50000000
            50000000
                 103
            50000000
            50000000
            50000000
            50000000
                   0
            50000000
            50000000
            50000000
                  66
            50000000
            50000000
            50000000
            50000000
            50000000
            50000000
            50000000
            50000000
            50000000
            50000000
                  98
                  54
            50000000
            50000000
                   0
                  83
                 165
                 125
            50000000
                  90
                  16
            50000000
            50000000
            50000000
                 137
            50000000
            50000000
            50000000
            50000000
            50000000
            50000000
            50000000
            50000000
 Fixed Cost Component, Cij
                   0
                5555
                   0
                   0
                   0
                   0
                4620
                   0
                6215
                4675
                   0
                   0
                   0
                   0
                   0
                   0
                   0
                   0
                   0
                   0
                   0
                   0
                   0
                8305
                 990
                   0
                   0
                   0
                6655
                   0
                4400
                   0
                3630
                   0
                6820
                   0
                   0
                2695
                   0
                3960
                   0
                   0
                   0
                   0
                   0
                   0
                   0
                2970
                   0
                   0
                   0
                   0
                   0
                3630
                   0
                   0
                   0
                   0
                3630
                4345
                   0
                   0
                   0
                   0
                   0
                   0
                   0
                   0
                   0
                   0
                   0
                1760
                   0
                   0
                   0
                3630
                   0
                   0
                   0
                   0
                4180
                2695
                   0
                   0
                   0
                   0
                   0
                   0
                4455
                   0
                   0
                   0
                   0
                   0
                   0
                   0
                   0
                   0
                8085
                   0
                   0
                4620
                   0
                   0
                   0
                   0
                   0
                   0
                   0
                   0
                   0
                   0
                   0
                   0
                   0
                   0
                   0
                   0
                   0
                   0
                   0
                   0
                3025
                   0
                5830
                   0
                   0
                   0
                   0
                2420
                   0
                5225
                   0
                   0
                5060
                   0
                   0
                   0
                   0
                   0
                   0
                3575
                   0
                   0
                6215
                1870
                3795
                   0
                   0
                   0
                2420
                5060
                   0
                   0
                   0
                3465
                   0
                1430
                   0
                4840
                   0
                   0
                   0
                   0
                   0
                5830
                   0
                   0
                   0
                   0
                1540
                   0
                   0
                   0
                   0
                   0
                   0
                   0
                   0
                4895
                2090
                6655
                   0
                   0
                   0
                   0
                   0
                   0
                   0
                   0
                   0
                   0
                5005
                   0
                5005
                5005
                   0
                   0
                   0
                3905
                   0
                   0
                   0
                   0
                   0
                3135
                   0
                   0
                5610
                   0
                 770
                   0
                 715
                   0
                   0
                   0
                2915
                4400
                   0
                   0
                   0
                   0
                   0
                   0
                   0
                2805
                   0
                   0
                   0
                   0
                   0
                   0
                   0
                   0
                   0
                   0
                   0
                   0
                3300
                   0
                1045
                   0
                1430
                   0
                   0
                   0
                   0
                   0
                   0
                   0
                   0
                5390
                   0
                   0
                   0
                4235
                   0
                4675
                   0
                2475
                   0
                   0
                   0
                   0
                   0
                   0
                   0
                4840
                5060
                   0
                4895
                   0
                2585
                   0
                   0
                   0
                   0
                   0
                   0
                   0
                   0
                   0
                   0
                3575
                   0
                   0
                   0
                   0
                   0
                6820
                   0
                   0
                   0
                   0
                   0
                   0
                   0
                   0
                   0
                5665
                   0
                   0
                   0
                   0
                   0
                   0
                   0
                   0
                3630
                   0
                   0
                   0
                   0
                   0
                   0
                   0
                   0
                   0
                   0
                5390
                2970
                   0
                   0
                   0
                4565
                9075
                6875
                   0
                4950
                 880
                   0
                   0
                   0
                7535
                   0
                   0
                   0
                   0
                   0
                   0
                   0
                   0