          19
           4
           1
           1
           2
           3
           4
           1
           4
           3
           4
           3
           5
           2
           5
           5
           1
           3
           3
 1st Variable Cost Component, Aij
                   0
                   0
                   0
                   0
                   0
                   0
                   0
                   0
                  12
                   8
                   0
                   0
                   0
                   0
                   0
                   0
                   5
                   0
                   8
                   0
                   0
                   0
                   0
                   0
                   8
                   0
                   0
                   0
                   0
                   0
                   0
                   0
                   0
                   0
                   0
                   0
                   0
                   0
                   0
                   0
                   5
                  13
                   0
                   0
                   0
                   0
                   0
                   7
                   8
                   0
                   0
                   0
                   0
                   0
                   0
                   0
                   0
                   0
                   0
                   0
                   0
                   0
                   0
                  18
                   0
                   0
                   0
                   0
                   0
                   0
                   0
                   0
                   0
                   0
                   0
                   6
                   0
                  11
                   0
                   2
                   0
                   0
                   0
                   0
                   0
                   0
                   0
                  14
                   0
                  12
                   0
                   0
                   0
                   0
                   0
                   0
                   0
                   0
                   0
                   0
                   0
                   0
                   0
                   0
                   0
                   0
                   0
                   0
                   0
                   8
                   0
                   0
                   0
                  17
                   0
                   9
                   0
                  18
                  17
                   0
                   0
                   0
                   0
                   0
                   0
                   0
                   0
                   0
                   0
                   0
                   0
                   0
                   0
                   0
                   0
                   0
                  18
                   0
                   0
                   0
                   0
                   0
                   0
                   0
                   0
                   0
                   0
                   0
                   0
                   0
                   0
                   0
                   0
                   0
                   0
                   0
                   0
                   0
                   0
                   0
                   0
                   0
                   0
                   0
                   0
                   0
                   0
                   9
                   0
                   0
                   0
                   0
                   0
                   0
                   0
                  13
                   0
                  18
                   0
                   0
                   0
                  10
                  13
                  17
                  16
                   0
                   0
                   0
                   0
                   0
                   0
                   0
                   0
                   0
                  11
                   0
                   0
                   0
                   0
                   0
                   0
                   0
                   0
                   0
                  11
                   0
                  16
                   0
                   0
                   0
                   0
                   0
                   0
                   0
                   0
                   0
                  10
                   0
                   0
                   0
                  14
                  19
                   0
                   0
                  22
                   0
                   0
                   0
                   0
                   0
                   0
                   2
                   0
                   0
                   0
                   9
                   0
                   0
                   0
                   0
                   0
                   0
                   0
                   0
                  13
                   0
                   0
                   0
                   0
                   0
                   0
                   0
                   0
                   0
                   0
                   0
                   9
                   2
                   0
                   9
                   0
                   0
                   0
                   0
                   0
                   7
                   0
                   0
                   0
                  16
                   0
                   0
                   0
                   0
                   0
                   0
                   0
                  16
                   0
                   0
                   0
                   0
                   0
                  13
                  19
                   0
                   0
                   0
                   0
                   0
                   0
                   0
                   0
                   0
                   0
                   0
                  17
                   0
                   0
                   0
                   0
                   0
                   0
                   0
                   0
                   6
                   0
                   0
                   7
                   0
                   0
                   0
                   9
                   0
                   0
                   0
                   0
                   0
                   0
                   0
                   0
                   5
                   6
                   0
                   0
                  19
                  14
                   0
                   0
                   0
                  16
                   7
                   0
                  18
                   0
                  10
                  23
                  10
                   0
                  24
                   0
                  21
 2nd Variable Cost Component, Bij
                   0
            50000000
            50000000
            50000000
            50000000
            50000000
            50000000
            50000000
                  75
                  48
            50000000
            50000000
            50000000
            50000000
            50000000
            50000000
                  32
            50000000
                  51
                   0
            50000000
            50000000
            50000000
            50000000
                  51
            50000000
            50000000
            50000000
            50000000
            50000000
            50000000
            50000000
            50000000
            50000000
            50000000
            50000000
            50000000
            50000000
                   0
            50000000
                  34
                  81
            50000000
            50000000
            50000000
            50000000
            50000000
                  46
                  51
            50000000
            50000000
            50000000
            50000000
            50000000
            50000000
            50000000
            50000000
                   0
            50000000
            50000000
            50000000
            50000000
            50000000
                 110
            50000000
            50000000
            50000000
            50000000
            50000000
            50000000
            50000000
            50000000
            50000000
            50000000
            50000000
                  39
                   0
                  70
            50000000
                  15
            50000000
            50000000
            50000000
            50000000
            50000000
            50000000
            50000000
                  87
            50000000
                  77
            50000000
            50000000
            50000000
            50000000
            50000000
                   0
            50000000
            50000000
            50000000
            50000000
            50000000
            50000000
            50000000
            50000000
            50000000
            50000000
            50000000
            50000000
            50000000
                  51
            50000000
            50000000
            50000000
                 104
                   0
                  54
            50000000
                 111
                 106
            50000000
            50000000
            50000000
            50000000
            50000000
            50000000
            50000000
            50000000
            50000000
            50000000
            50000000
            50000000
            50000000
            50000000
                   0
            50000000
            50000000
                 109
            50000000
            50000000
            50000000
            50000000
            50000000
            50000000
            50000000
            50000000
            50000000
            50000000
            50000000
            50000000
            50000000
            50000000
            50000000
                   0
            50000000
            50000000
            50000000
            50000000
            50000000
            50000000
            50000000
            50000000
            50000000
            50000000
            50000000
            50000000
            50000000
            50000000
                  57
            50000000
            50000000
            50000000
                   0
            50000000
            50000000
            50000000
                  79
            50000000
                 112
            50000000
            50000000
            50000000
                  62
                  80
                 106
                  99
            50000000
            50000000
            50000000
            50000000
            50000000
                   0
            50000000
            50000000
            50000000
                  71
            50000000
            50000000
            50000000
            50000000
            50000000
            50000000
            50000000
            50000000
            50000000
                  71
            50000000
                  98
            50000000
            50000000
                   0
            50000000
            50000000
            50000000
            50000000
            50000000
            50000000
                  63
            50000000
            50000000
            50000000
                  85
                 119
            50000000
            50000000
                 135
            50000000
            50000000
            50000000
                   0
            50000000
            50000000
                  17
            50000000
            50000000
            50000000
                  56
            50000000
            50000000
            50000000
            50000000
            50000000
            50000000
            50000000
            50000000
                  82
            50000000
            50000000
                   0
            50000000
            50000000
            50000000
            50000000
            50000000
            50000000
            50000000
            50000000
                  58
                  12
            50000000
                  59
            50000000
            50000000
            50000000
            50000000
            50000000
                  46
                   0
            50000000
            50000000
                  96
            50000000
            50000000
            50000000
            50000000
            50000000
            50000000
            50000000
                 101
            50000000
            50000000
            50000000
            50000000
            50000000
                  83
                 119
                   0
            50000000
            50000000
            50000000
            50000000
            50000000
            50000000
            50000000
            50000000
            50000000
            50000000
                 107
            50000000
            50000000
            50000000
            50000000
            50000000
            50000000
            50000000
                   0
                  38
            50000000
            50000000
                  44
            50000000
            50000000
            50000000
                  56
            50000000
            50000000
            50000000
            50000000
            50000000
            50000000
            50000000
            50000000
                  31
                  38
                   0
            50000000
                 116
                  89
            50000000
            50000000
            50000000
                 101
                  47
            50000000
                 108
            50000000
                  64
                 139
                  61
            50000000
                 144
            50000000
                 128
 Fixed Cost Component, Cij
                   0
                   0
                   0
                   0
                   0
                   0
                   0
                   0
                2250
                1440
                   0
                   0
                   0
                   0
                   0
                   0
                 960
                   0
                1530
                   0
                   0
                   0
                   0
                   0
                1530
                   0
                   0
                   0
                   0
                   0
                   0
                   0
                   0
                   0
                   0
                   0
                   0
                   0
                   0
                   0
                1020
                2430
                   0
                   0
                   0
                   0
                   0
                1380
                1530
                   0
                   0
                   0
                   0
                   0
                   0
                   0
                   0
                   0
                   0
                   0
                   0
                   0
                   0
                3300
                   0
                   0
                   0
                   0
                   0
                   0
                   0
                   0
                   0
                   0
                   0
                1170
                   0
                2100
                   0
                 450
                   0
                   0
                   0
                   0
                   0
                   0
                   0
                2610
                   0
                2310
                   0
                   0
                   0
                   0
                   0
                   0
                   0
                   0
                   0
                   0
                   0
                   0
                   0
                   0
                   0
                   0
                   0
                   0
                   0
                1530
                   0
                   0
                   0
                3120
                   0
                1620
                   0
                3330
                3180
                   0
                   0
                   0
                   0
                   0
                   0
                   0
                   0
                   0
                   0
                   0
                   0
                   0
                   0
                   0
                   0
                   0
                3270
                   0
                   0
                   0
                   0
                   0
                   0
                   0
                   0
                   0
                   0
                   0
                   0
                   0
                   0
                   0
                   0
                   0
                   0
                   0
                   0
                   0
                   0
                   0
                   0
                   0
                   0
                   0
                   0
                   0
                   0
                1710
                   0
                   0
                   0
                   0
                   0
                   0
                   0
                2370
                   0
                3360
                   0
                   0
                   0
                1860
                2400
                3180
                2970
                   0
                   0
                   0
                   0
                   0
                   0
                   0
                   0
                   0
                2130
                   0
                   0
                   0
                   0
                   0
                   0
                   0
                   0
                   0
                2130
                   0
                2940
                   0
                   0
                   0
                   0
                   0
                   0
                   0
                   0
                   0
                1890
                   0
                   0
                   0
                2550
                3570
                   0
                   0
                4050
                   0
                   0
                   0
                   0
                   0
                   0
                 510
                   0
                   0
                   0
                1680
                   0
                   0
                   0
                   0
                   0
                   0
                   0
                   0
                2460
                   0
                   0
                   0
                   0
                   0
                   0
                   0
                   0
                   0
                   0
                   0
                1740
                 360
                   0
                1770
                   0
                   0
                   0
                   0
                   0
                1380
                   0
                   0
                   0
                2880
                   0
                   0
                   0
                   0
                   0
                   0
                   0
                3030
                   0
                   0
                   0
                   0
                   0
                2490
                3570
                   0
                   0
                   0
                   0
                   0
                   0
                   0
                   0
                   0
                   0
                   0
                3210
                   0
                   0
                   0
                   0
                   0
                   0
                   0
                   0
                1140
                   0
                   0
                1320
                   0
                   0
                   0
                1680
                   0
                   0
                   0
                   0
                   0
                   0
                   0
                   0
                 930
                1140
                   0
                   0
                3480
                2670
                   0
                   0
                   0
                3030
                1410
                   0
                3240
                   0
                1920
                4170
                1830
                   0
                4320
                   0
                3840