          19
           4
           4
           8
           1
           8
           8
           3
           3
           8
           1
           4
           1
           3
           3
           6
           7
           5
           5
 1st Variable Cost Component, Aij
                   0
                   6
                  11
                   0
                   0
                  12
                   0
                   0
                   0
                   0
                   0
                  12
                   0
                  13
                   0
                   9
                   0
                   0
                   0
                   0
                  10
                   0
                   0
                  16
                   3
                   0
                  13
                   3
                   0
                   0
                   0
                   0
                   0
                   0
                   2
                   0
                  11
                   0
                   0
                   9
                   0
                   0
                   0
                   0
                   8
                   0
                   0
                   0
                   0
                   0
                   0
                   0
                   0
                   0
                   0
                   0
                   0
                   0
                   0
                   0
                   0
                   8
                   0
                   2
                  13
                  12
                   0
                   0
                   0
                   0
                   0
                   0
                   0
                   8
                   0
                   0
                   0
                   0
                   0
                  14
                  12
                   7
                   0
                   0
                   0
                   0
                   0
                   0
                   6
                   8
                  12
                   0
                   0
                   0
                   0
                   0
                   0
                   0
                   0
                   0
                   0
                   0
                   0
                   0
                   0
                   2
                   0
                   0
                   0
                   3
                   0
                   0
                   0
                   0
                   0
                   0
                   0
                   0
                   0
                  10
                   8
                   0
                   0
                   0
                   0
                   4
                   0
                   0
                   0
                   0
                  14
                   0
                   0
                   0
                   0
                   0
                   0
                   0
                   0
                  15
                   0
                  10
                   0
                   0
                   0
                   0
                   0
                   0
                   0
                   0
                   0
                   9
                   0
                   0
                   8
                   0
                   0
                   0
                   0
                   0
                   0
                   0
                   0
                   0
                   0
                   0
                   0
                   0
                   0
                   0
                   0
                   0
                   0
                   0
                   0
                   9
                   8
                   0
                   0
                   4
                   0
                   0
                   0
                   0
                   0
                   0
                   0
                   0
                   0
                   0
                   0
                   0
                   0
                   0
                   0
                   0
                   0
                   0
                  12
                   0
                   3
                   0
                   0
                   0
                  10
                   0
                   0
                   0
                   0
                   0
                   0
                   0
                   0
                   0
                   0
                   0
                   0
                   0
                   0
                   0
                   0
                   0
                   0
                   0
                   0
                   0
                   0
                   0
                   0
                   0
                   0
                   4
                   0
                   0
                   0
                  10
                   0
                  10
                   0
                   0
                   0
                   0
                  11
                   0
                   6
                   0
                   0
                   0
                   0
                  11
                   0
                   0
                   0
                   0
                   0
                   0
                   0
                   0
                   0
                   0
                   0
                   0
                   0
                   0
                   0
                   0
                   0
                   0
                   0
                   0
                   0
                   0
                   8
                   0
                  12
                   0
                  10
                   0
                   0
                   0
                   0
                   0
                   0
                   0
                   0
                   0
                   0
                  14
                   0
                   0
                   9
                   3
                   6
                   0
                   0
                  10
                   0
                   0
                   0
                   0
                   0
                   9
                   0
                   0
                   0
                   0
                   8
                   0
                   0
                   2
                   0
                   0
                   0
                   0
                   0
                   0
                   0
                   0
                   0
                  10
                   0
                  14
                   1
                   0
                  12
                   0
                   0
                   6
                   0
                   0
                   0
                   0
                  17
                   0
                   0
                   0
                   0
                  11
                   0
                  18
                   0
                   4
 2nd Variable Cost Component, Bij
                   0
                  63
                 104
            50000000
            50000000
                 115
            50000000
            50000000
            50000000
            50000000
            50000000
                 116
            50000000
                 119
            50000000
                  88
            50000000
            50000000
            50000000
                   0
                  94
            50000000
            50000000
                 151
                  29
            50000000
                 122
                  35
            50000000
            50000000
            50000000
            50000000
            50000000
            50000000
                  19
            50000000
                 104
            50000000
                   0
                  85
            50000000
            50000000
            50000000
            50000000
                  81
            50000000
            50000000
            50000000
            50000000
            50000000
            50000000
            50000000
            50000000
            50000000
            50000000
            50000000
            50000000
                   0
            50000000
            50000000
            50000000
                  73
            50000000
                  21
                 122
                 112
            50000000
            50000000
            50000000
            50000000
            50000000
            50000000
            50000000
                  78
            50000000
            50000000
                   0
            50000000
            50000000
                 134
                 116
                  72
            50000000
            50000000
            50000000
            50000000
            50000000
            50000000
                  63
                  76
                 115
            50000000
            50000000
            50000000
            50000000
                   0
            50000000
            50000000
            50000000
            50000000
            50000000
            50000000
            50000000
            50000000
            50000000
                  27
            50000000
            50000000
            50000000
                  29
            50000000
            50000000
            50000000
            50000000
                   0
            50000000
            50000000
            50000000
            50000000
                  94
                  73
            50000000
            50000000
            50000000
            50000000
                  37
            50000000
            50000000
            50000000
            50000000
                 134
            50000000
            50000000
                   0
            50000000
            50000000
            50000000
            50000000
            50000000
                 140
            50000000
                  94
            50000000
            50000000
            50000000
            50000000
            50000000
            50000000
            50000000
            50000000
            50000000
                  88
                   0
            50000000
                  74
            50000000
            50000000
            50000000
            50000000
            50000000
            50000000
            50000000
            50000000
            50000000
            50000000
            50000000
            50000000
            50000000
            50000000
            50000000
            50000000
                   0
            50000000
            50000000
            50000000
                  83
                  81
            50000000
            50000000
                  44
            50000000
            50000000
            50000000
            50000000
            50000000
            50000000
            50000000
            50000000
            50000000
            50000000
                   0
            50000000
            50000000
            50000000
            50000000
            50000000
            50000000
            50000000
                 116
            50000000
                  35
            50000000
            50000000
            50000000
                  94
            50000000
            50000000
            50000000
            50000000
                   0
            50000000
            50000000
            50000000
            50000000
            50000000
            50000000
            50000000
            50000000
            50000000
            50000000
            50000000
            50000000
            50000000
            50000000
            50000000
            50000000
            50000000
            50000000
                   0
            50000000
            50000000
                  44
            50000000
            50000000
            50000000
                  97
            50000000
                  92
            50000000
            50000000
            50000000
            50000000
                 104
            50000000
                  55
            50000000
            50000000
                   0
            50000000
                 102
            50000000
            50000000
            50000000
            50000000
            50000000
            50000000
            50000000
            50000000
            50000000
            50000000
            50000000
            50000000
            50000000
            50000000
            50000000
            50000000
                   0
            50000000
            50000000
            50000000
            50000000
            50000000
                  79
            50000000
                 116
            50000000
                  97
            50000000
            50000000
            50000000
            50000000
            50000000
            50000000
            50000000
            50000000
                   0
            50000000
                 134
            50000000
            50000000
                  87
                  28
                  63
            50000000
            50000000
                 100
            50000000
            50000000
            50000000
            50000000
            50000000
                  86
            50000000
            50000000
                   0
            50000000
                  74
            50000000
            50000000
                  24
            50000000
            50000000
            50000000
            50000000
            50000000
            50000000
            50000000
            50000000
            50000000
                  98
            50000000
                 134
                  13
                   0
                 113
            50000000
            50000000
                  62
            50000000
            50000000
            50000000
            50000000
                 162
            50000000
            50000000
            50000000
            50000000
                 102
            50000000
                 164
            50000000
                  39
 Fixed Cost Component, Cij
                   0
               34650
               57200
                   0
                   0
               63250
                   0
                   0
                   0
                   0
                   0
               63800
                   0
               65450
                   0
               48400
                   0
                   0
                   0
                   0
               51700
                   0
                   0
               83050
               15950
                   0
               67100
               19250
                   0
                   0
                   0
                   0
                   0
                   0
               10450
                   0
               57200
                   0
                   0
               46750
                   0
                   0
                   0
                   0
               44550
                   0
                   0
                   0
                   0
                   0
                   0
                   0
                   0
                   0
                   0
                   0
                   0
                   0
                   0
                   0
                   0
               40150
                   0
               11550
               67100
               61600
                   0
                   0
                   0
                   0
                   0
                   0
                   0
               42900
                   0
                   0
                   0
                   0
                   0
               73700
               63800
               39600
                   0
                   0
                   0
                   0
                   0
                   0
               34650
               41800
               63250
                   0
                   0
                   0
                   0
                   0
                   0
                   0
                   0
                   0
                   0
                   0
                   0
                   0
                   0
               14850
                   0
                   0
                   0
               15950
                   0
                   0
                   0
                   0
                   0
                   0
                   0
                   0
                   0
               51700
               40150
                   0
                   0
                   0
                   0
               20350
                   0
                   0
                   0
                   0
               73700
                   0
                   0
                   0
                   0
                   0
                   0
                   0
                   0
               77000
                   0
               51700
                   0
                   0
                   0
                   0
                   0
                   0
                   0
                   0
                   0
               48400
                   0
                   0
               40700
                   0
                   0
                   0
                   0
                   0
                   0
                   0
                   0
                   0
                   0
                   0
                   0
                   0
                   0
                   0
                   0
                   0
                   0
                   0
                   0
               45650
               44550
                   0
                   0
               24200
                   0
                   0
                   0
                   0
                   0
                   0
                   0
                   0
                   0
                   0
                   0
                   0
                   0
                   0
                   0
                   0
                   0
                   0
               63800
                   0
               19250
                   0
                   0
                   0
               51700
                   0
                   0
                   0
                   0
                   0
                   0
                   0
                   0
                   0
                   0
                   0
                   0
                   0
                   0
                   0
                   0
                   0
                   0
                   0
                   0
                   0
                   0
                   0
                   0
                   0
                   0
               24200
                   0
                   0
                   0
               53350
                   0
               50600
                   0
                   0
                   0
                   0
               57200
                   0
               30250
                   0
                   0
                   0
                   0
               56100
                   0
                   0
                   0
                   0
                   0
                   0
                   0
                   0
                   0
                   0
                   0
                   0
                   0
                   0
                   0
                   0
                   0
                   0
                   0
                   0
                   0
                   0
               43450
                   0
               63800
                   0
               53350
                   0
                   0
                   0
                   0
                   0
                   0
                   0
                   0
                   0
                   0
               73700
                   0
                   0
               47850
               15400
               34650
                   0
                   0
               55000
                   0
                   0
                   0
                   0
                   0
               47300
                   0
                   0
                   0
                   0
               40700
                   0
                   0
               13200
                   0
                   0
                   0
                   0
                   0
                   0
                   0
                   0
                   0
               53900
                   0
               73700
                7150
                   0
               62150
                   0
                   0
               34100
                   0
                   0
                   0
                   0
               89100
                   0
                   0
                   0
                   0
               56100
                   0
               90200
                   0
               21450