          19
           6
           2
           3
           5
           9
           5
           1
           4
           7
           1
           9
           3
           1
           6
           2
           5
           4
           4
 1st Variable Cost Component, Aij
                   0
                   0
                   0
                   0
                   0
                   0
                   0
                   0
                   0
                   7
                   0
                   5
                   0
                   0
                  10
                   0
                   0
                   2
                   4
                   0
                   0
                   0
                   7
                   0
                   0
                   0
                   0
                   0
                   0
                   0
                   0
                   7
                   0
                   0
                   0
                   0
                   0
                   0
                   0
                   0
                   0
                   0
                   0
                   0
                   0
                   0
                   0
                   0
                   0
                   0
                   0
                   0
                   0
                   5
                   9
                   0
                   0
                   0
                   0
                   0
                   0
                   1
                   0
                   0
                   0
                   0
                   0
                  11
                   0
                   0
                   0
                   6
                   0
                   0
                   0
                   0
                   0
                   0
                   0
                   0
                  12
                   0
                   0
                   9
                   0
                   0
                   0
                   0
                  10
                   5
                   3
                   0
                   5
                   0
                   0
                   0
                   0
                   0
                   0
                   0
                   0
                   0
                   0
                   0
                   0
                   0
                   0
                   0
                   0
                   0
                   0
                   0
                   0
                   0
                   0
                   0
                   0
                   0
                   0
                   0
                   0
                   0
                   0
                   0
                   0
                   0
                   0
                   0
                   0
                   0
                   0
                   0
                   0
                   0
                   0
                   0
                   0
                   0
                   8
                  13
                   0
                   8
                   9
                   0
                   0
                   0
                   0
                   0
                   0
                   0
                   0
                   0
                   0
                  13
                   0
                   0
                   0
                   0
                  10
                   0
                   0
                   0
                   0
                   9
                   0
                   0
                   0
                   0
                   1
                   0
                  13
                   0
                   9
                   0
                   3
                   0
                   0
                   0
                   0
                   0
                   0
                  16
                  14
                   0
                   0
                   0
                   0
                   4
                   0
                   0
                   0
                   0
                   0
                   0
                   0
                  11
                   0
                   0
                   0
                   0
                   6
                  10
                   9
                   0
                   0
                   0
                   0
                   0
                   0
                   0
                   0
                   0
                  13
                   0
                  16
                   0
                   0
                   0
                   0
                   0
                   0
                   0
                   0
                   0
                   0
                   3
                   0
                   0
                   0
                   4
                   0
                   0
                   9
                   0
                   6
                   0
                   0
                  11
                   0
                   0
                   0
                  13
                  14
                   0
                  12
                   0
                   0
                   0
                   0
                   0
                   0
                   0
                  10
                   0
                   0
                   0
                   0
                   0
                   0
                   0
                   0
                   0
                   0
                   0
                   0
                   0
                   0
                   0
                   0
                   0
                   0
                   0
                   0
                   0
                   0
                   0
                   0
                   0
                   0
                   0
                   0
                   0
                   0
                   0
                   0
                   0
                   0
                   0
                  13
                   0
                   0
                   0
                   0
                  16
                   0
                   0
                   0
                   0
                   4
                  16
                   0
                   0
                   0
                   0
                   0
                   0
                   0
                   0
                   0
                   0
                   0
                   0
                   8
                   0
                   0
                   0
                   0
                   0
                   0
                   0
                   0
                   0
                   0
                   0
                   0
                  22
                   0
                   9
                   0
                  20
                   0
                   9
                   0
                  16
                   0
                   0
                   0
                   0
                   0
                   0
                   0
                   0
 2nd Variable Cost Component, Bij
                   0
            50000000
            50000000
            50000000
            50000000
            50000000
            50000000
            50000000
            50000000
                  60
            50000000
                  43
            50000000
            50000000
                  90
            50000000
            50000000
                  22
                  41
                   0
            50000000
            50000000
                  60
            50000000
            50000000
            50000000
            50000000
            50000000
            50000000
            50000000
            50000000
                  60
            50000000
            50000000
            50000000
            50000000
            50000000
            50000000
                   0
            50000000
            50000000
            50000000
            50000000
            50000000
            50000000
            50000000
            50000000
            50000000
            50000000
            50000000
            50000000
            50000000
            50000000
                  49
                  77
            50000000
            50000000
                   0
            50000000
            50000000
            50000000
                  14
            50000000
            50000000
            50000000
            50000000
            50000000
                 100
            50000000
            50000000
            50000000
                  56
            50000000
            50000000
            50000000
            50000000
                   0
            50000000
            50000000
            50000000
                 111
            50000000
            50000000
                  85
            50000000
            50000000
            50000000
            50000000
                  89
                  48
                  34
            50000000
                  43
            50000000
            50000000
                   0
            50000000
            50000000
            50000000
            50000000
            50000000
            50000000
            50000000
            50000000
            50000000
            50000000
            50000000
            50000000
            50000000
            50000000
            50000000
            50000000
            50000000
            50000000
                   0
            50000000
            50000000
            50000000
            50000000
            50000000
            50000000
            50000000
            50000000
            50000000
            50000000
            50000000
            50000000
            50000000
            50000000
            50000000
            50000000
            50000000
            50000000
                   0
            50000000
            50000000
            50000000
            50000000
                  74
                 112
            50000000
                  71
                  83
            50000000
            50000000
            50000000
            50000000
            50000000
            50000000
            50000000
            50000000
            50000000
                   0
                 116
            50000000
            50000000
            50000000
            50000000
                  87
            50000000
            50000000
            50000000
            50000000
                  79
            50000000
            50000000
            50000000
            50000000
                   9
            50000000
                 116
                   0
                  82
            50000000
                  33
            50000000
            50000000
            50000000
            50000000
            50000000
            50000000
                 138
                 121
            50000000
            50000000
            50000000
            50000000
                  42
            50000000
            50000000
                   0
            50000000
            50000000
            50000000
            50000000
                  98
            50000000
            50000000
            50000000
            50000000
                  59
                  89
                  85
            50000000
            50000000
            50000000
            50000000
            50000000
            50000000
                   0
            50000000
            50000000
                 117
            50000000
                 144
            50000000
            50000000
            50000000
            50000000
            50000000
            50000000
            50000000
            50000000
            50000000
            50000000
                  33
            50000000
            50000000
                   0
                  39
            50000000
            50000000
                  84
            50000000
                  54
            50000000
            50000000
                 100
            50000000
            50000000
            50000000
                 112
                 127
            50000000
                 105
            50000000
            50000000
                   0
            50000000
            50000000
            50000000
            50000000
                  90
            50000000
            50000000
            50000000
            50000000
            50000000
            50000000
            50000000
            50000000
            50000000
            50000000
            50000000
            50000000
            50000000
                   0
            50000000
            50000000
            50000000
            50000000
            50000000
            50000000
            50000000
            50000000
            50000000
            50000000
            50000000
            50000000
            50000000
            50000000
            50000000
            50000000
            50000000
            50000000
                   0
            50000000
            50000000
                 113
            50000000
            50000000
            50000000
            50000000
                 144
            50000000
            50000000
            50000000
            50000000
                  42
                 144
            50000000
            50000000
            50000000
            50000000
                   0
            50000000
            50000000
            50000000
            50000000
            50000000
            50000000
            50000000
                  69
            50000000
            50000000
            50000000
            50000000
            50000000
            50000000
            50000000
            50000000
            50000000
            50000000
                   0
            50000000
                 195
            50000000
                  80
            50000000
                 175
            50000000
                  78
            50000000
                 139
            50000000
            50000000
            50000000
            50000000
            50000000
            50000000
            50000000
            50000000
 Fixed Cost Component, Cij
                   0
                   0
                   0
                   0
                   0
                   0
                   0
                   0
                   0
                  33
                   0
                  23
                   0
                   0
                  49
                   0
                   0
                  12
                  22
                   0
                   0
                   0
                  33
                   0
                   0
                   0
                   0
                   0
                   0
                   0
                   0
                  33
                   0
                   0
                   0
                   0
                   0
                   0
                   0
                   0
                   0
                   0
                   0
                   0
                   0
                   0
                   0
                   0
                   0
                   0
                   0
                   0
                   0
                  26
                  42
                   0
                   0
                   0
                   0
                   0
                   0
                   7
                   0
                   0
                   0
                   0
                   0
                  55
                   0
                   0
                   0
                  30
                   0
                   0
                   0
                   0
                   0
                   0
                   0
                   0
                  61
                   0
                   0
                  46
                   0
                   0
                   0
                   0
                  48
                  26
                  18
                   0
                  23
                   0
                   0
                   0
                   0
                   0
                   0
                   0
                   0
                   0
                   0
                   0
                   0
                   0
                   0
                   0
                   0
                   0
                   0
                   0
                   0
                   0
                   0
                   0
                   0
                   0
                   0
                   0
                   0
                   0
                   0
                   0
                   0
                   0
                   0
                   0
                   0
                   0
                   0
                   0
                   0
                   0
                   0
                   0
                   0
                   0
                  40
                  61
                   0
                  39
                  45
                   0
                   0
                   0
                   0
                   0
                   0
                   0
                   0
                   0
                   0
                  63
                   0
                   0
                   0
                   0
                  47
                   0
                   0
                   0
                   0
                  43
                   0
                   0
                   0
                   0
                   4
                   0
                  63
                   0
                  45
                   0
                  18
                   0
                   0
                   0
                   0
                   0
                   0
                  75
                  66
                   0
                   0
                   0
                   0
                  23
                   0
                   0
                   0
                   0
                   0
                   0
                   0
                  53
                   0
                   0
                   0
                   0
                  32
                  48
                  46
                   0
                   0
                   0
                   0
                   0
                   0
                   0
                   0
                   0
                  64
                   0
                  79
                   0
                   0
                   0
                   0
                   0
                   0
                   0
                   0
                   0
                   0
                  18
                   0
                   0
                   0
                  21
                   0
                   0
                  46
                   0
                  29
                   0
                   0
                  55
                   0
                   0
                   0
                  61
                  69
                   0
                  57
                   0
                   0
                   0
                   0
                   0
                   0
                   0
                  49
                   0
                   0
                   0
                   0
                   0
                   0
                   0
                   0
                   0
                   0
                   0
                   0
                   0
                   0
                   0
                   0
                   0
                   0
                   0
                   0
                   0
                   0
                   0
                   0
                   0
                   0
                   0
                   0
                   0
                   0
                   0
                   0
                   0
                   0
                   0
                  62
                   0
                   0
                   0
                   0
                  79
                   0
                   0
                   0
                   0
                  23
                  79
                   0
                   0
                   0
                   0
                   0
                   0
                   0
                   0
                   0
                   0
                   0
                   0
                  37
                   0
                   0
                   0
                   0
                   0
                   0
                   0
                   0
                   0
                   0
                   0
                   0
                 107
                   0
                  44
                   0
                  96
                   0
                  42
                   0
                  76
                   0
                   0
                   0
                   0
                   0
                   0
                   0
                   0