          19
           4
           4
           3
           3
           4
           5
           2
           4
           5
           5
           4
           2
           1
           4
           5
           4
           4
           3
 1st Variable Cost Component, Aij
                   0
                  16
                   0
                   0
                  11
                   0
                   0
                   0
                   0
                   0
                   0
                   0
                   0
                   0
                   0
                   0
                   0
                   0
                   0
                   0
                   0
                   0
                   0
                   0
                   0
                   0
                   0
                   0
                  18
                   0
                   0
                   0
                   4
                  13
                  18
                   0
                   0
                   0
                   0
                   0
                   0
                   0
                   0
                   0
                   0
                   0
                   0
                   0
                   0
                   0
                   0
                   0
                  10
                   0
                   0
                   0
                   0
                   0
                  15
                   0
                   0
                   0
                   0
                   0
                   0
                   0
                   5
                   0
                   0
                   7
                   0
                  14
                   0
                   8
                   0
                   0
                   0
                   0
                   0
                   0
                   0
                  10
                   0
                   0
                   0
                   9
                   0
                   0
                   0
                   0
                   0
                  14
                   0
                   0
                  15
                   0
                   0
                  18
                  13
                   0
                  15
                   0
                   2
                   0
                   0
                   0
                   0
                   0
                   0
                   0
                   0
                  12
                   0
                   0
                   0
                   0
                   0
                   9
                   0
                   0
                   0
                   4
                   7
                   0
                  11
                   0
                   0
                   0
                   0
                   0
                   0
                   0
                   0
                   0
                   0
                   0
                   0
                   0
                   0
                   9
                   0
                   0
                   0
                   0
                   0
                  22
                   0
                   0
                   0
                   0
                   0
                   0
                   0
                   0
                   0
                   0
                  11
                  18
                  17
                   0
                   0
                  18
                   0
                   0
                   6
                   0
                   0
                   0
                   0
                   0
                   0
                   0
                   0
                   0
                   0
                   0
                   0
                   0
                   0
                   0
                   0
                   0
                   6
                   0
                   0
                  15
                  18
                  19
                   0
                   0
                   0
                   0
                   0
                   0
                  14
                  15
                   0
                   0
                  12
                   0
                   0
                   0
                   5
                   0
                   0
                   0
                   0
                   0
                   0
                   0
                   0
                   0
                  12
                  19
                  19
                   0
                  10
                   0
                   0
                   5
                   0
                   0
                   0
                   0
                   0
                   6
                   0
                   0
                   0
                   0
                   0
                   0
                   3
                   0
                   0
                   0
                   0
                  13
                   0
                   0
                   0
                   9
                   0
                   0
                   0
                  15
                  10
                   0
                   0
                   7
                   0
                   0
                  12
                   4
                   0
                   0
                   0
                   0
                   7
                   7
                   0
                   8
                   0
                  12
                   0
                   0
                   0
                   0
                  13
                   0
                  11
                  13
                   0
                   0
                   0
                   1
                   0
                   0
                   0
                   0
                  15
                  19
                   0
                   0
                   9
                   0
                   0
                   0
                   0
                   0
                  10
                   0
                   0
                   0
                   0
                   0
                   0
                   5
                   0
                   0
                   0
                   0
                   0
                   0
                   0
                   0
                   0
                   0
                   0
                   0
                   0
                  12
                   0
                   0
                   0
                   0
                   0
                   0
                   0
                   0
                   0
                   0
                   0
                   0
                   0
                   0
                   0
                   0
                   0
                  24
                  25
                   0
                  18
                  17
                   0
                   0
                  23
                  21
                   0
                  23
                  21
                   0
 2nd Variable Cost Component, Bij
                   0
                 123
            50000000
            50000000
                  83
            50000000
            50000000
            50000000
            50000000
            50000000
            50000000
            50000000
            50000000
            50000000
            50000000
            50000000
            50000000
            50000000
            50000000
                   0
            50000000
            50000000
            50000000
            50000000
            50000000
            50000000
            50000000
            50000000
                 138
            50000000
            50000000
            50000000
                  36
                  99
                 133
            50000000
            50000000
            50000000
                   0
            50000000
            50000000
            50000000
            50000000
            50000000
            50000000
            50000000
            50000000
            50000000
            50000000
            50000000
            50000000
            50000000
                  80
            50000000
            50000000
            50000000
            50000000
                   0
                 116
            50000000
            50000000
            50000000
            50000000
            50000000
            50000000
            50000000
                  38
            50000000
            50000000
                  56
            50000000
                 106
            50000000
                  60
            50000000
            50000000
                   0
            50000000
            50000000
            50000000
            50000000
                  78
            50000000
            50000000
            50000000
                  71
            50000000
            50000000
            50000000
            50000000
            50000000
                 107
            50000000
            50000000
                 114
                   0
            50000000
                 132
                 101
            50000000
                 117
            50000000
                  18
            50000000
            50000000
            50000000
            50000000
            50000000
            50000000
            50000000
            50000000
                  94
            50000000
            50000000
                   0
            50000000
            50000000
                  72
            50000000
            50000000
            50000000
                  33
                  54
            50000000
                  87
            50000000
            50000000
            50000000
            50000000
            50000000
            50000000
            50000000
            50000000
                   0
            50000000
            50000000
            50000000
            50000000
            50000000
                  70
            50000000
            50000000
            50000000
            50000000
            50000000
                 167
            50000000
            50000000
            50000000
            50000000
            50000000
            50000000
                   0
            50000000
            50000000
            50000000
                  86
                 138
                 131
            50000000
            50000000
                 132
            50000000
            50000000
                  45
            50000000
            50000000
            50000000
            50000000
            50000000
            50000000
                   0
            50000000
            50000000
            50000000
            50000000
            50000000
            50000000
            50000000
            50000000
            50000000
            50000000
                  46
            50000000
            50000000
                 117
                 139
                 140
            50000000
            50000000
                   0
            50000000
            50000000
            50000000
                 108
                 114
            50000000
            50000000
                  92
            50000000
            50000000
            50000000
                  42
            50000000
            50000000
            50000000
            50000000
            50000000
            50000000
                   0
            50000000
            50000000
                  90
                 140
                 140
            50000000
                  77
            50000000
            50000000
                  38
            50000000
            50000000
            50000000
            50000000
            50000000
                  46
            50000000
            50000000
                   0
            50000000
            50000000
            50000000
                  29
            50000000
            50000000
            50000000
            50000000
                 100
            50000000
            50000000
            50000000
                  70
            50000000
            50000000
            50000000
                 112
                  79
                   0
            50000000
                  57
            50000000
            50000000
                  89
                  36
            50000000
            50000000
            50000000
            50000000
                  54
                  56
            50000000
                  62
            50000000
                  90
            50000000
            50000000
                   0
            50000000
                  97
            50000000
                  83
                  99
            50000000
            50000000
            50000000
                   9
            50000000
            50000000
            50000000
            50000000
                 114
                 140
            50000000
            50000000
                  68
                   0
            50000000
            50000000
            50000000
            50000000
                  80
            50000000
            50000000
            50000000
            50000000
            50000000
            50000000
                  40
            50000000
            50000000
            50000000
            50000000
            50000000
            50000000
                   0
            50000000
            50000000
            50000000
            50000000
            50000000
            50000000
                  91
            50000000
            50000000
            50000000
            50000000
            50000000
            50000000
            50000000
            50000000
            50000000
            50000000
            50000000
                   0
            50000000
            50000000
            50000000
            50000000
            50000000
                 177
                 184
            50000000
                 133
                 128
            50000000
            50000000
                 174
                 157
            50000000
                 172
                 157
            50000000
 Fixed Cost Component, Cij
                   0
                 369
                   0
                   0
                 249
                   0
                   0
                   0
                   0
                   0
                   0
                   0
                   0
                   0
                   0
                   0
                   0
                   0
                   0
                   0
                   0
                   0
                   0
                   0
                   0
                   0
                   0
                   0
                 414
                   0
                   0
                   0
                 108
                 297
                 399
                   0
                   0
                   0
                   0
                   0
                   0
                   0
                   0
                   0
                   0
                   0
                   0
                   0
                   0
                   0
                   0
                   0
                 240
                   0
                   0
                   0
                   0
                   0
                 348
                   0
                   0
                   0
                   0
                   0
                   0
                   0
                 114
                   0
                   0
                 168
                   0
                 318
                   0
                 180
                   0
                   0
                   0
                   0
                   0
                   0
                   0
                 234
                   0
                   0
                   0
                 213
                   0
                   0
                   0
                   0
                   0
                 321
                   0
                   0
                 342
                   0
                   0
                 396
                 303
                   0
                 351
                   0
                  54
                   0
                   0
                   0
                   0
                   0
                   0
                   0
                   0
                 282
                   0
                   0
                   0
                   0
                   0
                 216
                   0
                   0
                   0
                  99
                 162
                   0
                 261
                   0
                   0
                   0
                   0
                   0
                   0
                   0
                   0
                   0
                   0
                   0
                   0
                   0
                   0
                 210
                   0
                   0
                   0
                   0
                   0
                 501
                   0
                   0
                   0
                   0
                   0
                   0
                   0
                   0
                   0
                   0
                 258
                 414
                 393
                   0
                   0
                 396
                   0
                   0
                 135
                   0
                   0
                   0
                   0
                   0
                   0
                   0
                   0
                   0
                   0
                   0
                   0
                   0
                   0
                   0
                   0
                   0
                 138
                   0
                   0
                 351
                 417
                 420
                   0
                   0
                   0
                   0
                   0
                   0
                 324
                 342
                   0
                   0
                 276
                   0
                   0
                   0
                 126
                   0
                   0
                   0
                   0
                   0
                   0
                   0
                   0
                   0
                 270
                 420
                 420
                   0
                 231
                   0
                   0
                 114
                   0
                   0
                   0
                   0
                   0
                 138
                   0
                   0
                   0
                   0
                   0
                   0
                  87
                   0
                   0
                   0
                   0
                 300
                   0
                   0
                   0
                 210
                   0
                   0
                   0
                 336
                 237
                   0
                   0
                 171
                   0
                   0
                 267
                 108
                   0
                   0
                   0
                   0
                 162
                 168
                   0
                 186
                   0
                 270
                   0
                   0
                   0
                   0
                 291
                   0
                 249
                 297
                   0
                   0
                   0
                  27
                   0
                   0
                   0
                   0
                 342
                 420
                   0
                   0
                 204
                   0
                   0
                   0
                   0
                   0
                 240
                   0
                   0
                   0
                   0
                   0
                   0
                 120
                   0
                   0
                   0
                   0
                   0
                   0
                   0
                   0
                   0
                   0
                   0
                   0
                   0
                 273
                   0
                   0
                   0
                   0
                   0
                   0
                   0
                   0
                   0
                   0
                   0
                   0
                   0
                   0
                   0
                   0
                   0
                 531
                 552
                   0
                 399
                 384
                   0
                   0
                 522
                 471
                   0
                 516
                 471
                   0