          19
           1
           3
           4
           1
           3
           1
           2
           3
           1
           2
           2
           3
           4
           1
           2
           2
           2
           1
 1st Variable Cost Component, Aij
                   0
                   0
                   0
                   0
                   0
                   0
                   0
                   0
                   0
                  29
                   0
                   0
                  19
                   0
                   0
                   0
                   0
                   0
                   0
                   0
                   0
                   0
                   0
                   8
                  11
                   0
                  12
                   0
                   0
                  17
                   9
                  10
                   0
                   0
                   0
                   0
                   0
                   5
                   0
                   0
                   4
                   0
                   0
                   0
                   0
                   0
                   0
                   0
                   0
                   0
                  13
                   0
                   0
                   0
                   0
                   0
                   0
                   0
                  16
                   0
                   0
                   0
                   0
                   0
                   0
                  34
                   0
                   0
                   0
                   0
                   0
                   0
                   0
                   0
                   0
                   0
                   0
                   1
                   0
                  18
                   0
                  19
                   0
                  25
                   0
                   0
                   0
                   0
                  16
                  28
                   0
                   0
                   5
                   0
                   0
                   0
                  17
                  18
                   0
                   0
                   0
                  24
                   0
                   0
                   0
                   0
                   0
                   0
                   0
                  11
                  17
                   0
                   0
                   0
                   0
                   0
                   0
                   0
                  21
                   0
                   4
                   0
                   0
                   0
                   0
                  13
                   0
                   0
                   0
                   0
                   0
                   0
                  20
                   0
                   0
                  13
                   0
                  21
                   0
                   0
                   0
                   0
                   0
                   0
                   0
                   0
                   0
                   0
                   4
                   0
                   0
                  22
                   0
                   0
                   0
                   0
                   0
                   0
                   9
                   0
                   0
                   0
                   0
                   0
                   0
                  31
                   0
                   0
                   0
                  13
                   0
                   0
                   0
                   0
                   0
                   0
                  20
                   0
                   0
                  20
                  24
                  10
                   4
                   0
                   0
                   0
                  21
                   0
                   0
                   0
                   0
                   0
                   0
                   7
                   0
                   0
                   0
                   0
                   0
                  17
                   0
                   0
                   0
                   0
                   7
                  21
                   0
                   0
                   0
                   0
                  12
                   0
                   0
                   0
                   0
                   0
                   0
                   0
                   0
                   0
                   0
                   0
                   0
                   0
                   0
                   0
                   0
                  12
                   0
                   0
                   0
                   0
                   9
                   0
                   0
                  10
                   0
                   0
                   0
                   0
                   0
                   0
                   1
                   0
                   0
                   0
                   0
                   0
                   0
                   0
                   0
                   0
                   0
                  12
                   0
                  12
                   0
                   0
                  14
                   0
                   0
                   0
                   0
                   0
                   0
                   0
                   0
                   0
                   0
                   0
                   0
                  19
                   0
                   0
                   0
                   0
                   0
                   0
                   0
                   0
                   0
                   0
                   0
                   0
                   0
                   0
                   0
                  10
                   0
                   0
                   0
                   0
                   0
                   0
                   0
                  28
                   0
                   0
                   0
                   0
                   0
                   0
                   0
                   0
                   0
                   0
                   0
                   0
                   0
                   0
                   0
                   0
                   0
                   0
                   0
                   0
                   0
                  16
                  14
                   0
                  18
                  10
                  13
                   0
                   0
                   0
                   0
                   7
                  23
                   0
                  31
                   0
                   0
                  36
                   0
                   0
                   0
                  19
                  16
                  19
                  18
                   0
 2nd Variable Cost Component, Bij
                   0
            50000000
            50000000
            50000000
            50000000
            50000000
            50000000
            50000000
            50000000
                 125
            50000000
            50000000
                  82
            50000000
            50000000
            50000000
            50000000
            50000000
            50000000
                   0
            50000000
            50000000
            50000000
                  34
                  49
            50000000
                  53
            50000000
            50000000
                  73
                  39
                  46
            50000000
            50000000
            50000000
            50000000
            50000000
                  23
                   0
            50000000
                  20
            50000000
            50000000
            50000000
            50000000
            50000000
            50000000
            50000000
            50000000
            50000000
                  58
            50000000
            50000000
            50000000
            50000000
            50000000
            50000000
                   0
                  70
            50000000
            50000000
            50000000
            50000000
            50000000
            50000000
                 147
            50000000
            50000000
            50000000
            50000000
            50000000
            50000000
            50000000
            50000000
            50000000
            50000000
                   0
                   8
            50000000
                  78
            50000000
                  83
            50000000
                 108
            50000000
            50000000
            50000000
            50000000
                  69
                 119
            50000000
            50000000
                  22
            50000000
            50000000
                   0
                  74
                  79
            50000000
            50000000
            50000000
                 102
            50000000
            50000000
            50000000
            50000000
            50000000
            50000000
            50000000
                  49
                  72
            50000000
            50000000
            50000000
                   0
            50000000
            50000000
            50000000
                  90
            50000000
                  18
            50000000
            50000000
            50000000
            50000000
                  56
            50000000
            50000000
            50000000
            50000000
            50000000
            50000000
                  85
                   0
            50000000
                  56
            50000000
                  89
            50000000
            50000000
            50000000
            50000000
            50000000
            50000000
            50000000
            50000000
            50000000
            50000000
                  19
            50000000
            50000000
                  97
                   0
            50000000
            50000000
            50000000
            50000000
            50000000
                  41
            50000000
            50000000
            50000000
            50000000
            50000000
            50000000
                 134
            50000000
            50000000
            50000000
                  56
            50000000
                   0
            50000000
            50000000
            50000000
            50000000
                  85
            50000000
            50000000
                  88
                 102
                  43
                  20
            50000000
            50000000
            50000000
                  90
            50000000
            50000000
            50000000
                   0
            50000000
            50000000
                  33
            50000000
            50000000
            50000000
            50000000
            50000000
                  73
            50000000
            50000000
            50000000
            50000000
                  33
                  89
            50000000
            50000000
            50000000
                   0
                  51
            50000000
            50000000
            50000000
            50000000
            50000000
            50000000
            50000000
            50000000
            50000000
            50000000
            50000000
            50000000
            50000000
            50000000
            50000000
            50000000
                  51
                   0
            50000000
            50000000
            50000000
                  42
            50000000
            50000000
                  46
            50000000
            50000000
            50000000
            50000000
            50000000
            50000000
                   7
            50000000
            50000000
            50000000
            50000000
                   0
            50000000
            50000000
            50000000
            50000000
            50000000
                  54
            50000000
                  51
            50000000
            50000000
                  63
            50000000
            50000000
            50000000
            50000000
            50000000
            50000000
            50000000
                   0
            50000000
            50000000
            50000000
            50000000
                  82
            50000000
            50000000
            50000000
            50000000
            50000000
            50000000
            50000000
            50000000
            50000000
            50000000
            50000000
            50000000
            50000000
                   0
            50000000
                  46
            50000000
            50000000
            50000000
            50000000
            50000000
            50000000
            50000000
                 120
            50000000
            50000000
            50000000
            50000000
            50000000
            50000000
            50000000
            50000000
                   0
            50000000
            50000000
            50000000
            50000000
            50000000
            50000000
            50000000
            50000000
            50000000
            50000000
            50000000
            50000000
                  68
                  60
            50000000
                  80
                  46
                  59
                   0
            50000000
            50000000
            50000000
                  32
                 100
            50000000
                 131
            50000000
            50000000
                 156
            50000000
            50000000
            50000000
                  84
                  71
                  81
                  76
            50000000
 Fixed Cost Component, Cij
                   0
                   0
                   0
                   0
                   0
                   0
                   0
                   0
                   0
                 375
                   0
                   0
                 246
                   0
                   0
                   0
                   0
                   0
                   0
                   0
                   0
                   0
                   0
                 102
                 147
                   0
                 159
                   0
                   0
                 219
                 117
                 138
                   0
                   0
                   0
                   0
                   0
                  69
                   0
                   0
                  60
                   0
                   0
                   0
                   0
                   0
                   0
                   0
                   0
                   0
                 174
                   0
                   0
                   0
                   0
                   0
                   0
                   0
                 210
                   0
                   0
                   0
                   0
                   0
                   0
                 441
                   0
                   0
                   0
                   0
                   0
                   0
                   0
                   0
                   0
                   0
                   0
                  24
                   0
                 234
                   0
                 249
                   0
                 324
                   0
                   0
                   0
                   0
                 207
                 357
                   0
                   0
                  66
                   0
                   0
                   0
                 222
                 237
                   0
                   0
                   0
                 306
                   0
                   0
                   0
                   0
                   0
                   0
                   0
                 147
                 216
                   0
                   0
                   0
                   0
                   0
                   0
                   0
                 270
                   0
                  54
                   0
                   0
                   0
                   0
                 168
                   0
                   0
                   0
                   0
                   0
                   0
                 255
                   0
                   0
                 168
                   0
                 267
                   0
                   0
                   0
                   0
                   0
                   0
                   0
                   0
                   0
                   0
                  57
                   0
                   0
                 291
                   0
                   0
                   0
                   0
                   0
                   0
                 123
                   0
                   0
                   0
                   0
                   0
                   0
                 402
                   0
                   0
                   0
                 168
                   0
                   0
                   0
                   0
                   0
                   0
                 255
                   0
                   0
                 264
                 306
                 129
                  60
                   0
                   0
                   0
                 270
                   0
                   0
                   0
                   0
                   0
                   0
                  99
                   0
                   0
                   0
                   0
                   0
                 219
                   0
                   0
                   0
                   0
                  99
                 267
                   0
                   0
                   0
                   0
                 153
                   0
                   0
                   0
                   0
                   0
                   0
                   0
                   0
                   0
                   0
                   0
                   0
                   0
                   0
                   0
                   0
                 153
                   0
                   0
                   0
                   0
                 126
                   0
                   0
                 138
                   0
                   0
                   0
                   0
                   0
                   0
                  21
                   0
                   0
                   0
                   0
                   0
                   0
                   0
                   0
                   0
                   0
                 162
                   0
                 153
                   0
                   0
                 189
                   0
                   0
                   0
                   0
                   0
                   0
                   0
                   0
                   0
                   0
                   0
                   0
                 246
                   0
                   0
                   0
                   0
                   0
                   0
                   0
                   0
                   0
                   0
                   0
                   0
                   0
                   0
                   0
                 138
                   0
                   0
                   0
                   0
                   0
                   0
                   0
                 360
                   0
                   0
                   0
                   0
                   0
                   0
                   0
                   0
                   0
                   0
                   0
                   0
                   0
                   0
                   0
                   0
                   0
                   0
                   0
                   0
                   0
                 204
                 180
                   0
                 240
                 138
                 177
                   0
                   0
                   0
                   0
                  96
                 300
                   0
                 393
                   0
                   0
                 468
                   0
                   0
                   0
                 252
                 213
                 243
                 228
                   0