          19
           1
           5
           2
           3
           2
           5
           1
           4
           4
           4
           3
           2
           3
           4
           2
           1
           5
           2
 1st Variable Cost Component, Aij
                   0
                   0
                  18
                   0
                   0
                  10
                   0
                  11
                   9
                   0
                   0
                   0
                   0
                   0
                   0
                   0
                   0
                   0
                   0
                   0
                   0
                   0
                   0
                   0
                   0
                   0
                   0
                   0
                   0
                   0
                   0
                   0
                   0
                   0
                   0
                   0
                   0
                   0
                   0
                   2
                   6
                  13
                  16
                   0
                   0
                   0
                   0
                   0
                   0
                   0
                   6
                  25
                   0
                   0
                   0
                   0
                   0
                   0
                   0
                   0
                   0
                   0
                   0
                   0
                  15
                   0
                   0
                   0
                   0
                   0
                   0
                   0
                   0
                   0
                   0
                   0
                   0
                   0
                   0
                   7
                   0
                   0
                   0
                   0
                  21
                   0
                   0
                  20
                   0
                   3
                   0
                   0
                   0
                   0
                   0
                   0
                   0
                   0
                   0
                   0
                   0
                   9
                   0
                   9
                   0
                  12
                   0
                   0
                  24
                   0
                   0
                   0
                   0
                   0
                   0
                   0
                  20
                  12
                   0
                   0
                   0
                   5
                   0
                  17
                   0
                   0
                   0
                   0
                   0
                   0
                   0
                   0
                   0
                   0
                   0
                   0
                   0
                   0
                   0
                   0
                   0
                   0
                   0
                   9
                   9
                   0
                   0
                   0
                   0
                   9
                   0
                   0
                   0
                   0
                   0
                   0
                   0
                   0
                   0
                   0
                   0
                   0
                   0
                   0
                   0
                   0
                   0
                   0
                  12
                   0
                   0
                   0
                   0
                   0
                   0
                   0
                   0
                   0
                  11
                   3
                   0
                   0
                   0
                   0
                   0
                   0
                   0
                   0
                   0
                   0
                   0
                   0
                   0
                  19
                   0
                   0
                   0
                   0
                   0
                   0
                   0
                   0
                   0
                   9
                  23
                   0
                   0
                   0
                   0
                   0
                   0
                   0
                   0
                  16
                   0
                   0
                   0
                  21
                   0
                   0
                   0
                   0
                   0
                   0
                   0
                   0
                   0
                   0
                   0
                   0
                  20
                   0
                   0
                   0
                   0
                   0
                   0
                   0
                   0
                   0
                   0
                   0
                   0
                   6
                   0
                  18
                   0
                   0
                   0
                  17
                   0
                   0
                   0
                   0
                   6
                   0
                   0
                   0
                  13
                   0
                   0
                   0
                   0
                   0
                   0
                   0
                   0
                   0
                   0
                   0
                  18
                   0
                   0
                   0
                   0
                  12
                   0
                   0
                  22
                   0
                   0
                   0
                   7
                   0
                   0
                   0
                   0
                   0
                   0
                   0
                   0
                   0
                  13
                   0
                   0
                   0
                   0
                   0
                   0
                   0
                   0
                   0
                   0
                   0
                   0
                   0
                  16
                   7
                   0
                   0
                   0
                   0
                   0
                   0
                   8
                   0
                   0
                   0
                   0
                   0
                   0
                  22
                   0
                   0
                  19
                   0
                  31
                   0
                   0
                   0
                   0
                   0
                  26
                  25
                   0
                  18
                   0
                  24
                   0
                   0
                   0
                   0
 2nd Variable Cost Component, Bij
                   0
            50000000
                 107
            50000000
            50000000
                  62
            50000000
                  67
                  58
            50000000
            50000000
            50000000
            50000000
            50000000
            50000000
            50000000
            50000000
            50000000
            50000000
                   0
            50000000
            50000000
            50000000
            50000000
            50000000
            50000000
            50000000
            50000000
            50000000
            50000000
            50000000
            50000000
            50000000
            50000000
            50000000
            50000000
            50000000
            50000000
                   0
                  17
                  36
                  78
                 100
            50000000
            50000000
            50000000
            50000000
            50000000
            50000000
            50000000
                  37
                 151
            50000000
            50000000
            50000000
            50000000
            50000000
                   0
            50000000
            50000000
            50000000
            50000000
            50000000
            50000000
                  92
            50000000
            50000000
            50000000
            50000000
            50000000
            50000000
            50000000
            50000000
            50000000
            50000000
            50000000
                   0
            50000000
            50000000
                  42
            50000000
            50000000
            50000000
            50000000
                 129
            50000000
            50000000
                 118
            50000000
                  18
            50000000
            50000000
            50000000
            50000000
            50000000
                   0
            50000000
            50000000
            50000000
            50000000
            50000000
                  56
            50000000
                  56
            50000000
                  75
            50000000
            50000000
                 142
            50000000
            50000000
            50000000
            50000000
            50000000
                   0
            50000000
                 120
                  76
            50000000
            50000000
            50000000
                  35
            50000000
                 103
            50000000
            50000000
            50000000
            50000000
            50000000
            50000000
            50000000
            50000000
            50000000
                   0
            50000000
            50000000
            50000000
            50000000
            50000000
            50000000
            50000000
            50000000
            50000000
                  57
                  58
            50000000
            50000000
            50000000
            50000000
                  57
            50000000
            50000000
                   0
            50000000
            50000000
            50000000
            50000000
            50000000
            50000000
            50000000
            50000000
            50000000
            50000000
            50000000
            50000000
            50000000
            50000000
            50000000
                  76
            50000000
            50000000
                   0
            50000000
            50000000
            50000000
            50000000
            50000000
            50000000
                  70
                  20
            50000000
            50000000
            50000000
            50000000
            50000000
            50000000
            50000000
            50000000
            50000000
            50000000
                   0
            50000000
            50000000
                 117
            50000000
            50000000
            50000000
            50000000
            50000000
            50000000
            50000000
            50000000
            50000000
                  56
                 137
            50000000
            50000000
            50000000
            50000000
                   0
            50000000
            50000000
            50000000
                  97
            50000000
            50000000
            50000000
                 124
            50000000
            50000000
            50000000
            50000000
            50000000
            50000000
            50000000
            50000000
            50000000
            50000000
                   0
            50000000
                 121
            50000000
            50000000
            50000000
            50000000
            50000000
            50000000
            50000000
            50000000
            50000000
            50000000
            50000000
            50000000
                  40
            50000000
                 111
            50000000
                   0
            50000000
                 103
            50000000
            50000000
            50000000
            50000000
                  37
            50000000
            50000000
            50000000
                  78
            50000000
            50000000
            50000000
            50000000
            50000000
            50000000
            50000000
                   0
            50000000
            50000000
            50000000
                 106
            50000000
            50000000
            50000000
            50000000
                  75
            50000000
            50000000
                 130
            50000000
            50000000
            50000000
                  45
            50000000
            50000000
                   0
            50000000
            50000000
            50000000
            50000000
            50000000
            50000000
                  79
            50000000
            50000000
            50000000
            50000000
            50000000
            50000000
            50000000
            50000000
            50000000
            50000000
            50000000
                   0
            50000000
                 100
                  47
            50000000
            50000000
            50000000
            50000000
            50000000
            50000000
                  50
            50000000
            50000000
            50000000
            50000000
            50000000
            50000000
                 135
            50000000
                   0
                 115
            50000000
                 185
            50000000
            50000000
            50000000
            50000000
            50000000
                 155
                 149
            50000000
                 106
            50000000
                 144
            50000000
            50000000
            50000000
            50000000
 Fixed Cost Component, Cij
                   0
                   0
                1070
                   0
                   0
                 620
                   0
                 670
                 580
                   0
                   0
                   0
                   0
                   0
                   0
                   0
                   0
                   0
                   0
                   0
                   0
                   0
                   0
                   0
                   0
                   0
                   0
                   0
                   0
                   0
                   0
                   0
                   0
                   0
                   0
                   0
                   0
                   0
                   0
                 170
                 360
                 780
                1000
                   0
                   0
                   0
                   0
                   0
                   0
                   0
                 370
                1510
                   0
                   0
                   0
                   0
                   0
                   0
                   0
                   0
                   0
                   0
                   0
                   0
                 920
                   0
                   0
                   0
                   0
                   0
                   0
                   0
                   0
                   0
                   0
                   0
                   0
                   0
                   0
                 420
                   0
                   0
                   0
                   0
                1290
                   0
                   0
                1180
                   0
                 180
                   0
                   0
                   0
                   0
                   0
                   0
                   0
                   0
                   0
                   0
                   0
                 560
                   0
                 560
                   0
                 750
                   0
                   0
                1420
                   0
                   0
                   0
                   0
                   0
                   0
                   0
                1200
                 760
                   0
                   0
                   0
                 350
                   0
                1030
                   0
                   0
                   0
                   0
                   0
                   0
                   0
                   0
                   0
                   0
                   0
                   0
                   0
                   0
                   0
                   0
                   0
                   0
                   0
                 570
                 580
                   0
                   0
                   0
                   0
                 570
                   0
                   0
                   0
                   0
                   0
                   0
                   0
                   0
                   0
                   0
                   0
                   0
                   0
                   0
                   0
                   0
                   0
                   0
                 760
                   0
                   0
                   0
                   0
                   0
                   0
                   0
                   0
                   0
                 700
                 200
                   0
                   0
                   0
                   0
                   0
                   0
                   0
                   0
                   0
                   0
                   0
                   0
                   0
                1170
                   0
                   0
                   0
                   0
                   0
                   0
                   0
                   0
                   0
                 560
                1370
                   0
                   0
                   0
                   0
                   0
                   0
                   0
                   0
                 970
                   0
                   0
                   0
                1240
                   0
                   0
                   0
                   0
                   0
                   0
                   0
                   0
                   0
                   0
                   0
                   0
                1210
                   0
                   0
                   0
                   0
                   0
                   0
                   0
                   0
                   0
                   0
                   0
                   0
                 400
                   0
                1110
                   0
                   0
                   0
                1030
                   0
                   0
                   0
                   0
                 370
                   0
                   0
                   0
                 780
                   0
                   0
                   0
                   0
                   0
                   0
                   0
                   0
                   0
                   0
                   0
                1060
                   0
                   0
                   0
                   0
                 750
                   0
                   0
                1300
                   0
                   0
                   0
                 450
                   0
                   0
                   0
                   0
                   0
                   0
                   0
                   0
                   0
                 790
                   0
                   0
                   0
                   0
                   0
                   0
                   0
                   0
                   0
                   0
                   0
                   0
                   0
                1000
                 470
                   0
                   0
                   0
                   0
                   0
                   0
                 500
                   0
                   0
                   0
                   0
                   0
                   0
                1350
                   0
                   0
                1150
                   0
                1850
                   0
                   0
                   0
                   0
                   0
                1550
                1490
                   0
                1060
                   0
                1440
                   0
                   0
                   0
                   0