          19
           1
           3
           1
           4
           4
           4
           1
           4
           4
           1
           1
           5
           1
           1
           4
           5
           4
           4
 1st Variable Cost Component, Aij
                   0
                   0
                   0
                   0
                   0
                   0
                  20
                   2
                   0
                   0
                   0
                   0
                   0
                   0
                   0
                  17
                   0
                   0
                   0
                   0
                   0
                   0
                   0
                   9
                   0
                   0
                   0
                   0
                   0
                   0
                   0
                   0
                   0
                  21
                   0
                  19
                   0
                   0
                   0
                  10
                   0
                   0
                   0
                   0
                   0
                   0
                   0
                   0
                   0
                   0
                   0
                   0
                   0
                   0
                   0
                   0
                   0
                   0
                   0
                   0
                   0
                   0
                   0
                   0
                   0
                   0
                   0
                   0
                   9
                   0
                   0
                   0
                   0
                   0
                   0
                   0
                   0
                   0
                   0
                   0
                   0
                   0
                   0
                   0
                   0
                   0
                   0
                   0
                   0
                   0
                   6
                   0
                   0
                   0
                   0
                   0
                   0
                   0
                   0
                   0
                   0
                   0
                   0
                   0
                   0
                   0
                  15
                   0
                   0
                   0
                   0
                  12
                   0
                   0
                   0
                  22
                   0
                   0
                   0
                  10
                   0
                   0
                   0
                   0
                  16
                   5
                   0
                   2
                   0
                  10
                   0
                   0
                  22
                   0
                   0
                   0
                   0
                   0
                  14
                   0
                   0
                   0
                  17
                   0
                   0
                   0
                   0
                   0
                   0
                   0
                   0
                   0
                   0
                   0
                   0
                   0
                   0
                   0
                   0
                   0
                   0
                   0
                   0
                   0
                   0
                   0
                   0
                   0
                   0
                   0
                   0
                   0
                   0
                   0
                   0
                   0
                   0
                   0
                   0
                   0
                   3
                   0
                   0
                   0
                   0
                   0
                   0
                   0
                   0
                   0
                   0
                   0
                   0
                  13
                  21
                   0
                   0
                  18
                  19
                   0
                   9
                   0
                   4
                  17
                  10
                   0
                   0
                   0
                  22
                   0
                   0
                   0
                   0
                   0
                   0
                   0
                   0
                   0
                   0
                   0
                   0
                   0
                   0
                   0
                   0
                   0
                  17
                   0
                   0
                  16
                   0
                  15
                   0
                   6
                  10
                   0
                   0
                   0
                   0
                   0
                   0
                   0
                   0
                   0
                   0
                   0
                   0
                   0
                   0
                   9
                   4
                  12
                   0
                   0
                   0
                   0
                   0
                   0
                   0
                   0
                   0
                   0
                  21
                   0
                   0
                   0
                   0
                   2
                   0
                   0
                   0
                   0
                   0
                   9
                   0
                   0
                   0
                   0
                   0
                   0
                   0
                   0
                   0
                   9
                   0
                   0
                   0
                   0
                   0
                   0
                   0
                   0
                   0
                   0
                   0
                  17
                  19
                  18
                  18
                   0
                   0
                   0
                   0
                   0
                   0
                   0
                  15
                   0
                   0
                   0
                  14
                   0
                   0
                   0
                   0
                   0
                   0
                   0
                   0
                   0
                   0
                   8
                   0
                   0
                  15
                   0
                   0
                  18
                  32
                   0
                  24
                   0
                  10
                   0
                   0
                   0
                   0
                   0
                   0
                   0
                  28
                   0
 2nd Variable Cost Component, Bij
                   0
            50000000
            50000000
            50000000
            50000000
            50000000
                 120
                  17
            50000000
            50000000
            50000000
            50000000
            50000000
            50000000
            50000000
                 103
            50000000
            50000000
            50000000
                   0
            50000000
            50000000
            50000000
                  53
            50000000
            50000000
            50000000
            50000000
            50000000
            50000000
            50000000
            50000000
            50000000
                 127
            50000000
                 110
            50000000
            50000000
                   0
                  59
            50000000
            50000000
            50000000
            50000000
            50000000
            50000000
            50000000
            50000000
            50000000
            50000000
            50000000
            50000000
            50000000
            50000000
            50000000
            50000000
            50000000
                   0
            50000000
            50000000
            50000000
            50000000
            50000000
            50000000
            50000000
            50000000
            50000000
            50000000
                  55
            50000000
            50000000
            50000000
            50000000
            50000000
            50000000
            50000000
                   0
            50000000
            50000000
            50000000
            50000000
            50000000
            50000000
            50000000
            50000000
            50000000
            50000000
            50000000
            50000000
            50000000
                  36
            50000000
            50000000
            50000000
            50000000
                   0
            50000000
            50000000
            50000000
            50000000
            50000000
            50000000
            50000000
            50000000
            50000000
            50000000
                  91
            50000000
            50000000
            50000000
            50000000
                  72
            50000000
            50000000
                   0
                 128
            50000000
            50000000
            50000000
                  59
            50000000
            50000000
            50000000
            50000000
                  96
                  33
            50000000
                  16
            50000000
                  61
            50000000
            50000000
                 128
                   0
            50000000
            50000000
            50000000
            50000000
                  84
            50000000
            50000000
            50000000
                 102
            50000000
            50000000
            50000000
            50000000
            50000000
            50000000
            50000000
            50000000
            50000000
                   0
            50000000
            50000000
            50000000
            50000000
            50000000
            50000000
            50000000
            50000000
            50000000
            50000000
            50000000
            50000000
            50000000
            50000000
            50000000
            50000000
            50000000
            50000000
                   0
            50000000
            50000000
            50000000
            50000000
            50000000
            50000000
            50000000
            50000000
                  22
            50000000
            50000000
            50000000
            50000000
            50000000
            50000000
            50000000
            50000000
            50000000
                   0
            50000000
            50000000
                  78
                 125
            50000000
            50000000
                 108
                 110
            50000000
                  53
            50000000
                  24
                  99
                  59
            50000000
            50000000
            50000000
                 131
                   0
            50000000
            50000000
            50000000
            50000000
            50000000
            50000000
            50000000
            50000000
            50000000
            50000000
            50000000
            50000000
            50000000
            50000000
            50000000
            50000000
                  99
            50000000
                   0
                  94
            50000000
                  88
            50000000
                  40
                  59
            50000000
            50000000
            50000000
            50000000
            50000000
            50000000
            50000000
            50000000
            50000000
            50000000
            50000000
            50000000
                   0
            50000000
                  57
                  27
                  72
            50000000
            50000000
            50000000
            50000000
            50000000
            50000000
            50000000
            50000000
            50000000
            50000000
                 125
            50000000
            50000000
            50000000
                   0
                  15
            50000000
            50000000
            50000000
            50000000
            50000000
                  56
            50000000
            50000000
            50000000
            50000000
            50000000
            50000000
            50000000
            50000000
            50000000
                  57
            50000000
                   0
            50000000
            50000000
            50000000
            50000000
            50000000
            50000000
            50000000
            50000000
            50000000
                 102
                 114
                 106
                 104
            50000000
            50000000
            50000000
            50000000
            50000000
                   0
            50000000
                  88
            50000000
            50000000
            50000000
                  85
            50000000
            50000000
            50000000
            50000000
            50000000
            50000000
            50000000
            50000000
            50000000
            50000000
                  49
            50000000
                   0
                  88
            50000000
            50000000
                 107
                 188
            50000000
                 144
            50000000
                  59
            50000000
            50000000
            50000000
            50000000
            50000000
            50000000
            50000000
                 162
            50000000
 Fixed Cost Component, Cij
                   0
                   0
                   0
                   0
                   0
                   0
                3600
                 510
                   0
                   0
                   0
                   0
                   0
                   0
                   0
                3090
                   0
                   0
                   0
                   0
                   0
                   0
                   0
                1590
                   0
                   0
                   0
                   0
                   0
                   0
                   0
                   0
                   0
                3810
                   0
                3300
                   0
                   0
                   0
                1770
                   0
                   0
                   0
                   0
                   0
                   0
                   0
                   0
                   0
                   0
                   0
                   0
                   0
                   0
                   0
                   0
                   0
                   0
                   0
                   0
                   0
                   0
                   0
                   0
                   0
                   0
                   0
                   0
                1650
                   0
                   0
                   0
                   0
                   0
                   0
                   0
                   0
                   0
                   0
                   0
                   0
                   0
                   0
                   0
                   0
                   0
                   0
                   0
                   0
                   0
                1080
                   0
                   0
                   0
                   0
                   0
                   0
                   0
                   0
                   0
                   0
                   0
                   0
                   0
                   0
                   0
                2730
                   0
                   0
                   0
                   0
                2160
                   0
                   0
                   0
                3840
                   0
                   0
                   0
                1770
                   0
                   0
                   0
                   0
                2880
                 990
                   0
                 480
                   0
                1830
                   0
                   0
                3840
                   0
                   0
                   0
                   0
                   0
                2520
                   0
                   0
                   0
                3060
                   0
                   0
                   0
                   0
                   0
                   0
                   0
                   0
                   0
                   0
                   0
                   0
                   0
                   0
                   0
                   0
                   0
                   0
                   0
                   0
                   0
                   0
                   0
                   0
                   0
                   0
                   0
                   0
                   0
                   0
                   0
                   0
                   0
                   0
                   0
                   0
                   0
                 660
                   0
                   0
                   0
                   0
                   0
                   0
                   0
                   0
                   0
                   0
                   0
                   0
                2340
                3750
                   0
                   0
                3240
                3300
                   0
                1590
                   0
                 720
                2970
                1770
                   0
                   0
                   0
                3930
                   0
                   0
                   0
                   0
                   0
                   0
                   0
                   0
                   0
                   0
                   0
                   0
                   0
                   0
                   0
                   0
                   0
                2970
                   0
                   0
                2820
                   0
                2640
                   0
                1200
                1770
                   0
                   0
                   0
                   0
                   0
                   0
                   0
                   0
                   0
                   0
                   0
                   0
                   0
                   0
                1710
                 810
                2160
                   0
                   0
                   0
                   0
                   0
                   0
                   0
                   0
                   0
                   0
                3750
                   0
                   0
                   0
                   0
                 450
                   0
                   0
                   0
                   0
                   0
                1680
                   0
                   0
                   0
                   0
                   0
                   0
                   0
                   0
                   0
                1710
                   0
                   0
                   0
                   0
                   0
                   0
                   0
                   0
                   0
                   0
                   0
                3060
                3420
                3180
                3120
                   0
                   0
                   0
                   0
                   0
                   0
                   0
                2640
                   0
                   0
                   0
                2550
                   0
                   0
                   0
                   0
                   0
                   0
                   0
                   0
                   0
                   0
                1470
                   0
                   0
                2640
                   0
                   0
                3210
                5640
                   0
                4320
                   0
                1770
                   0
                   0
                   0
                   0
                   0
                   0
                   0
                4860
                   0