          19
           5
           4
           2
           2
           5
           2
           2
           3
           4
           3
           2
           3
           5
           2
           1
           5
           2
           3
 1st Variable Cost Component, Aij
                   0
                   0
                   0
                   0
                  12
                   0
                   0
                   0
                   0
                  22
                  19
                   0
                  11
                   0
                   9
                   0
                   8
                  19
                  13
                   0
                  22
                   0
                   0
                   0
                   0
                  20
                   0
                   0
                  16
                   0
                   0
                  15
                   0
                   0
                  18
                   0
                   0
                   0
                   0
                   0
                  18
                   0
                   0
                   0
                   0
                  19
                  20
                   0
                  20
                   0
                   0
                   0
                   0
                   0
                   0
                   0
                   0
                   0
                   0
                   0
                   0
                   0
                   0
                   0
                   0
                   0
                   0
                   7
                   9
                   0
                   0
                   0
                   0
                   6
                   0
                   0
                   0
                   8
                   0
                  13
                   4
                   0
                   0
                   0
                   0
                   0
                   0
                  14
                   0
                   0
                   4
                   0
                   0
                   0
                   0
                   0
                   0
                   0
                   0
                  17
                   0
                   0
                   0
                   0
                   5
                   0
                   0
                   0
                   0
                   0
                   0
                   0
                   0
                   0
                   0
                   0
                   0
                   0
                   0
                   0
                   0
                   0
                   0
                   0
                   0
                   0
                   0
                   0
                   0
                   0
                   0
                   0
                   0
                   0
                   0
                   0
                   4
                   0
                  18
                   0
                   0
                   0
                  18
                   5
                  16
                   9
                   0
                  14
                   0
                   0
                   0
                   0
                   0
                   0
                   6
                  10
                   0
                   0
                   0
                   0
                  16
                   0
                  22
                   0
                   0
                  22
                   0
                   0
                   0
                   0
                   0
                   0
                   0
                   0
                   0
                   0
                   0
                   0
                   0
                   0
                  19
                   0
                   0
                   0
                   0
                   0
                   0
                   0
                   6
                   5
                   0
                   0
                  14
                   0
                   0
                   0
                  16
                   0
                   0
                   0
                   0
                   0
                   0
                   0
                   0
                   0
                   0
                   0
                   0
                   0
                   4
                   0
                   0
                   0
                   0
                   0
                   0
                   2
                   0
                   0
                   0
                   0
                   0
                   0
                   0
                   0
                  14
                   0
                   0
                   0
                   7
                   0
                  15
                   0
                   0
                   0
                   9
                   7
                   0
                   0
                   0
                  22
                   0
                  21
                   0
                   0
                   0
                   0
                  10
                   0
                   0
                   0
                   0
                  10
                   0
                   0
                   0
                   5
                   0
                  13
                   0
                  13
                   0
                   0
                   0
                   0
                   0
                  12
                   0
                   0
                  21
                   0
                   0
                   0
                   0
                  16
                   0
                   3
                  11
                   1
                   0
                   0
                  18
                   0
                   0
                   0
                   0
                   0
                   0
                   0
                   0
                   0
                   0
                   0
                  13
                   0
                   0
                   0
                   0
                   0
                   0
                   0
                   0
                   0
                   0
                   0
                   0
                   0
                   0
                  18
                   8
                   0
                   0
                   0
                   0
                   0
                   0
                   0
                   0
                   0
                   0
                   0
                  16
                   0
                  11
                   0
                  23
                   0
                   0
                   0
                   0
                  30
                   0
                   0
                   0
                   0
                   0
                   0
                   0
                   0
                   0
                   0
 2nd Variable Cost Component, Bij
                   0
            50000000
            50000000
            50000000
                  75
            50000000
            50000000
            50000000
            50000000
                 137
                 122
            50000000
                  72
            50000000
                  61
            50000000
                  51
                 117
                  81
                   0
                 140
            50000000
            50000000
            50000000
            50000000
                 125
            50000000
            50000000
                 100
            50000000
            50000000
                  94
            50000000
            50000000
                 110
            50000000
            50000000
            50000000
                   0
            50000000
                 112
            50000000
            50000000
            50000000
            50000000
                 118
                 123
            50000000
                 126
            50000000
            50000000
            50000000
            50000000
            50000000
            50000000
            50000000
            50000000
                   0
            50000000
            50000000
            50000000
            50000000
            50000000
            50000000
            50000000
            50000000
            50000000
                  46
                  60
            50000000
            50000000
            50000000
            50000000
                  42
            50000000
            50000000
                   0
                  54
            50000000
                  85
                  26
            50000000
            50000000
            50000000
            50000000
            50000000
            50000000
                  87
            50000000
            50000000
                  30
            50000000
            50000000
            50000000
            50000000
                   0
            50000000
            50000000
            50000000
                 107
            50000000
            50000000
            50000000
            50000000
                  34
            50000000
            50000000
            50000000
            50000000
            50000000
            50000000
            50000000
            50000000
            50000000
                   0
            50000000
            50000000
            50000000
            50000000
            50000000
            50000000
            50000000
            50000000
            50000000
            50000000
            50000000
            50000000
            50000000
            50000000
            50000000
            50000000
            50000000
            50000000
                   0
            50000000
            50000000
                  25
            50000000
                 113
            50000000
            50000000
            50000000
                 113
                  34
                  99
                  61
            50000000
                  88
            50000000
            50000000
            50000000
            50000000
                   0
            50000000
                  39
                  65
            50000000
            50000000
            50000000
            50000000
                  98
            50000000
                 137
            50000000
            50000000
                 140
            50000000
            50000000
            50000000
            50000000
            50000000
                   0
            50000000
            50000000
            50000000
            50000000
            50000000
            50000000
            50000000
            50000000
                 122
            50000000
            50000000
            50000000
            50000000
            50000000
            50000000
            50000000
                  39
                  34
                   0
            50000000
                  88
            50000000
            50000000
            50000000
                 103
            50000000
            50000000
            50000000
            50000000
            50000000
            50000000
            50000000
            50000000
            50000000
            50000000
            50000000
            50000000
                   0
                  29
            50000000
            50000000
            50000000
            50000000
            50000000
            50000000
                  15
            50000000
            50000000
            50000000
            50000000
            50000000
            50000000
            50000000
            50000000
                  88
            50000000
                   0
            50000000
                  48
            50000000
                  97
            50000000
            50000000
            50000000
                  59
                  46
            50000000
            50000000
            50000000
                 136
            50000000
                 132
            50000000
            50000000
            50000000
                   0
                  62
            50000000
            50000000
            50000000
            50000000
                  63
            50000000
            50000000
            50000000
                  34
            50000000
                  81
            50000000
                  81
            50000000
            50000000
            50000000
            50000000
                   0
                  77
            50000000
            50000000
                 132
            50000000
            50000000
            50000000
            50000000
                 102
            50000000
                  20
                  71
                   7
            50000000
            50000000
                 116
            50000000
            50000000
                   0
            50000000
            50000000
            50000000
            50000000
            50000000
            50000000
            50000000
            50000000
                  83
            50000000
            50000000
            50000000
            50000000
            50000000
            50000000
            50000000
            50000000
            50000000
                   0
            50000000
            50000000
            50000000
            50000000
                 113
                  53
            50000000
            50000000
            50000000
            50000000
            50000000
            50000000
            50000000
            50000000
            50000000
            50000000
            50000000
                 103
                   0
                  71
            50000000
                 146
            50000000
            50000000
            50000000
            50000000
                 187
            50000000
            50000000
            50000000
            50000000
            50000000
            50000000
            50000000
            50000000
            50000000
            50000000
 Fixed Cost Component, Cij
                   0
                   0
                   0
                   0
               22500
                   0
                   0
                   0
                   0
               41100
               36600
                   0
               21600
                   0
               18300
                   0
               15300
               35100
               24300
                   0
               42000
                   0
                   0
                   0
                   0
               37500
                   0
                   0
               30000
                   0
                   0
               28200
                   0
                   0
               33000
                   0
                   0
                   0
                   0
                   0
               33600
                   0
                   0
                   0
                   0
               35400
               36900
                   0
               37800
                   0
                   0
                   0
                   0
                   0
                   0
                   0
                   0
                   0
                   0
                   0
                   0
                   0
                   0
                   0
                   0
                   0
                   0
               13800
               18000
                   0
                   0
                   0
                   0
               12600
                   0
                   0
                   0
               16200
                   0
               25500
                7800
                   0
                   0
                   0
                   0
                   0
                   0
               26100
                   0
                   0
                9000
                   0
                   0
                   0
                   0
                   0
                   0
                   0
                   0
               32100
                   0
                   0
                   0
                   0
               10200
                   0
                   0
                   0
                   0
                   0
                   0
                   0
                   0
                   0
                   0
                   0
                   0
                   0
                   0
                   0
                   0
                   0
                   0
                   0
                   0
                   0
                   0
                   0
                   0
                   0
                   0
                   0
                   0
                   0
                   0
                   0
                7500
                   0
               33900
                   0
                   0
                   0
               33900
               10200
               29700
               18300
                   0
               26400
                   0
                   0
                   0
                   0
                   0
                   0
               11700
               19500
                   0
                   0
                   0
                   0
               29400
                   0
               41100
                   0
                   0
               42000
                   0
                   0
                   0
                   0
                   0
                   0
                   0
                   0
                   0
                   0
                   0
                   0
                   0
                   0
               36600
                   0
                   0
                   0
                   0
                   0
                   0
                   0
               11700
               10200
                   0
                   0
               26400
                   0
                   0
                   0
               30900
                   0
                   0
                   0
                   0
                   0
                   0
                   0
                   0
                   0
                   0
                   0
                   0
                   0
                8700
                   0
                   0
                   0
                   0
                   0
                   0
                4500
                   0
                   0
                   0
                   0
                   0
                   0
                   0
                   0
               26400
                   0
                   0
                   0
               14400
                   0
               29100
                   0
                   0
                   0
               17700
               13800
                   0
                   0
                   0
               40800
                   0
               39600
                   0
                   0
                   0
                   0
               18600
                   0
                   0
                   0
                   0
               18900
                   0
                   0
                   0
               10200
                   0
               24300
                   0
               24300
                   0
                   0
                   0
                   0
                   0
               23100
                   0
                   0
               39600
                   0
                   0
                   0
                   0
               30600
                   0
                6000
               21300
                2100
                   0
                   0
               34800
                   0
                   0
                   0
                   0
                   0
                   0
                   0
                   0
                   0
                   0
                   0
               24900
                   0
                   0
                   0
                   0
                   0
                   0
                   0
                   0
                   0
                   0
                   0
                   0
                   0
                   0
               33900
               15900
                   0
                   0
                   0
                   0
                   0
                   0
                   0
                   0
                   0
                   0
                   0
               30900
                   0
               21300
                   0
               43800
                   0
                   0
                   0
                   0
               56100
                   0
                   0
                   0
                   0
                   0
                   0
                   0
                   0
                   0
                   0