          19
           4
           8
           2
           9
           9
           8
           8
          10
           7
           1
           9
           1
           8
          10
           6
           8
           8
           4
 1st Variable Cost Component, Aij
                   0
                   0
                   0
                   9
                   0
                   0
                   8
                   0
                   0
                   9
                   0
                   0
                   0
                   0
                   0
                   0
                   0
                   2
                   0
                   0
                   0
                   0
                   0
                   0
                   0
                   0
                   0
                   0
                   0
                   0
                   0
                   0
                   2
                   0
                   0
                   0
                   0
                   0
                   0
                   0
                   0
                   0
                   0
                   0
                   0
                   0
                   0
                   9
                   0
                   0
                   0
                   0
                   0
                   7
                   9
                   0
                   0
                   0
                   3
                   5
                   0
                   0
                   0
                   0
                   0
                   7
                   0
                   0
                   0
                  10
                   0
                   0
                   0
                   7
                   0
                   3
                   0
                   0
                   0
                   0
                   0
                   0
                   0
                   9
                   0
                   0
                   0
                   0
                   0
                   0
                   0
                   6
                   0
                   0
                   0
                   0
                   0
                   0
                   6
                   0
                  10
                   0
                  11
                   0
                   0
                   0
                   0
                   0
                   0
                   0
                   0
                   0
                   0
                   0
                   0
                   0
                   0
                   0
                   0
                   0
                   0
                   0
                   0
                   0
                   0
                   0
                   0
                   0
                   0
                   0
                   0
                   0
                   0
                   0
                   0
                   0
                   0
                   0
                   0
                   0
                   0
                   0
                   0
                   0
                   0
                   4
                   6
                   0
                   5
                   6
                   0
                   0
                   0
                   0
                   0
                   0
                   0
                   6
                   0
                   0
                   0
                   6
                   0
                   0
                   0
                   0
                   0
                   0
                   0
                   0
                   2
                   0
                   5
                   5
                   0
                   0
                   0
                   8
                   0
                   7
                   0
                   4
                   0
                   8
                   0
                  10
                   0
                   0
                   0
                   5
                   0
                   0
                   0
                   0
                   0
                   0
                   2
                   0
                   0
                   0
                   0
                   0
                   0
                   9
                   0
                   7
                   0
                   0
                   0
                   0
                   0
                   0
                   0
                   0
                   0
                   3
                   0
                   0
                   0
                   0
                   0
                   0
                   0
                   0
                   0
                   0
                   0
                   4
                   0
                   0
                   4
                   0
                   0
                   0
                   0
                   0
                   0
                   0
                   0
                   0
                   0
                   0
                   0
                   0
                   3
                   0
                   2
                   0
                   0
                   0
                   0
                   0
                   0
                   2
                   0
                   0
                   0
                   0
                   0
                   0
                   0
                   0
                   0
                   0
                   0
                   0
                   0
                   0
                   0
                   0
                   0
                   0
                   0
                   0
                   0
                   0
                   0
                   0
                   0
                   0
                   0
                   0
                   0
                   0
                   0
                   0
                   0
                   0
                   6
                   4
                   0
                   0
                   0
                   0
                   0
                   0
                   0
                   0
                   0
                   0
                   0
                   0
                   0
                   0
                   0
                   0
                   2
                   0
                   0
                   0
                   8
                   0
                   8
                   0
                   6
                   0
                   4
                   0
                   0
                   0
                   0
                   0
                   0
                   0
                   0
                   8
                   0
                   0
                   0
                   0
                   0
                  10
                   0
                   2
                   0
                   0
                   0
                   0
                   0
                   0
                   9
                   9
 2nd Variable Cost Component, Bij
                   0
            50000000
            50000000
                 120
            50000000
            50000000
                 117
            50000000
            50000000
                 130
            50000000
            50000000
            50000000
            50000000
            50000000
            50000000
            50000000
                  31
            50000000
                   0
            50000000
            50000000
            50000000
            50000000
            50000000
            50000000
            50000000
            50000000
            50000000
            50000000
            50000000
            50000000
                  30
            50000000
            50000000
            50000000
            50000000
            50000000
                   0
            50000000
            50000000
            50000000
            50000000
            50000000
            50000000
            50000000
            50000000
                 128
            50000000
            50000000
            50000000
            50000000
            50000000
                  97
                 120
            50000000
            50000000
                   0
                  43
                  68
            50000000
            50000000
            50000000
            50000000
            50000000
                 106
            50000000
            50000000
            50000000
                 144
            50000000
            50000000
            50000000
                 100
            50000000
                  43
                   0
            50000000
            50000000
            50000000
            50000000
            50000000
            50000000
                 129
            50000000
            50000000
            50000000
            50000000
            50000000
            50000000
            50000000
                  92
            50000000
            50000000
            50000000
                   0
            50000000
            50000000
                  85
            50000000
                 138
            50000000
                 154
            50000000
            50000000
            50000000
            50000000
            50000000
            50000000
            50000000
            50000000
            50000000
            50000000
            50000000
                   0
            50000000
            50000000
            50000000
            50000000
            50000000
            50000000
            50000000
            50000000
            50000000
            50000000
            50000000
            50000000
            50000000
            50000000
            50000000
            50000000
            50000000
            50000000
                   0
            50000000
            50000000
            50000000
            50000000
            50000000
            50000000
            50000000
            50000000
            50000000
            50000000
            50000000
                  65
                  86
            50000000
                  70
                  85
            50000000
            50000000
                   0
            50000000
            50000000
            50000000
            50000000
                  86
            50000000
            50000000
            50000000
                  81
            50000000
            50000000
            50000000
            50000000
            50000000
            50000000
            50000000
            50000000
                  33
                   0
                  79
                  77
            50000000
            50000000
            50000000
                 112
            50000000
                 105
            50000000
                  54
            50000000
                 111
            50000000
                 138
            50000000
            50000000
            50000000
                  79
                   0
            50000000
            50000000
            50000000
            50000000
            50000000
                  39
            50000000
            50000000
            50000000
            50000000
            50000000
            50000000
                 130
            50000000
                  97
            50000000
            50000000
                   9
                   0
            50000000
            50000000
            50000000
            50000000
            50000000
                  52
            50000000
            50000000
            50000000
            50000000
            50000000
            50000000
            50000000
            50000000
            50000000
            50000000
            50000000
                  58
                   0
            50000000
                  65
            50000000
            50000000
            50000000
            50000000
            50000000
            50000000
            50000000
            50000000
            50000000
            50000000
            50000000
            50000000
            50000000
                  46
            50000000
                  37
                   0
            50000000
            50000000
            50000000
            50000000
                  12
                  30
            50000000
            50000000
            50000000
            50000000
            50000000
            50000000
            50000000
            50000000
            50000000
            50000000
            50000000
            50000000
                   0
            50000000
            50000000
            50000000
            50000000
            50000000
            50000000
            50000000
            50000000
            50000000
            50000000
            50000000
            50000000
            50000000
            50000000
            50000000
            50000000
            50000000
            50000000
                   0
            50000000
            50000000
                  85
                  64
            50000000
            50000000
            50000000
            50000000
            50000000
            50000000
            50000000
            50000000
            50000000
            50000000
            50000000
            50000000
            50000000
            50000000
                   0
            50000000
                  31
            50000000
            50000000
            50000000
                 112
            50000000
                 110
            50000000
                  81
            50000000
                  60
            50000000
            50000000
            50000000
            50000000
            50000000
            50000000
                   0
            50000000
                 116
            50000000
            50000000
            50000000
            50000000
            50000000
                 136
            50000000
                  35
            50000000
            50000000
            50000000
            50000000
            50000000
            50000000
                 128
                 130
 Fixed Cost Component, Cij
                   0
                   0
                   0
                 330
                   0
                   0
                 321
                   0
                   0
                 357
                   0
                   0
                   0
                   0
                   0
                   0
                   0
                  85
                   0
                   0
                   0
                   0
                   0
                   0
                   0
                   0
                   0
                   0
                   0
                   0
                   0
                   0
                  82
                   0
                   0
                   0
                   0
                   0
                   0
                   0
                   0
                   0
                   0
                   0
                   0
                   0
                   0
                 352
                   0
                   0
                   0
                   0
                   0
                 266
                 330
                   0
                   0
                   0
                 118
                 187
                   0
                   0
                   0
                   0
                   0
                 291
                   0
                   0
                   0
                 396
                   0
                   0
                   0
                 275
                   0
                 118
                   0
                   0
                   0
                   0
                   0
                   0
                   0
                 354
                   0
                   0
                   0
                   0
                   0
                   0
                   0
                 253
                   0
                   0
                   0
                   0
                   0
                   0
                 233
                   0
                 379
                   0
                 423
                   0
                   0
                   0
                   0
                   0
                   0
                   0
                   0
                   0
                   0
                   0
                   0
                   0
                   0
                   0
                   0
                   0
                   0
                   0
                   0
                   0
                   0
                   0
                   0
                   0
                   0
                   0
                   0
                   0
                   0
                   0
                   0
                   0
                   0
                   0
                   0
                   0
                   0
                   0
                   0
                   0
                   0
                 178
                 236
                   0
                 192
                 233
                   0
                   0
                   0
                   0
                   0
                   0
                   0
                 236
                   0
                   0
                   0
                 222
                   0
                   0
                   0
                   0
                   0
                   0
                   0
                   0
                  90
                   0
                 217
                 211
                   0
                   0
                   0
                 308
                   0
                 288
                   0
                 148
                   0
                 305
                   0
                 379
                   0
                   0
                   0
                 217
                   0
                   0
                   0
                   0
                   0
                   0
                 107
                   0
                   0
                   0
                   0
                   0
                   0
                 357
                   0
                 266
                   0
                   0
                  24
                   0
                   0
                   0
                   0
                   0
                   0
                 143
                   0
                   0
                   0
                   0
                   0
                   0
                   0
                   0
                   0
                   0
                   0
                 159
                   0
                   0
                 178
                   0
                   0
                   0
                   0
                   0
                   0
                   0
                   0
                   0
                   0
                   0
                   0
                   0
                 126
                   0
                 101
                   0
                   0
                   0
                   0
                   0
                  33
                  82
                   0
                   0
                   0
                   0
                   0
                   0
                   0
                   0
                   0
                   0
                   0
                   0
                   0
                   0
                   0
                   0
                   0
                   0
                   0
                   0
                   0
                   0
                   0
                   0
                   0
                   0
                   0
                   0
                   0
                   0
                   0
                   0
                   0
                   0
                 233
                 176
                   0
                   0
                   0
                   0
                   0
                   0
                   0
                   0
                   0
                   0
                   0
                   0
                   0
                   0
                   0
                   0
                  85
                   0
                   0
                   0
                 308
                   0
                 302
                   0
                 222
                   0
                 165
                   0
                   0
                   0
                   0
                   0
                   0
                   0
                   0
                 319
                   0
                   0
                   0
                   0
                   0
                 374
                   0
                  96
                   0
                   0
                   0
                   0
                   0
                   0
                 352
                 357