------  0 . Run ------
10 - -2, -3, -1, -3, -5, -1, -4, -4, -1, 24, 
10 - 1, -1, -1, -3, -5, -1, -4, -4, -1, 19, 1504096480 ,
10 - 1, 16, -1, -3, -5, -1, -4, -4, -1, 2, 1504085730 ,
10 - 1, 1, 1, 1, -4, 0, -2, 1, -1, 2, 4094270 ,
10 - 1, 1, 1, 1, -4, 0, -2, 1, -1, 2, 4094220 ,
10 - -2, -3, -1, -3, -5, -1, -4, -4, -1, 24, 
------  1 . Run ------
10 - -2, -3, -1, -3, -5, -1, -4, -4, -1, 24, 
10 - 0, 1, -1, -2, -5, -1, 5, -4, 5, 2, 1004029916 ,
10 - 1, 1, -1, 1, 0, -1, 1, -4, 1, 1, 4095000 ,
10 - -2, -3, -1, -3, -5, -1, -4, -4, -1, 24, 
------  2 . Run ------
10 - -2, -3, -1, -3, -5, -1, -4, -4, -1, 24, 
10 - 1, -1, -1, -2, -5, -1, -4, 9, -1, 5, 8554095505 ,
10 - 1, -1, -1, 1, -2, 1, -4, 1, -1, 5, 1704094025 ,
10 - 1, -1, -1, 1, -2, 1, -4, 1, -1, 5, 1004094025 ,
10 - 1, -1, -1, 1, -2, 1, -4, 1, -1, 5, 54094025 ,
10 - -2, -3, -1, -3, -5, -1, -4, -4, -1, 24, 
------  3 . Run ------
10 - -2, -3, -1, -3, -5, -1, -4, -4, -1, 24, 
10 - 1, 1, -1, -3, -5, -1, -4, -3, 5, 10, 2004084725 ,
10 - 1, 1, -1, 1, -5, -1, -2, 2, 2, 2, 1104099098 ,
10 - 1, 1, -1, 1, -5, -1, -2, 2, 2, 2, 1104097598 ,
10 - 1, 1, -1, 1, -5, -1, -2, 2, 2, 2, 204096038 ,
10 - 2, 1, -1, 1, -5, -1, -2, 2, 1, 2, 104096008 ,
10 - 2, 1, -1, 1, -5, -1, -2, 2, 1, 2, 104095729 ,
10 - 1, 1, 0, 1, -5, 0, -2, 1, 1, 2, 4095000 ,
10 - -2, -3, -1, -3, -5, -1, -4, -4, -1, 24, 
------  4 . Run ------
10 - -2, -3, -1, -3, -5, -1, -4, -4, -1, 24, 
10 - 1, 1, 0, -1, -5, -1, -4, -3, 3, 9, 1604077829 ,
10 - 1, 1, 0, -1, -5, 1, -4, -3, 1, 9, 1604077525 ,
10 - 1, 1, 0, 1, 1, 1, -4, -3, 1, 1, 104095086 ,
10 - 1, 1, 0, 1, 1, 1, -4, -3, 1, 1, 104095000 ,
10 - 1, 1, 0, 1, 1, 1, -4, -3, 1, 1, 4095000 ,
10 - -2, -3, -1, -3, -5, -1, -4, -4, -1, 24, 
------  5 . Run ------
10 - -2, -3, -1, -3, -5, -1, -4, -4, -1, 24, 
10 - 1, -1, -1, -3, -5, -1, -4, 10, -1, 5, 9054094770 ,
10 - 1, -1, 0, -3, -5, 1, -4, 1, 5, 5, 2154093810 ,
10 - 1, -1, 0, -3, -5, 1, -4, 1, 5, 5, 1904093810 ,
10 - 1, 1, 1, 0, -5, 1, -4, 3, 1, 1, 54095336 ,
10 - 1, 1, 1, 0, -4, 1, -3, 1, 1, 1, 54095186 ,
10 - 1, 1, 1, 0, -4, 1, -3, 1, 1, 1, 54095070 ,
10 - 1, 1, 1, 0, -4, 1, -3, 1, 1, 1, 54095000 ,
10 - -2, -3, -1, -3, -5, -1, -4, -4, -1, 24, 
------  6 . Run ------
10 - -2, -3, -1, -3, -5, -1, -4, -4, -1, 24, 
10 - 1, 1, 2, -3, -2, -1, 0, -2, 0, 4, 2804063794 ,
10 - 1, 1, 1, -3, -2, -1, 0, -1, 0, 4, 704095594 ,
10 - 1, 1, 1, 0, -2, -1, 0, -1, 0, 1, 304095720 ,
10 - 1, 1, 1, 0, -2, -1, 0, -1, 0, 1, 304095524 ,
10 - -2, -3, -1, -3, -5, -1, -4, -4, -1, 24, 
------  7 . Run ------
10 - -2, -3, -1, -3, -5, -1, -4, -4, -1, 24, 
10 - 1, 1, -1, -3, -4, -1, -4, 4, -1, 8, 5504095322 ,
10 - 1, 1, -1, -3, -4, -1, -4, 4, -1, 8, 5504094922 ,
10 - 1, 1, -1, 0, -4, -1, -4, 1, -1, 8, 454094922 ,
10 - 1, 1, 1, 1, -1, 0, -4, 1, -1, 1, 4096694 ,
10 - 1, 1, 1, 1, -1, 0, -4, 1, -1, 1, 4095017 ,
10 - -2, -3, -1, -3, -5, -1, -4, -4, -1, 24, 
------  8 . Run ------
10 - -2, -3, -1, -3, -5, -1, -4, -4, -1, 24, 
10 - 1, 1, -1, -3, -5, -1, 1, 3, 1, 3, 5004081621 ,
10 - 1, 1, -1, -3, -5, 1, 1, 1, 1, 3, 5004081255 ,
10 - 1, 1, -1, -3, -5, 1, 1, 1, 1, 3, 4094895 ,
10 - -2, -3, -1, -3, -5, -1, -4, -4, -1, 24, 
------  9 . Run ------
10 - -2, -3, -1, -3, -5, -1, -4, -4, -1, 24, 
10 - 1, 1, -1, 2, -3, -1, 1, 0, -1, 1, 7904090756 ,
10 - 1, 1, -1, 1, -2, -1, 1, 0, -1, 1, 404095396 ,
10 - 1, 1, -1, 1, -2, -1, 1, 0, -1, 1, 404095336 ,
10 - -2, -3, -1, -3, -5, -1, -4, -4, -1, 24, 
------  10 . Run ------
10 - -2, -3, -1, -3, -5, -1, -4, -4, -1, 24, 
10 - -2, 1, -1, -2, 3, -1, -4, -4, 5, 5, 4037318 ,
10 - -2, -3, -1, -3, -5, -1, -4, -4, -1, 24, 
------  11 . Run ------
10 - -2, -3, -1, -3, -5, -1, -4, -4, -1, 24, 
10 - 1, 1, -1, -3, -5, -1, 0, 0, 6, 2, 5704080986 ,
10 - 1, 1, 1, -3, -3, 0, 0, 0, 1, 2, 654095060 ,
10 - 1, 1, 1, -3, -3, 0, 0, 0, 1, 2, 204095060 ,
10 - 1, 1, 1, -2, -3, 0, 0, 0, 1, 1, 204095000 ,
10 - -2, -3, -1, -3, -5, -1, -4, -4, -1, 24, 
------  12 . Run ------
10 - -2, -3, -1, -3, -5, -1, -4, -4, -1, 24, 
10 - 1, 1, -1, -3, -5, -1, -2, -4, 3, 11, 2054088150 ,
10 - 1, 1, -1, -2, 0, -1, -2, 1, 1, 2, 54095074 ,
10 - 1, 1, -1, -2, 0, -1, -2, 1, 1, 2, 54095000 ,
10 - -2, -3, -1, -3, -5, -1, -4, -4, -1, 24, 
------  13 . Run ------
10 - -2, -3, -1, -3, -5, -1, -4, -4, -1, 24, 
10 - 1, 2, -1, -2, -5, -1, -2, -4, 0, 12, 2204090580 ,
10 - 1, 1, 1, -1, -3, -1, 1, -4, 0, 5, 204095264 ,
10 - 1, 1, 1, -1, -2, -1, 1, -1, 0, 1, 204095220 ,
10 - -2, -3, -1, -3, -5, -1, -4, -4, -1, 24, 
------  14 . Run ------
10 - -2, -3, -1, -3, -5, -1, -4, -4, -1, 24, 
10 - -1, 1, -1, -3, -5, -1, -4, -4, 0, 18, 504095590 ,
10 - 7, 1, -1, -3, -5, -1, -4, -4, 0, 10, 504095286 ,
10 - 1, 2, 7, -1, -2, -1, -4, -4, 0, 2, 504095224 ,
10 - 1, 1, 1, 1, 0, 1, -3, -4, 0, 2, 4095224 ,
10 - 1, 1, 1, 1, 0, 1, -3, -3, 0, 1, 4095190 ,
10 - -2, -3, -1, -3, -5, -1, -4, -4, -1, 24, 
------  15 . Run ------
10 - -2, -3, -1, -3, -5, -1, -4, -4, -1, 24, 
10 - 1, -1, -1, -3, -4, -1, -2, 11, -1, 1, 11204094535 ,
10 - 1, -1, -1, -3, -4, -1, -2, 11, -1, 1, 11204093575 ,
10 - 1, 1, 1, 0, -1, -1, -2, 1, -1, 1, 204093575 ,
10 - -2, -3, -1, -3, -5, -1, -4, -4, -1, 24, 
------  16 . Run ------
10 - -2, -3, -1, -3, -5, -1, -4, -4, -1, 24, 
10 - 1, 1, -1, -3, -5, -1, -4, -3, 11, 4, 2004054341 ,
10 - 1, 1, 0, 1, 0, -1, -1, -3, 1, 1, 4095152 ,
10 - 1, 1, 0, 1, 0, -1, -1, -3, 1, 1, 4095000 ,
10 - -2, -3, -1, -3, -5, -1, -4, -4, -1, 24, 
------  17 . Run ------
10 - -2, -3, -1, -3, -5, -1, -4, -4, -1, 24, 
10 - 1, -2, -1, -3, -5, -1, -3, 1, -1, 14, 5104095025 ,
10 - 1, 1, -1, -3, -5, 1, 0, 1, -1, 6, 104095164 ,
10 - 1, 1, 0, 0, -4, 1, 0, 1, -1, 1, 104095025 ,
10 - 1, 1, 0, 0, -4, 1, 0, 1, -1, 1, 104095000 ,
10 - -2, -3, -1, -3, -5, -1, -4, -4, -1, 24, 
------  18 . Run ------
10 - -2, -3, -1, -3, -5, -1, -4, -4, -1, 24, 
10 - 2, -3, -1, -2, -5, -1, -4, 10, -1, 5, 9604093810 ,
10 - 1, 0, 1, 1, -4, 1, -4, 2, 1, 1, 1104096086 ,
10 - 1, 1, 1, 1, -4, 1, -4, 1, 1, 1, 1104095960 ,
10 - 1, 1, 1, 1, -4, 1, -4, 1, 1, 1, 1104095000 ,
10 - 1, 1, 1, 1, -4, 1, -4, 1, 1, 1, 104095000 ,
10 - -2, -3, -1, -3, -5, -1, -4, -4, -1, 24, 
------  19 . Run ------
10 - -2, -3, -1, -3, -5, -1, -4, -4, -1, 24, 
10 - 1, 1, 1, -2, -3, -1, 0, -3, 2, 4, 1404045677 ,
10 - 1, 1, 1, 0, -3, -1, 0, -1, 1, 1, 4095045 ,
10 - 1, 1, 1, 0, -3, -1, 0, -1, 1, 1, 4095000 ,
10 - -2, -3, -1, -3, -5, -1, -4, -4, -1, 24, 
------  20 . Run ------
10 - -2, -3, -1, -3, -5, -1, -4, -4, -1, 24, 
10 - 1, 1, -1, -3, -5, -1, -2, 3, -1, 8, 6104096095 ,
10 - 1, 1, -1, -3, -5, -1, -2, 3, -1, 8, 6104094895 ,
10 - 1, 1, -1, -3, -5, 1, -2, 1, -1, 8, 404094895 ,
10 - 1, 1, -1, -3, -5, 1, -2, 1, 0, 7, 104094969 ,
10 - -2, -3, -1, -3, -5, -1, -4, -4, -1, 24, 
------  21 . Run ------
10 - -2, -3, -1, -3, -5, -1, -4, -4, -1, 24, 
10 - 1, 1, -1, -3, -4, -1, -3, -3, 0, 13, 2554094489 ,
10 - 1, 1, 1, 2, -3, 1, -3, -1, 0, 1, 2104096499 ,
10 - 1, 1, 1, 1, -3, 2, -3, -1, 0, 1, 854096044 ,
10 - 1, 1, 1, 1, -3, 1, -3, 0, 0, 1, 54095174 ,
10 - 1, 1, 1, 1, -3, 1, -3, 0, 0, 1, 54095084 ,
10 - -2, -3, -1, -3, -5, -1, -4, -4, -1, 24, 
------  22 . Run ------
10 - -2, -3, -1, -3, -5, -1, -4, -4, -1, 24, 
10 - 1, -3, -1, -1, -3, -1, -4, 1, -1, 12, 6204095025 ,
10 - 1, -3, -1, -1, -3, -1, -4, 1, -1, 12, 204095025 ,
10 - 1, 7, -1, -1, -3, -1, -4, 1, -1, 2, 204093886 ,
10 - -2, -3, -1, -3, -5, -1, -4, -4, -1, 24, 
------  23 . Run ------
10 - -2, -3, -1, -3, -5, -1, -4, -4, -1, 24, 
10 - -2, 1, -1, -2, -4, -1, -3, -4, 13, 3, 4018022 ,
10 - -2, -3, -1, -3, -5, -1, -4, -4, -1, 24, 
------  24 . Run ------
10 - -2, -3, -1, -3, -5, -1, -4, -4, -1, 24, 
10 - -2, 1, 0, -3, -5, -1, -2, -4, 15, 1, 103998868 ,
10 - 1, 1, 1, 1, 0, -1, -2, -3, 1, 1, 4095000 ,
10 - -2, -3, -1, -3, -5, -1, -4, -4, -1, 24, 
------  25 . Run ------
10 - -2, -3, -1, -3, -5, -1, -4, -4, -1, 24, 
10 - 2, 1, -1, -3, -3, -1, -3, -2, 7, 3, 4104072520 ,
10 - 1, 1, 1, -1, 0, 0, -2, -2, 1, 1, 104095000 ,
10 - -2, -3, -1, -3, -5, -1, -4, -4, -1, 24, 
------  26 . Run ------
10 - -2, -3, -1, -3, -5, -1, -4, -4, -1, 24, 
10 - 0, 1, -1, -3, -5, -1, -4, -4, 6, 11, 1004080926 ,
10 - 1, 1, 1, 1, -5, 0, -1, 0, 1, 1, 4095000 ,
10 - -2, -3, -1, -3, -5, -1, -4, -4, -1, 24, 
------  27 . Run ------
10 - -2, -3, -1, -3, -5, -1, -4, -4, -1, 24, 
10 - 1, 1, -1, -3, -2, -1, -3, -1, 8, 1, 4254062055 ,
10 - 1, 1, -1, -3, -2, 0, 1, 0, 2, 1, 754095345 ,
10 - 1, 1, -1, -2, -2, 0, 1, 0, 1, 1, 754095270 ,
10 - 1, 1, -1, -2, -2, 0, 1, 0, 1, 1, 154095000 ,
10 - -2, -3, -1, -3, -5, -1, -4, -4, -1, 24, 
------  28 . Run ------
10 - -2, -3, -1, -3, -5, -1, -4, -4, -1, 24, 
10 - 0, 1, -1, -3, -5, -1, -4, -4, 13, 4, 1004039976 ,
10 - 1, 1, 1, 1, -4, 1, -2, -1, 1, 1, 204095000 ,
10 - 1, 1, 1, 1, -4, 1, -2, -1, 1, 1, 4095000 ,
10 - -2, -3, -1, -3, -5, -1, -4, -4, -1, 24, 
------  29 . Run ------
10 - -2, -3, -1, -3, -5, -1, -4, -4, -1, 24, 
10 - -2, 1, -1, -3, -5, -1, -3, -4, 17, 1, 3996422 ,
10 - -2, -3, -1, -3, -5, -1, -4, -4, -1, 24, 
------  30 . Run ------
10 - -2, -3, -1, -3, -5, -1, -4, -4, -1, 24, 
10 - 1, 1, -1, -3, 0, -1, -3, -2, 7, 1, 4154062636 ,
10 - 1, 1, 0, -2, 1, -1, 0, -2, 1, 1, 154095070 ,
10 - 1, 1, 0, -2, 1, -1, 0, -2, 1, 1, 154095000 ,
10 - -2, -3, -1, -3, -5, -1, -4, -4, -1, 24, 
------  31 . Run ------
10 - -2, -3, -1, -3, -5, -1, -4, -4, -1, 24, 
10 - 1, 1, -1, -3, -1, -1, -2, -4, 5, 5, 2604068572 ,
10 - 1, 1, -1, -3, -1, -1, -2, -4, 5, 5, 104095172 ,
10 - 1, 1, 0, -2, 1, -1, -2, -4, 1, 5, 104095000 ,
10 - -2, -3, -1, -3, -5, -1, -4, -4, -1, 24, 
------  32 . Run ------
10 - -2, -3, -1, -3, -5, -1, -4, -4, -1, 24, 
10 - 1, 1, -1, -3, -5, -1, -3, 5, -1, 7, 6554095885 ,
10 - 1, 1, 0, 0, -5, -1, -3, 1, -1, 7, 6554094685 ,
10 - 1, 1, 0, 0, -5, -1, -3, 1, -1, 7, 54094685 ,
10 - -2, -3, -1, -3, -5, -1, -4, -4, -1, 24, 
------  33 . Run ------
10 - -2, -3, -1, -3, -5, -1, -4, -4, -1, 24, 
10 - 1, 5, -1, -2, 1, -1, 0, -3, -1, 1, 2154030729 ,
10 - 1, 1, 1, -2, 1, 0, 1, -3, -1, 1, 654095129 ,
10 - 1, 1, 1, -2, 1, 0, 1, -3, -1, 1, 654095084 ,
10 - -2, -3, -1, -3, -5, -1, -4, -4, -1, 24, 
------  34 . Run ------
10 - -2, -3, -1, -3, -5, -1, -4, -4, -1, 24, 
10 - -1, 1, -1, -2, -5, -1, -3, -4, -1, 17, 504094284 ,
10 - 1, 1, 1, 1, -5, 1, -3, -3, -1, 7, 4095198 ,
10 - 1, 1, 1, 1, 0, 1, -2, -3, -1, 1, 4095184 ,
10 - 1, 1, 1, 1, 0, 1, -2, -3, -1, 1, 4095124 ,
10 - -2, -3, -1, -3, -5, -1, -4, -4, -1, 24, 
------  35 . Run ------
10 - -2, -3, -1, -3, -5, -1, -4, -4, -1, 24, 
10 - 0, 2, -1, -3, -5, -1, -4, -4, 6, 10, 1004077046 ,
10 - 1, 1, 1, -3, -4, 0, -3, -4, 1, 10, 4095110 ,
10 - 1, 1, 1, -3, -4, 0, -3, -4, 1, 10, 4095000 ,
10 - 8, 1, 1, -3, -4, 1, -3, -4, 1, 2, 4094846 ,
10 - -2, -3, -1, -3, -5, -1, -4, -4, -1, 24, 
------  36 . Run ------
10 - -2, -3, -1, -3, -5, -1, -4, -4, -1, 24, 
10 - -1, 5, -1, 4, -5, -1, -3, -4, 2, 4, 504038370 ,
10 - -1, 1, -1, 1, -3, 1, -2, -1, 1, 4, 504038000 ,
10 - 1, 1, -1, 1, -3, 1, -1, -1, 1, 1, 4095074 ,
10 - 1, 1, -1, 1, -3, 1, -1, -1, 1, 1, 4095000 ,
10 - -2, -3, -1, -3, -5, -1, -4, -4, -1, 24, 
------  37 . Run ------
10 - -2, -3, -1, -3, -5, -1, -4, -4, -1, 24, 
10 - 1, 1, -1, -3, -3, -1, -1, 0, -1, 8, 6254096260 ,
10 - 1, 1, -1, -3, -3, -1, -1, 0, -1, 8, 6254095060 ,
10 - 1, 1, -1, -3, -3, -1, -1, 0, -1, 8, 254095060 ,
10 - 1, 1, -1, -3, -1, -1, 0, 1, -1, 4, 254095000 ,
10 - -2, -3, -1, -3, -5, -1, -4, -4, -1, 24, 
------  38 . Run ------
10 - -2, -3, -1, -3, -5, -1, -4, -4, -1, 24, 
10 - 1, 1, 0, -1, -2, -1, 3, -4, 1, 2, 2154045302 ,
10 - 1, 1, 0, -1, -2, 0, 1, -4, 2, 2, 154095862 ,
10 - 1, 1, 0, -1, -2, 0, 1, -4, 2, 2, 154095582 ,
10 - 1, 3, 0, -1, -2, 0, 1, -4, 1, 1, 154095550 ,
10 - 1, 1, 1, -1, -2, 1, 1, -4, 1, 1, 154095046 ,
10 - 1, 1, 1, -1, -2, 1, 1, -4, 1, 1, 154095000 ,
10 - 1, 1, 1, -1, -2, 1, 1, -4, 1, 1, 54095000 ,
10 - -2, -3, -1, -3, -5, -1, -4, -4, -1, 24, 
------  39 . Run ------
10 - -2, -3, -1, -3, -5, -1, -4, -4, -1, 24, 
10 - 1, 1, -1, -3, -3, -1, -2, -3, -1, 12, 3654095567 ,
10 - 1, 1, 1, -1, -2, -1, 0, -3, -1, 5, 154095182 ,
10 - 1, 1, 1, 0, 0, 0, 0, -3, -1, 1, 154095122 ,
10 - -2, -3, -1, -3, -5, -1, -4, -4, -1, 24, 
------  40 . Run ------
10 - -2, -3, -1, -3, -5, -1, -4, -4, -1, 24, 
10 - -1, 1, -1, -3, -5, -1, 10, -4, 3, 1, 104003692 ,
10 - 1, 1, 1, 1, -4, 1, 1, -4, 1, 1, 4095000 ,
10 - -2, -3, -1, -3, -5, -1, -4, -4, -1, 24, 
------  41 . Run ------
10 - -2, -3, -1, -3, -5, -1, -4, -4, -1, 24, 
10 - 1, 1, -1, -3, -3, -1, 0, 3, 2, 1, 6654085295 ,
10 - 1, 1, -1, 0, -3, -1, 0, 1, 1, 1, 454095235 ,
10 - 1, 1, -1, 0, -3, -1, 0, 1, 1, 1, 154094895 ,
10 - -2, -3, -1, -3, -5, -1, -4, -4, -1, 24, 
------  42 . Run ------
10 - -2, -3, -1, -3, -5, -1, -4, -4, -1, 24, 
10 - 1, 1, -1, -3, -5, -1, -2, 2, -1, 9, 5604096170 ,
10 - 1, 1, -1, -3, -5, -1, -1, 1, -1, 9, 254094970 ,
10 - 1, 1, -1, -3, -5, -1, -1, 1, -1, 9, 104094970 ,
10 - -2, -3, -1, -3, -5, -1, -4, -4, -1, 24, 
------  43 . Run ------
10 - -2, -3, -1, -3, -5, -1, -4, -4, -1, 24, 
10 - 1, 2, -1, -3, -5, -1, -4, -3, 0, 14, 2554095635 ,
10 - 1, 1, 0, -2, -4, 3, 1, -3, 0, 3, 2554095581 ,
10 - 1, 1, 1, -1, -4, 1, 1, -3, 0, 3, 2554094931 ,
10 - 1, 1, 1, -1, -4, 2, 1, -3, 1, 1, 554095989 ,
10 - 1, 1, 1, 0, -4, 1, 1, -3, 1, 1, 54096444 ,
10 - 1, 1, 1, 0, -4, 1, 1, -3, 1, 1, 54095989 ,
10 - 1, 1, 1, 0, -4, 1, 1, -3, 1, 1, 54095799 ,
10 - 1, 1, 1, 0, -4, 1, 1, -3, 1, 1, 54095070 ,
10 - 1, 1, 1, 0, -4, 1, 1, -3, 1, 1, 54095000 ,
10 - -2, -3, -1, -3, -5, -1, -4, -4, -1, 24, 
------  44 . Run ------
10 - -2, -3, -1, -3, -5, -1, -4, -4, -1, 24, 
10 - -1, 1, -1, -3, -5, -1, 2, -4, 2, 10, 504073442 ,
10 - -1, 1, 0, -2, -5, -1, 1, -4, 1, 10, 504073160 ,
10 - 1, 1, 0, -2, -4, 1, 2, -2, 1, 2, 454097144 ,
10 - 1, 1, 1, -2, -4, 1, 1, -2, 1, 2, 4095902 ,
10 - 1, 1, 1, -2, -4, 1, 1, -2, 1, 2, 4095624 ,
10 - 1, 1, 1, -2, -4, 1, 1, -2, 1, 2, 4094895 ,
10 - -2, -3, -1, -3, -5, -1, -4, -4, -1, 24, 
------  45 . Run ------
10 - -2, -3, -1, -3, -5, -1, -4, -4, -1, 24, 
10 - 1, 1, -1, -3, -5, -1, -3, 6, -1, 6, 6504095044 ,
10 - 1, 1, -1, -3, -5, -1, -3, 6, -1, 6, 6504094644 ,
10 - 1, 1, -1, -3, -5, -1, -3, 1, 4, 6, 754094644 ,
10 - 1, 1, 0, -2, -5, -1, -3, 1, 2, 6, 254094550 ,
10 - 1, 1, 0, -1, -5, 0, 1, 1, 1, 1, 4095000 ,
10 - -2, -3, -1, -3, -5, -1, -4, -4, -1, 24, 
------  46 . Run ------
10 - -2, -3, -1, -3, -5, -1, -4, -4, -1, 24, 
10 - 3, 1, -1, -2, -3, -1, -4, -3, 3, 7, 4654090661 ,
10 - 1, 1, 0, -2, -3, 0, -1, 1, 1, 2, 454095055 ,
10 - 1, 1, 0, -2, -3, 0, 0, 1, 1, 1, 454095030 ,
10 - 1, 1, 0, -2, -3, 0, 0, 1, 1, 1, 154095030 ,
10 - 1, 1, 0, -2, -3, 0, 0, 1, 1, 1, 154095000 ,
10 - -2, -3, -1, -3, -5, -1, -4, -4, -1, 24, 
------  47 . Run ------
10 - -2, -3, -1, -3, -5, -1, -4, -4, -1, 24, 
10 - -1, 1, -1, -3, -5, -1, -4, -4, 10, 8, 504060670 ,
10 - 1, 1, -1, -1, 1, -1, -3, -2, 1, 4, 4095104 ,
10 - 1, 1, -1, 1, 1, -1, -2, -2, 1, 1, 4095045 ,
10 - 1, 1, -1, 1, 1, -1, -2, -2, 1, 1, 4095000 ,
10 - -2, -3, -1, -3, -5, -1, -4, -4, -1, 24, 
------  48 . Run ------
10 - -2, -3, -1, -3, -5, -1, -4, -4, -1, 24, 
10 - -1, 1, 1, -3, 1, -1, -4, -4, 9, 1, 704012492 ,
10 - 1, 1, 1, 1, 1, 1, -4, -4, 1, 1, 4095000 ,
10 - -2, -3, -1, -3, -5, -1, -4, -4, -1, 24, 
------  49 . Run ------
10 - -2, -3, -1, -3, -5, -1, -4, -4, -1, 24, 
10 - 0, 1, -1, -3, -5, -1, 1, -4, 11, 1, 1004019566 ,
10 - -2, -3, -1, -3, -5, -1, -4, -4, -1, 24, 
------  50 . Run ------
10 - -2, -3, -1, -3, -5, -1, -4, -4, -1, 24, 
10 - 1, 2, -1, -1, -5, -1, -3, -4, 1, 11, 3154092870 ,
10 - 1, 1, -1, -1, -4, -1, -3, -4, 1, 11, 3154092480 ,
10 - 1, 1, 1, 1, -4, 1, -3, -4, 1, 5, 154094964 ,
10 - -2, -3, -1, -3, -5, -1, -4, -4, -1, 24, 
------  51 . Run ------
10 - -2, -3, -1, -3, -5, -1, -4, -4, -1, 24, 
10 - 1, 1, -1, -3, 0, -1, -4, -4, 9, 2, 1504036170 ,
10 - 1, 1, -1, 0, 1, 0, -3, -1, 1, 1, 4095000 ,
10 - -2, -3, -1, -3, -5, -1, -4, -4, -1, 24, 
------  52 . Run ------
10 - -2, -3, -1, -3, -5, -1, -4, -4, -1, 24, 
10 - 1, 1, -1, -2, -4, -1, -3, -2, 8, 3, 3604067186 ,
10 - 1, 1, -1, -2, -4, -1, -3, -2, 8, 3, 104093786 ,
10 - -2, -3, -1, -3, -5, -1, -4, -4, -1, 24, 
------  53 . Run ------
10 - -2, -3, -1, -3, -5, -1, -4, -4, -1, 24, 
10 - 1, 2, -1, -3, -1, -1, -2, -4, 3, 6, 1504063756 ,
10 - 1, 1, -1, -3, 1, -1, -2, -3, 1, 6, 4095000 ,
10 - -2, -3, -1, -3, -5, -1, -4, -4, -1, 24, 
------  54 . Run ------
10 - -2, -3, -1, -3, -5, -1, -4, -4, -1, 24, 
10 - 3, 1, -1, -1, -5, -1, -4, 1, -1, 8, 6204096225 ,
10 - 1, 1, 1, 1, -4, -1, -4, 1, -1, 5, 6204095151 ,
10 - 3, 1, 1, 1, -4, -1, -4, 1, -1, 3, 6204095141 ,
10 - 1, 1, 1, 1, -3, -1, -4, 1, 0, 3, 204095870 ,
10 - 1, 1, 1, 1, -3, -1, -4, 1, 0, 3, 204095141 ,
10 - 2, 1, 1, 1, -3, -1, -4, 1, 0, 2, 204095099 ,
10 - 1, 1, 1, 1, -2, 0, -4, 1, 0, 1, 204095000 ,
10 - -2, -3, -1, -3, -5, -1, -4, -4, -1, 24, 
------  55 . Run ------
10 - -2, -3, -1, -3, -5, -1, -4, -4, -1, 24, 
10 - 1, 0, -1, -3, -5, -1, 3, -4, -1, 11, 5354096560 ,
10 - 1, 0, -1, -2, -4, -1, 1, -4, -1, 11, 354095000 ,
10 - -2, -3, -1, -3, -5, -1, -4, -4, -1, 24, 
------  56 . Run ------
10 - -2, -3, -1, -3, -5, -1, -4, -4, -1, 24, 
10 - 1, 1, -1, -3, -3, -1, 7, -2, 0, 1, 5254073572 ,
10 - 1, 1, 0, -3, 0, 1, 1, -2, 0, 1, 254095412 ,
10 - 1, 1, 0, -3, 0, 1, 1, -2, 0, 1, 254095342 ,
10 - -2, -3, -1, -3, -5, -1, -4, -4, -1, 24, 
------  57 . Run ------
10 - -2, -3, -1, -3, -5, -1, -4, -4, -1, 24, 
10 - 0, 1, -1, -3, -2, -1, -2, -4, 10, 2, 1004028416 ,
10 - 1, 1, -1, -2, -2, -1, 1, -1, 3, 1, 504096381 ,
10 - 1, 1, -1, -2, -2, -1, 1, -1, 3, 1, 504095421 ,
10 - 1, 1, -1, -1, -2, 0, 1, -1, 1, 1, 4095000 ,
10 - -2, -3, -1, -3, -5, -1, -4, -4, -1, 24, 
------  58 . Run ------
10 - -2, -3, -1, -3, -5, -1, -4, -4, -1, 24, 
10 - -1, 1, -1, -3, -2, -1, -2, -4, 12, 1, 504010744 ,
10 - 1, 1, 1, -1, 1, 1, -2, -4, 1, 1, 4095000 ,
10 - -2, -3, -1, -3, -5, -1, -4, -4, -1, 24, 
------  59 . Run ------
10 - -2, -3, -1, -3, -5, -1, -4, -4, -1, 24, 
10 - 1, 1, -1, -3, -5, -1, -3, 6, 0, 5, 7054095140 ,
10 - 1, 1, -1, -2, -3, 1, -2, 1, 0, 4, 1054095264 ,
10 - 1, 1, -1, -2, -3, 1, -2, 1, 0, 4, 304095264 ,
10 - 1, 1, -1, -2, -3, 1, -2, 1, 0, 4, 54095264 ,
10 - 1, 1, -1, 1, -3, 1, -2, 1, 0, 1, 54095190 ,
10 - -2, -3, -1, -3, -5, -1, -4, -4, -1, 24, 
------  60 . Run ------
10 - -2, -3, -1, -3, -5, -1, -4, -4, -1, 24, 
10 - 0, 1, -1, -3, -4, -1, -4, -4, 14, 2, 1004024752 ,
10 - 3, 1, -1, -2, 5, -1, -4, -4, 1, 2, 1004021530 ,
10 - 1, 1, 1, -2, 1, 0, -4, 0, 1, 1, 4095524 ,
10 - 1, 1, 1, -2, 1, 0, -4, 0, 1, 1, 4095074 ,
10 - 1, 1, 1, -2, 1, 0, -4, 0, 1, 1, 4095000 ,
10 - -2, -3, -1, -3, -5, -1, -4, -4, -1, 24, 
------  61 . Run ------
10 - -2, -3, -1, -3, -5, -1, -4, -4, -1, 24, 
10 - 1, 1, -1, -3, -5, -1, -4, 0, -1, 13, 3504096260 ,
10 - 1, 1, 1, -3, -4, 0, -4, 0, -1, 9, 3504095164 ,
10 - 1, 1, 1, -3, -4, 0, -4, 0, -1, 9, 4095164 ,
10 - 1, 1, 1, -2, 1, 1, -4, 0, -1, 2, 4094895 ,
10 - -2, -3, -1, -3, -5, -1, -4, -4, -1, 24, 
------  62 . Run ------
10 - -2, -3, -1, -3, -5, -1, -4, -4, -1, 24, 
10 - 1, 0, -1, -3, -5, -1, -4, 6, -1, 8, 6504096110 ,
10 - 1, 0, -1, -3, -5, -1, -4, 6, -1, 8, 6504094550 ,
10 - 7, 0, 1, -2, -5, 1, -4, 1, -1, 2, 6504094514 ,
10 - 1, 1, 1, -2, 1, 1, -4, 1, -1, 1, 4095045 ,
10 - 1, 1, 1, -2, 1, 1, -4, 1, -1, 1, 4095000 ,
10 - -2, -3, -1, -3, -5, -1, -4, -4, -1, 24, 
------  63 . Run ------
10 - -2, -3, -1, -3, -5, -1, -4, -4, -1, 24, 
10 - -2, 1, 1, 3, -4, -1, -4, -4, 1, 9, 204063618 ,
10 - 1, 1, 1, 1, -3, 1, -3, -1, 1, 1, 4095075 ,
10 - 1, 1, 1, 1, -3, 1, -3, -1, 1, 1, 4095000 ,
10 - -2, -3, -1, -3, -5, -1, -4, -4, -1, 24, 
------  64 . Run ------
10 - -2, -3, -1, -3, -5, -1, -4, -4, -1, 24, 
10 - -2, 2, 1, -2, -5, -1, -1, -4, -1, 13, 304081552 ,
10 - 1, 1, 1, -1, -2, -1, 1, -2, 1, 1, 4095000 ,
10 - -2, -3, -1, -3, -5, -1, -4, -4, -1, 24, 
------  65 . Run ------
10 - -2, -3, -1, -3, -5, -1, -4, -4, -1, 24, 
10 - 1, 1, -1, -3, -5, -1, -3, -2, 3, 10, 3054090686 ,
10 - 1, 1, 0, -3, -4, -1, -3, -2, 1, 10, 3054090646 ,
10 - 1, 1, 0, -3, -4, -1, -3, -2, 2, 9, 554095144 ,
10 - 1, 1, 1, -3, -4, -1, -3, -2, 1, 9, 54095238 ,
10 - 1, 1, 1, -3, -4, -1, -3, -2, 1, 9, 54095144 ,
10 - 1, 1, 1, -1, -1, 1, -3, -2, 1, 2, 54094895 ,
10 - -2, -3, -1, -3, -5, -1, -4, -4, -1, 24, 
------  66 . Run ------
10 - -2, -3, -1, -3, -5, -1, -4, -4, -1, 24, 
10 - -2, 2, 0, -3, -4, -1, -4, -4, 12, 4, 104026640 ,
10 - 0, 1, 1, 1, 1, -1, -4, -4, 1, 4, 4030600 ,
10 - -2, -3, -1, -3, -5, -1, -4, -4, -1, 24, 
------  67 . Run ------
10 - -2, -3, -1, -3, -5, -1, -4, -4, -1, 24, 
10 - 1, 1, -1, -3, -5, -1, -1, 3, 0, 6, 6654095485 ,
10 - 1, 1, 0, -3, -4, -1, -1, 1, 0, 6, 454095085 ,
10 - 1, 5, 0, -3, -4, -1, -1, 1, 0, 2, 304096160 ,
10 - 5, 2, 0, -3, -4, -1, -1, 1, 0, 1, 304095619 ,
10 - 1, 1, 0, -2, -2, -1, 0, 1, 1, 1, 154095119 ,
10 - 1, 1, 0, -2, -2, -1, 0, 1, 1, 1, 154095000 ,
10 - -2, -3, -1, -3, -5, -1, -4, -4, -1, 24, 
------  68 . Run ------
10 - -2, -3, -1, -3, -5, -1, -4, -4, -1, 24, 
10 - 1, 1, -1, -3, -5, -1, -1, -1, 0, 10, 3004090787 ,
10 - 1, 1, -1, -3, -5, -1, -1, -1, 0, 10, 4095427 ,
10 - 1, 1, 1, -3, -4, 0, -1, -1, 3, 3, 4095120 ,
10 - 2, 1, 1, -2, -3, 0, -1, 0, 1, 1, 4095074 ,
10 - 1, 1, 1, -2, -3, 1, -1, 0, 1, 1, 4095000 ,
10 - -2, -3, -1, -3, -5, -1, -4, -4, -1, 24, 
------  69 . Run ------
10 - -2, -3, -1, -3, -5, -1, -4, -4, -1, 24, 
10 - -2, 1, -1, -3, -4, -1, 0, -4, 11, 3, 4019754 ,
10 - -2, -3, -1, -3, -5, -1, -4, -4, -1, 24, 
------  70 . Run ------
10 - -2, -3, -1, -3, -5, -1, -4, -4, -1, 24, 
10 - 1, 1, -1, -1, -3, -1, -3, -1, -1, 9, 4654094359 ,
10 - 1, 1, 1, 0, -3, -1, 1, -1, -1, 2, 154095303 ,
10 - 2, 1, 1, 0, -3, -1, 1, -1, -1, 1, 154095273 ,
10 - 1, 1, 1, 0, -3, 0, 1, -1, -1, 1, 154095199 ,
10 - 1, 1, 1, 0, -3, 0, 1, -1, -1, 1, 154095124 ,
10 - -2, -3, -1, -3, -5, -1, -4, -4, -1, 24, 
------  71 . Run ------
10 - -2, -3, -1, -3, -5, -1, -4, -4, -1, 24, 
10 - -2, 1, -1, -3, -5, -1, -4, -4, 16, 3, 4014566 ,
10 - -2, -3, -1, -3, -5, -1, -4, -4, -1, 24, 
------  72 . Run ------
10 - -2, -3, -1, -3, -5, -1, -4, -4, -1, 24, 
10 - 1, 1, -1, -2, -2, -1, -1, 2, -1, 4, 6704092732 ,
10 - 1, 1, -1, -2, -2, -1, -1, 2, -1, 4, 204095252 ,
10 - -2, -3, -1, -3, -5, -1, -4, -4, -1, 24, 
------  73 . Run ------
10 - -2, -3, -1, -3, -5, -1, -4, -4, -1, 24, 
10 - -2, 1, 1, 8, 1, -1, -4, -4, -1, 1, 204005322 ,
10 - -2, 1, 1, 1, 8, -1, -4, -4, -1, 1, 204003411 ,
10 - -2, -3, -1, -3, -5, -1, -4, -4, -1, 24, 
------  74 . Run ------
10 - -2, -3, -1, -3, -5, -1, -4, -4, -1, 24, 
10 - 1, 1, -1, -3, -4, -1, -4, -1, -1, 13, 3004095597 ,
10 - 1, 1, -1, -3, -4, -1, -4, -1, -1, 13, 3004095197 ,
10 - 9, 3, -1, -3, -4, -1, -4, -1, -1, 3, 3004094991 ,
10 - 1, 1, -1, -3, 1, 1, 0, 0, -1, 1, 4095122 ,
10 - -2, -3, -1, -3, -5, -1, -4, -4, -1, 24, 
------  75 . Run ------
10 - -2, -3, -1, -3, -5, -1, -4, -4, -1, 24, 
10 - 1, 1, -1, -1, -2, -1, -3, -2, 0, 8, 2504081960 ,
10 - 1, 1, 0, 0, -2, 1, -2, -2, 0, 3, 4095650 ,
10 - 1, 3, 0, 0, -2, 1, -2, -2, 0, 1, 4095600 ,
10 - 1, 1, 0, 0, -2, 1, 0, -2, 0, 1, 4095530 ,
10 - -2, -3, -1, -3, -5, -1, -4, -4, -1, 24, 
------  76 . Run ------
10 - -2, -3, -1, -3, -5, -1, -4, -4, -1, 24, 
10 - 0, 1, -1, -3, 3, -1, -3, -4, 2, 6, 1004057380 ,
10 - 1, 1, 0, 1, 1, -1, -1, -4, 1, 1, 604095000 ,
10 - 1, 1, 0, 1, 1, -1, -1, -4, 1, 1, 4095000 ,
10 - -2, -3, -1, -3, -5, -1, -4, -4, -1, 24, 
------  77 . Run ------
10 - -2, -3, -1, -3, -5, -1, -4, -4, -1, 24, 
10 - 1, 1, -1, -2, -4, -1, 1, -4, 0, 9, 2604085248 ,
10 - 1, 1, 1, -1, -3, 0, 1, -3, 0, 3, 104095592 ,
10 - 1, 1, 1, -1, -3, 0, 1, -3, 0, 3, 104095448 ,
10 - -2, -3, -1, -3, -5, -1, -4, -4, -1, 24, 
------  78 . Run ------
10 - -2, -3, -1, -3, -5, -1, -4, -4, -1, 24, 
10 - 1, -2, -1, -3, -5, -1, 5, 4, -1, 3, 10454095760 ,
10 - 1, 1, 0, -3, -5, -1, 1, 4, -1, 3, 454094800 ,
10 - -2, -3, -1, -3, -5, -1, -4, -4, -1, 24, 
------  79 . Run ------
10 - -2, -3, -1, -3, -5, -1, -4, -4, -1, 24, 
10 - 1, 1, -1, -3, 0, -1, -3, -4, 9, 1, 4804066520 ,
10 - 1, 1, -1, -3, 0, -1, -3, -4, 9, 1, 304093120 ,
10 - -2, -3, -1, -3, -5, -1, -4, -4, -1, 24, 
------  80 . Run ------
10 - -2, -3, -1, -3, -5, -1, -4, -4, -1, 24, 
10 - 1, 2, -1, -3, -5, -1, -4, 1, 5, 5, 4004081265 ,
10 - 1, 1, 1, -1, -5, 0, -4, 1, 1, 5, 4095025 ,
10 - 1, 1, 1, -1, -5, 0, -2, 1, 2, 2, 4095000 ,
10 - -2, -3, -1, -3, -5, -1, -4, -4, -1, 24, 
------  81 . Run ------
10 - -2, -3, -1, -3, -5, -1, -4, -4, -1, 24, 
10 - 0, 1, -1, -3, -5, -1, -1, -4, 9, 5, 1004049762 ,
10 - 1, 1, 1, 1, -3, 1, 0, -4, 1, 1, 4095045 ,
10 - 1, 1, 1, 1, -3, 1, 0, -4, 1, 1, 4095000 ,
10 - -2, -3, -1, -3, -5, -1, -4, -4, -1, 24, 
------  82 . Run ------
10 - -2, -3, -1, -3, -5, -1, -4, -4, -1, 24, 
10 - 1, 1, -1, -3, -5, -1, 2, 2, 3, 1, 7804090586 ,
10 - 1, 1, 0, 0, -5, -1, 1, 1, 1, 1, 404095160 ,
10 - 1, 1, 0, 0, -5, -1, 1, 1, 1, 1, 404094970 ,
10 - 1, 1, 0, 0, -5, -1, 1, 1, 1, 1, 304094970 ,
10 - -2, -3, -1, -3, -5, -1, -4, -4, -1, 24, 
------  83 . Run ------
10 - -2, -3, -1, -3, -5, -1, -4, -4, -1, 24, 
10 - 1, 1, -1, 0, -4, -1, -2, 4, 0, 2, 8804095390 ,
10 - 1, 1, 1, 0, -3, -1, -2, 1, 0, 2, 304095190 ,
10 - -2, -3, -1, -3, -5, -1, -4, -4, -1, 24, 
------  84 . Run ------
10 - -2, -3, -1, -3, -5, -1, -4, -4, -1, 24, 
10 - 1, 1, -1, -2, -5, -1, 2, -2, 3, 4, 2504063520 ,
10 - 1, 1, -1, -2, -5, -1, 1, 0, 2, 4, 204095310 ,
10 - 1, 1, -1, 1, -4, -1, 1, 0, 1, 1, 204095152 ,
10 - 1, 1, -1, 1, -4, -1, 1, 0, 1, 1, 4095000 ,
10 - -2, -3, -1, -3, -5, -1, -4, -4, -1, 24, 
------  85 . Run ------
10 - -2, -3, -1, -3, -5, -1, -4, -4, -1, 24, 
10 - 1, 1, -1, -3, -3, -1, -2, -2, 4, 6, 4154085074 ,
10 - 1, 1, -1, 0, -3, -1, -2, -2, 1, 6, 154095070 ,
10 - 1, 1, 1, 0, -3, 1, -1, -2, 1, 1, 154095000 ,
10 - -2, -3, -1, -3, -5, -1, -4, -4, -1, 24, 
------  86 . Run ------
10 - -2, -3, -1, -3, -5, -1, -4, -4, -1, 24, 
10 - 1, 1, -1, 0, -2, -1, -3, 1, 2, 2, 2004045649 ,
10 - 1, 1, 0, 0, -2, -1, -3, 1, 1, 2, 2004045331 ,
10 - 1, 1, 0, 0, -2, -1, -3, 1, 1, 2, 2004045237 ,
10 - 1, 1, 0, 0, -2, -1, -3, 1, 1, 2, 4095277 ,
10 - 1, 1, 0, 0, -1, -1, -3, 1, 1, 1, 4095252 ,
10 - 1, 1, 0, 0, -1, -1, -3, 1, 1, 1, 4095000 ,
10 - -2, -3, -1, -3, -5, -1, -4, -4, -1, 24, 
------  87 . Run ------
10 - -2, -3, -1, -3, -5, -1, -4, -4, -1, 24, 
10 - 1, 1, -1, -2, -1, -1, -3, -3, 8, 1, 4204062083 ,
10 - 1, 1, 1, 1, 1, -1, -3, -3, 1, 1, 204095152 ,
10 - 1, 1, 1, 1, 1, -1, -3, -3, 1, 1, 204095000 ,
10 - -2, -3, -1, -3, -5, -1, -4, -4, -1, 24, 
------  88 . Run ------
10 - -2, -3, -1, -3, -5, -1, -4, -4, -1, 24, 
10 - 3, 3, -1, -2, -3, -1, -1, -4, -1, 7, 5254092642 ,
10 - 1, 1, -1, -2, -3, -1, 0, -4, 2, 7, 754096666 ,
10 - 1, 1, -1, -2, -3, -1, 0, -4, 2, 7, 754096296 ,
10 - 1, 1, 1, -2, 0, -1, 0, -2, 1, 1, 254095045 ,
10 - 1, 1, 1, -2, 0, -1, 0, -2, 1, 1, 254095000 ,
10 - -2, -3, -1, -3, -5, -1, -4, -4, -1, 24, 
------  89 . Run ------
10 - -2, -3, -1, -3, -5, -1, -4, -4, -1, 24, 
10 - 1, 1, 2, -2, -1, -1, -2, -4, -1, 7, 2504073526 ,
10 - 1, 1, 1, -1, 1, 1, -2, -4, -1, 3, 754095925 ,
10 - 1, 1, 1, -1, 1, 1, -2, -4, -1, 3, 504095470 ,
10 - 1, 1, 1, 1, 1, 1, -2, -4, -1, 1, 504095411 ,
10 - 1, 1, 1, 1, 1, 1, -2, -4, -1, 1, 504095366 ,
10 - -2, -3, -1, -3, -5, -1, -4, -4, -1, 24, 
------  90 . Run ------
10 - -2, -3, -1, -3, -5, -1, -4, -4, -1, 24, 
10 - 1, -1, -1, -3, -5, -1, 3, -3, -1, 11, 5854096525 ,
10 - 1, -1, -1, -1, -5, -1, 1, -3, -1, 11, 354095045 ,
10 - 7, -1, -1, 0, -4, 0, 1, -3, -1, 2, 354095009 ,
10 - 1, -1, -1, 1, -3, 0, 1, 1, 0, 1, 354095000 ,
10 - -2, -3, -1, -3, -5, -1, -4, -4, -1, 24, 
------  91 . Run ------
10 - -2, -3, -1, -3, -5, -1, -4, -4, -1, 24, 
10 - 1, 1, -1, -3, -4, -1, -1, -4, 5, 7, 2604077508 ,
10 - 1, 1, -1, 1, -4, 0, 1, -3, 3, 1, 304095495 ,
10 - 1, 1, -1, 1, -4, 0, 1, -3, 3, 1, 104095495 ,
10 - 1, 1, 0, 1, -4, 0, 1, -2, 1, 1, 104095000 ,
10 - -2, -3, -1, -3, -5, -1, -4, -4, -1, 24, 
------  92 . Run ------
10 - -2, -3, -1, -3, -5, -1, -4, -4, -1, 24, 
10 - 1, -2, -1, -3, -4, -1, -4, 8, -1, 7, 8054095180 ,
10 - 1, -2, -1, -3, -4, -1, -4, 8, -1, 7, 8054094220 ,
10 - 1, 1, 1, 0, -4, 1, -1, 1, -1, 1, 54095116 ,
10 - 1, 1, 1, 0, -4, 1, -1, 1, -1, 1, 54095000 ,
10 - -2, -3, -1, -3, -5, -1, -4, -4, -1, 24, 
------  93 . Run ------
10 - -2, -3, -1, -3, -5, -1, -4, -4, -1, 24, 
10 - 1, 3, 0, -3, -5, -1, -1, -4, 2, 8, 3254085266 ,
10 - 1, 1, 1, 1, -4, 0, 1, -3, 1, 1, 254095000 ,
10 - 1, 1, 1, 1, -4, 0, 1, -3, 1, 1, 154095000 ,
10 - -2, -3, -1, -3, -5, -1, -4, -4, -1, 24, 
------  94 . Run ------
10 - -2, -3, -1, -3, -5, -1, -4, -4, -1, 24, 
10 - -1, 1, -1, -2, -5, -1, -4, -4, 13, 4, 504033046 ,
10 - 1, 1, 1, 1, 1, 1, -4, -4, 1, 1, 4095000 ,
10 - -2, -3, -1, -3, -5, -1, -4, -4, -1, 24, 
------  95 . Run ------
10 - -2, -3, -1, -3, -5, -1, -4, -4, -1, 24, 
10 - 1, 1, 0, -2, -1, -1, 1, -3, 0, 4, 4304077991 ,
10 - 1, 1, 0, -2, -1, -1, 1, -3, 0, 4, 304095511 ,
10 - 1, 1, 1, 0, -1, -1, 1, -3, 0, 1, 304095466 ,
10 - -2, -3, -1, -3, -5, -1, -4, -4, -1, 24, 
------  96 . Run ------
10 - -2, -3, -1, -3, -5, -1, -4, -4, -1, 24, 
10 - 0, 1, -1, -3, -5, -1, 11, -4, 0, 2, 1004028000 ,
10 - 1, 1, 1, -1, -3, 1, 2, -3, 0, 1, 454092787 ,
10 - 1, 1, 1, -1, -2, 1, 1, -3, 0, 1, 4092445 ,
10 - 1, 1, 1, -1, -2, 1, 1, -3, 0, 1, 4092400 ,
10 - -2, -3, -1, -3, -5, -1, -4, -4, -1, 24, 
------  97 . Run ------
10 - -2, -3, -1, -3, -5, -1, -4, -4, -1, 24, 
10 - 1, 1, -1, -1, -4, -1, -4, -4, 12, 1, 1504026688 ,
10 - 1, 1, 0, 0, -2, 1, -3, -4, 5, 1, 104095472 ,
10 - 1, 1, 1, 0, 0, 1, -2, -4, 1, 1, 4095000 ,
10 - -2, -3, -1, -3, -5, -1, -4, -4, -1, 24, 
------  98 . Run ------
10 - -2, -3, -1, -3, -5, -1, -4, -4, -1, 24, 
10 - -1, 1, 1, 0, -4, -1, -3, -4, 10, 1, 704012220 ,
10 - 1, 1, 2, 1, -1, 1, -3, -4, 1, 1, 554095054 ,
10 - 1, 1, 1, 1, 0, 1, -3, -4, 1, 1, 204095000 ,
10 - 1, 1, 1, 1, 0, 1, -3, -4, 1, 1, 4095000 ,
10 - -2, -3, -1, -3, -5, -1, -4, -4, -1, 24, 
------  99 . Run ------
10 - -2, -3, -1, -3, -5, -1, -4, -4, -1, 24, 
10 - -2, 1, -1, -2, 0, -1, 0, -4, 7, 2, 4013864 ,
10 - -2, -3, -1, -3, -5, -1, -4, -4, -1, 24, 
------  100 . Run ------
10 - -2, -3, -1, -3, -5, -1, -4, -4, -1, 24, 
10 - 1, 1, 0, -3, -2, -1, -3, -4, 10, 1, 1604028362 ,
10 - 1, 1, 1, -3, -2, 1, 1, -4, 3, 1, 4095376 ,
10 - 1, 1, 1, -3, 0, 1, 1, -4, 1, 1, 4095188 ,
10 - 1, 1, 1, -3, 0, 1, 1, -4, 1, 1, 4095000 ,
10 - -2, -3, -1, -3, -5, -1, -4, -4, -1, 24, 
------  101 . Run ------
10 - -2, -3, -1, -3, -5, -1, -4, -4, -1, 24, 
10 - 0, 0, -1, -3, -5, -1, -4, -4, -1, 19, 1004096560 ,
10 - 8, 0, -1, -3, -5, -1, -4, -4, -1, 11, 1004096256 ,
10 - 1, 1, -1, -3, -4, -1, -3, 0, -1, 11, 1004094696 ,
10 - 10, 1, -1, -3, -4, -1, -3, 0, -1, 2, 1004094514 ,
10 - 1, 1, 0, 0, 1, -1, -3, 0, -1, 2, 4094514 ,
10 - -2, -3, -1, -3, -5, -1, -4, -4, -1, 24, 
------  102 . Run ------
10 - -2, -3, -1, -3, -5, -1, -4, -4, -1, 24, 
10 - 1, -3, -1, -3, -5, -1, -4, -4, -1, 21, 1504095000 ,
10 - 1, -3, -1, -3, -5, -1, -4, -4, -1, 21, 4095000 ,
10 - 13, 2, -1, -3, -5, -1, -4, -4, -1, 4, 4094827 ,
10 - 1, 1, 0, -3, -4, 8, -2, -4, -1, 4, 4094314 ,
10 - -2, -3, -1, -3, -5, -1, -4, -4, -1, 24, 
------  103 . Run ------
10 - -2, -3, -1, -3, -5, -1, -4, -4, -1, 24, 
10 - 0, 1, -1, -3, -3, -1, 4, -4, 1, 6, 1004057676 ,
10 - 6, 1, -1, -3, -3, -1, 3, -4, 1, 1, 1004057578 ,
10 - 1, 1, 1, 1, -2, -1, 1, -4, 1, 1, 4095238 ,
10 - 1, 1, 1, 1, -2, -1, 1, -4, 1, 1, 4095188 ,
10 - 1, 1, 1, 1, -2, -1, 1, -4, 1, 1, 4095000 ,
10 - -2, -3, -1, -3, -5, -1, -4, -4, -1, 24, 
------  104 . Run ------
10 - -2, -3, -1, -3, -5, -1, -4, -4, -1, 24, 
10 - -1, 1, -1, -3, -5, -1, -1, -4, 3, 12, 504081778 ,
10 - -1, 1, -1, -2, -4, -1, -1, -4, 1, 12, 504081360 ,
10 - 1, 1, -1, -2, -4, -1, -1, 3, 1, 3, 4095039 ,
10 - 1, 1, 1, -1, -3, -1, -1, 1, 1, 1, 4095000 ,
10 - -2, -3, -1, -3, -5, -1, -4, -4, -1, 24, 
------  105 . Run ------
10 - -2, -3, -1, -3, -5, -1, -4, -4, -1, 24, 
10 - 1, 1, -1, -3, -5, -1, 5, 0, -1, 4, 5154084824 ,
10 - 1, 1, 0, -3, -2, 1, 1, 1, -1, 1, 154094964 ,
10 - -2, -3, -1, -3, -5, -1, -4, -4, -1, 24, 
------  106 . Run ------
10 - -2, -3, -1, -3, -5, -1, -4, -4, -1, 24, 
10 - 2, -2, -1, -3, -5, -1, -3, 4, -1, 10, 6604095760 ,
10 - 1, 1, -1, -2, -3, 1, -3, 2, -1, 5, 104094874 ,
10 - -2, -3, -1, -3, -5, -1, -4, -4, -1, 24, 
------  107 . Run ------
10 - -2, -3, -1, -3, -5, -1, -4, -4, -1, 24, 
10 - 1, 1, -1, -2, -5, -1, 10, -3, -1, 1, 5854077157 ,
10 - 1, 1, 1, -2, 0, 1, 1, -3, -1, 1, 354094677 ,
10 - 1, 1, 1, -2, 0, 1, 1, -3, -1, 1, 354094632 ,
10 - -2, -3, -1, -3, -5, -1, -4, -4, -1, 24, 
------  108 . Run ------
10 - -2, -3, -1, -3, -5, -1, -4, -4, -1, 24, 
10 - 0, 1, -1, -3, -1, -1, -4, -4, 4, 9, 1004073422 ,
10 - 0, 1, -1, -3, 1, -1, -4, -4, 2, 9, 1004073348 ,
10 - 0, 1, -1, -3, 1, 0, -4, -4, 1, 9, 1004073190 ,
10 - 0, 1, -1, -3, 1, 0, -4, -4, 1, 9, 1004073160 ,
10 - 1, 1, -1, -3, 1, 0, -3, -4, 1, 7, 4095116 ,
10 - 7, 1, -1, -3, 1, 0, -3, -4, 1, 1, 4094964 ,
10 - -2, -3, -1, -3, -5, -1, -4, -4, -1, 24, 
------  109 . Run ------
10 - -2, -3, -1, -3, -5, -1, -4, -4, -1, 24, 
10 - 1, 1, -1, -3, -4, -1, -2, 0, 8, 1, 4604067268 ,
10 - 1, 1, 1, 0, -2, -1, -2, 0, 1, 1, 104095000 ,
10 - -2, -3, -1, -3, -5, -1, -4, -4, -1, 24, 
------  110 . Run ------
10 - -2, -3, -1, -3, -5, -1, -4, -4, -1, 24, 
10 - 1, -2, -1, -3, -3, -1, -4, -4, -1, 18, 2604095960 ,
10 - 1, -2, -1, -3, -3, -1, -4, -4, -1, 18, 2604095000 ,
10 - 1, 1, -1, 0, 1, -1, -4, -4, -1, 8, 104094916 ,
10 - 2, 1, -1, 0, 1, -1, -4, -4, -1, 7, 104094874 ,
10 - -2, -3, -1, -3, -5, -1, -4, -4, -1, 24, 
------  111 . Run ------
10 - -2, -3, -1, -3, -5, -1, -4, -4, -1, 24, 
10 - -1, 1, 0, -3, -5, -1, -3, -4, 2, 14, 604088212 ,
10 - -1, 1, 0, -3, -5, -1, -3, -4, 2, 14, 604087894 ,
10 - 6, 2, 0, -3, -4, -1, -3, -4, 1, 6, 604087240 ,
10 - 1, 1, 1, 1, -3, -1, 1, -4, 1, 2, 104095119 ,
10 - 1, 1, 1, 1, -3, 0, 1, -4, 1, 1, 104095104 ,
10 - 1, 1, 1, 1, -3, 0, 1, -4, 1, 1, 4095074 ,
10 - 1, 1, 1, 1, -3, 0, 1, -4, 1, 1, 4095000 ,
10 - -2, -3, -1, -3, -5, -1, -4, -4, -1, 24, 
------  112 . Run ------
10 - -2, -3, -1, -3, -5, -1, -4, -4, -1, 24, 
10 - 1, 1, 0, 1, 3, -1, -4, -4, -1, 4, 1604050936 ,
10 - 1, 1, 0, 1, 1, -1, -4, -4, 1, 4, 704094456 ,
10 - 1, 1, 1, 1, 1, -1, -4, -4, 1, 3, 4095000 ,
10 - -2, -3, -1, -3, -5, -1, -4, -4, -1, 24, 
------  113 . Run ------
10 - -2, -3, -1, -3, -5, -1, -4, -4, -1, 24, 
10 - 1, 0, -1, -3, -5, -1, -4, -4, -1, 18, 1504096560 ,
10 - 1, 0, -1, -3, -5, -1, -4, -4, -1, 18, 1504095000 ,
10 - 1, 0, -1, -3, -5, -1, -4, -4, -1, 18, 4095000 ,
10 - 1, 17, -1, -3, -5, -1, -4, -4, -1, 1, 4091373 ,
10 - -2, -3, -1, -3, -5, -1, -4, -4, -1, 24, 
------  114 . Run ------
10 - -2, -3, -1, -3, -5, -1, -4, -4, -1, 24, 
10 - 1, 1, 0, -1, -5, -1, -1, -2, -1, 9, 3704090608 ,
10 - 1, 1, 0, -1, -5, -1, -1, -2, -1, 9, 204095248 ,
10 - 8, 1, 0, -1, -5, -1, -1, -2, -1, 2, 204095094 ,
10 - -2, -3, -1, -3, -5, -1, -4, -4, -1, 24, 
------  115 . Run ------
10 - -2, -3, -1, -3, -5, -1, -4, -4, -1, 24, 
10 - -1, 1, -1, -3, -5, -1, -4, -4, 10, 8, 504060670 ,
10 - 1, 1, 1, 1, -1, -1, -2, -2, 1, 1, 4095186 ,
10 - 1, 1, 1, 1, -1, -1, -2, -2, 1, 1, 4095070 ,
10 - 1, 1, 1, 1, -1, -1, -2, -2, 1, 1, 4095000 ,
10 - -2, -3, -1, -3, -5, -1, -4, -4, -1, 24, 
------  116 . Run ------
10 - -2, -3, -1, -3, -5, -1, -4, -4, -1, 24, 
10 - 1, 2, -1, -1, -3, -1, -2, -3, 1, 7, 2004073885 ,
10 - 1, 1, 0, -1, -3, -1, -2, -3, 1, 7, 2004073441 ,
10 - 1, 1, 0, -1, -3, -1, -2, -3, 1, 7, 4095045 ,
10 - 1, 1, 1, -1, -2, -1, 1, -2, 1, 1, 4095000 ,
10 - -2, -3, -1, -3, -5, -1, -4, -4, -1, 24, 
------  117 . Run ------
10 - -2, -3, -1, -3, -5, -1, -4, -4, -1, 24, 
10 - -2, 2, -1, -3, 0, -1, -3, -4, 11, 1, 104002640 ,
10 - -1, 1, 1, 1, 1, 1, -2, -4, 1, 1, 4005760 ,
10 - -2, -3, -1, -3, -5, -1, -4, -4, -1, 24, 
------  118 . Run ------
10 - -2, -3, -1, -3, -5, -1, -4, -4, -1, 24, 
10 - 1, 1, -1, -3, -5, -1, 0, -2, 1, 9, 3604090874 ,
10 - 1, 1, -1, -3, -5, -1, 0, -2, 1, 9, 104095514 ,
10 - 1, 1, -1, -3, -5, -1, 0, -2, 1, 9, 104095070 ,
10 - 1, 1, 0, -3, -2, -1, 1, 1, 1, 1, 104095000 ,
10 - -2, -3, -1, -3, -5, -1, -4, -4, -1, 24, 
------  119 . Run ------
10 - -2, -3, -1, -3, -5, -1, -4, -4, -1, 24, 
10 - -1, -2, -1, -3, -5, -1, -4, -4, -1, 22, 504095960 ,
10 - 16, -2, -1, -3, -5, -1, -4, -4, -1, 5, 504092866 ,
10 - 1, 1, 1, 1, -4, -1, -4, 1, -1, 5, 504091906 ,
10 - 1, 1, 1, 1, -4, -1, -1, 1, -1, 2, 4095075 ,
10 - 1, 2, 1, 1, -4, -1, -1, 1, -1, 1, 4095045 ,
10 - 1, 1, 1, 1, -4, -1, 0, 1, -1, 1, 4095000 ,
10 - -2, -3, -1, -3, -5, -1, -4, -4, -1, 24, 
------  120 . Run ------
10 - -2, -3, -1, -3, -5, -1, -4, -4, -1, 24, 
10 - -2, 1, -1, 0, -5, -1, -3, -4, 12, 3, 4018826 ,
10 - -2, -3, -1, -3, -5, -1, -4, -4, -1, 24, 
------  121 . Run ------
10 - -2, -3, -1, -3, -5, -1, -4, -4, -1, 24, 
10 - 1, 1, -1, -1, -4, -1, 0, -3, 6, 2, 4754072919 ,
10 - 1, 1, -1, -1, -4, -1, 0, -3, 6, 2, 254094759 ,
10 - -2, -3, -1, -3, -5, -1, -4, -4, -1, 24, 
------  122 . Run ------
10 - -2, -3, -1, -3, -5, -1, -4, -4, -1, 24, 
10 - -2, 1, -1, -3, -4, -1, -3, -4, 15, 2, 4007656 ,
10 - -2, -3, -1, -3, -5, -1, -4, -4, -1, 24, 
------  123 . Run ------
10 - -2, -3, -1, -3, -5, -1, -4, -4, -1, 24, 
10 - -2, 1, -1, -3, -3, -1, 2, -4, 6, 5, 4037718 ,
10 - -2, -3, -1, -3, -5, -1, -4, -4, -1, 24, 
------  124 . Run ------
10 - -2, -3, -1, -3, -5, -1, -4, -4, -1, 24, 
10 - 1, 1, -1, 1, -4, -1, 0, -4, -1, 8, 3704088070 ,
10 - 1, 1, -1, 1, -4, -1, 0, -4, -1, 8, 204095270 ,
10 - -2, -3, -1, -3, -5, -1, -4, -4, -1, 24, 
------  125 . Run ------
10 - -2, -3, -1, -3, -5, -1, -4, -4, -1, 24, 
10 - 1, 1, -1, -3, 6, -1, -4, -3, 0, 4, 1504049977 ,
10 - 1, 1, -1, -1, 1, 0, -2, -1, 0, 2, 4093613 ,
10 - 1, 1, -1, -1, 1, 0, -2, -1, 0, 2, 4093452 ,
10 - -2, -3, -1, -3, -5, -1, -4, -4, -1, 24, 
------  126 . Run ------
10 - -2, -3, -1, -3, -5, -1, -4, -4, -1, 24, 
10 - -2, 1, -1, -3, 5, -1, -4, -4, 3, 6, 4043916 ,
10 - -2, -3, -1, -3, -5, -1, -4, -4, -1, 24, 
------  127 . Run ------
10 - -2, -3, -1, -3, -5, -1, -4, -4, -1, 24, 
10 - 1, 1, -1, -3, -1, -1, 2, -3, -1, 6, 4754088091 ,
10 - 1, 1, 0, -3, -1, -1, 1, -3, -1, 6, 254095291 ,
10 - 1, 1, 1, -1, -1, 1, 1, -3, -1, 1, 254095246 ,
10 - -2, -3, -1, -3, -5, -1, -4, -4, -1, 24, 
------  128 . Run ------
10 - -2, -3, -1, -3, -5, -1, -4, -4, -1, 24, 
10 - -1, 1, 1, 2, -4, -1, -1, -4, 0, 7, 304051984 ,
10 - -2, -3, -1, -3, -5, -1, -4, -4, -1, 24, 
------  129 . Run ------
10 - -2, -3, -1, -3, -5, -1, -4, -4, -1, 24, 
10 - -2, -1, -1, -3, -5, -1, -4, -4, -1, 22, 4096480 ,
10 - 18, -1, -1, -3, -5, -1, -4, -4, -1, 2, 4091880 ,
10 - 1, -1, -1, -2, -5, 7, 4, -4, -1, 2, 4090360 ,
10 - -2, -3, -1, -3, -5, -1, -4, -4, -1, 24, 
------  130 . Run ------
10 - -2, -3, -1, -3, -5, -1, -4, -4, -1, 24, 
10 - 0, 1, -1, -3, -5, -1, -3, -4, 5, 11, 1004081334 ,
10 - 1, 1, 1, -2, -5, -1, -3, -4, 1, 11, 4095162 ,
10 - 1, 11, 1, -2, -5, -1, -3, -4, 1, 1, 4091805 ,
