          17
           7
           6
           2
           5
          10
           6
           6
           6
           3
           5
           4
           6
           1
           1
           9
           5
 1st Variable Cost Component, Aij
                   0
                   0
                   0
                   3
                   0
                   0
                   6
                   0
                   0
                   0
                   0
                   0
                   7
                   7
                   0
                   0
                   0
                   0
                   0
                   0
                   0
                   0
                   0
                   0
                   0
                   0
                   0
                   0
                   3
                   0
                   0
                   0
                   1
                   8
                   0
                   4
                   3
                  10
                   0
                   4
                   0
                   6
                   0
                   0
                   0
                   7
                   0
                  11
                   0
                   0
                   0
                   0
                   0
                  11
                   0
                   0
                   0
                   0
                   0
                   0
                   3
                   0
                   0
                   0
                   0
                   0
                   0
                   0
                   0
                   0
                   9
                   0
                   0
                   0
                   9
                   3
                   0
                   0
                   0
                   0
                   0
                   0
                   0
                   0
                  11
                   0
                   0
                   0
                   1
                   5
                   0
                   0
                  15
                   5
                   0
                   0
                   6
                   0
                   0
                   0
                   9
                   0
                   0
                   0
                   0
                   0
                   2
                   0
                   0
                   6
                   0
                   0
                   0
                   0
                   0
                   0
                   0
                   6
                   0
                   0
                   0
                   2
                   0
                   0
                   0
                   4
                   0
                   0
                   0
                   0
                   0
                   0
                   0
                   1
                   4
                   0
                   0
                   0
                   0
                   0
                   0
                   0
                   0
                  12
                   5
                   0
                   0
                   0
                   0
                   0
                   0
                   0
                   0
                   0
                   1
                   0
                   0
                   0
                   0
                   0
                   0
                   0
                   0
                   0
                   9
                   0
                   0
                   0
                   0
                   0
                   0
                   0
                   8
                   0
                   0
                   0
                   0
                   0
                   0
                   4
                   0
                   0
                   6
                   0
                   0
                   0
                   5
                   0
                   0
                   0
                   0
                  11
                   7
                   3
                   0
                   3
                   0
                  15
                  10
                   0
                   0
                   9
                   8
                   8
                   0
                   0
                   0
                   0
                   0
                   0
                   0
                   0
                   0
                   0
                   6
                   0
                   5
                   0
                   7
                   0
                   0
                   0
                   2
                   0
                   0
                   0
                   0
                   0
                   9
                   0
                   0
                   0
                   0
                   0
                   0
                   0
                   0
                   2
                   0
                   0
                   0
                   0
                   0
                   0
                  14
                   0
                   0
                   0
                   0
                   0
                   0
                   0
                   0
                   0
                   0
                   0
                   0
                  15
                  13
                  14
                   0
                   2
                   6
                   8
                   2
                   7
                   0
                  12
                   0
                   0
                   0
                   0
 2nd Variable Cost Component, Bij
                   0
            50000000
            50000000
                  37
            50000000
            50000000
                  68
            50000000
            50000000
            50000000
            50000000
            50000000
                  74
                  74
            50000000
            50000000
            50000000
                   0
            50000000
            50000000
            50000000
            50000000
            50000000
            50000000
            50000000
            50000000
            50000000
            50000000
                  38
            50000000
            50000000
            50000000
                  12
                  88
                   0
                  41
                  34
                 111
            50000000
                  46
            50000000
                  67
            50000000
            50000000
            50000000
                  80
            50000000
                 114
            50000000
            50000000
            50000000
                   0
            50000000
                 120
            50000000
            50000000
            50000000
            50000000
            50000000
            50000000
                  39
            50000000
            50000000
            50000000
            50000000
            50000000
            50000000
            50000000
                   0
            50000000
                  98
            50000000
            50000000
            50000000
                  93
                  35
            50000000
            50000000
            50000000
            50000000
            50000000
            50000000
            50000000
            50000000
                 117
                   0
            50000000
            50000000
                  11
                  56
            50000000
            50000000
                 156
                  52
            50000000
            50000000
                  68
            50000000
            50000000
            50000000
                  98
            50000000
                   0
            50000000
            50000000
            50000000
                  23
            50000000
            50000000
                  63
            50000000
            50000000
            50000000
            50000000
            50000000
            50000000
            50000000
                  66
            50000000
                   0
            50000000
                  26
            50000000
            50000000
            50000000
                  48
            50000000
            50000000
            50000000
            50000000
            50000000
            50000000
            50000000
                  11
                  43
            50000000
                   0
            50000000
            50000000
            50000000
            50000000
            50000000
            50000000
                 123
                  55
            50000000
            50000000
            50000000
            50000000
            50000000
            50000000
            50000000
            50000000
                   0
                  16
            50000000
            50000000
            50000000
            50000000
            50000000
            50000000
            50000000
            50000000
            50000000
                  93
            50000000
            50000000
            50000000
            50000000
            50000000
                   0
            50000000
                  89
            50000000
            50000000
            50000000
            50000000
            50000000
            50000000
                  45
            50000000
            50000000
                  70
            50000000
            50000000
            50000000
                  61
                   0
            50000000
            50000000
            50000000
                 113
                  74
                  38
            50000000
                  39
            50000000
                 156
                 112
            50000000
            50000000
                 100
                  89
                  82
                   0
            50000000
            50000000
            50000000
            50000000
            50000000
            50000000
            50000000
            50000000
            50000000
                  63
            50000000
                  61
            50000000
                  78
            50000000
            50000000
                   0
                  27
            50000000
            50000000
            50000000
            50000000
            50000000
                  93
            50000000
            50000000
            50000000
            50000000
            50000000
            50000000
            50000000
            50000000
                  27
                   0
            50000000
            50000000
            50000000
            50000000
            50000000
                 147
            50000000
            50000000
            50000000
            50000000
            50000000
            50000000
            50000000
            50000000
            50000000
            50000000
                   0
            50000000
                 159
                 137
                 145
            50000000
                  26
                  68
                  91
                  26
                  80
            50000000
                 126
            50000000
            50000000
            50000000
            50000000
 Fixed Cost Component, Cij
                   0
                   0
                   0
                2035
                   0
                   0
                3740
                   0
                   0
                   0
                   0
                   0
                4070
                4070
                   0
                   0
                   0
                   0
                   0
                   0
                   0
                   0
                   0
                   0
                   0
                   0
                   0
                   0
                2090
                   0
                   0
                   0
                 660
                4840
                   0
                2255
                1870
                6105
                   0
                2530
                   0
                3685
                   0
                   0
                   0
                4400
                   0
                6270
                   0
                   0
                   0
                   0
                   0
                6600
                   0
                   0
                   0
                   0
                   0
                   0
                2145
                   0
                   0
                   0
                   0
                   0
                   0
                   0
                   0
                   0
                5390
                   0
                   0
                   0
                5115
                1925
                   0
                   0
                   0
                   0
                   0
                   0
                   0
                   0
                6435
                   0
                   0
                   0
                 605
                3080
                   0
                   0
                8580
                2860
                   0
                   0
                3740
                   0
                   0
                   0
                5390
                   0
                   0
                   0
                   0
                   0
                1265
                   0
                   0
                3465
                   0
                   0
                   0
                   0
                   0
                   0
                   0
                3630
                   0
                   0
                   0
                1430
                   0
                   0
                   0
                2640
                   0
                   0
                   0
                   0
                   0
                   0
                   0
                 605
                2365
                   0
                   0
                   0
                   0
                   0
                   0
                   0
                   0
                6765
                3025
                   0
                   0
                   0
                   0
                   0
                   0
                   0
                   0
                   0
                 880
                   0
                   0
                   0
                   0
                   0
                   0
                   0
                   0
                   0
                5115
                   0
                   0
                   0
                   0
                   0
                   0
                   0
                4895
                   0
                   0
                   0
                   0
                   0
                   0
                2475
                   0
                   0
                3850
                   0
                   0
                   0
                3355
                   0
                   0
                   0
                   0
                6215
                4070
                2090
                   0
                2145
                   0
                8580
                6160
                   0
                   0
                5500
                4895
                4510
                   0
                   0
                   0
                   0
                   0
                   0
                   0
                   0
                   0
                   0
                3465
                   0
                3355
                   0
                4290
                   0
                   0
                   0
                1485
                   0
                   0
                   0
                   0
                   0
                5115
                   0
                   0
                   0
                   0
                   0
                   0
                   0
                   0
                1485
                   0
                   0
                   0
                   0
                   0
                   0
                8085
                   0
                   0
                   0
                   0
                   0
                   0
                   0
                   0
                   0
                   0
                   0
                   0
                8745
                7535
                7975
                   0
                1430
                3740
                5005
                1430
                4400
                   0
                6930
                   0
                   0
                   0
                   0