          17
           9
           4
           2
           6
           7
           6
           2
           9
           9
           8
           1
           2
           9
           2
           6
           9
 1st Variable Cost Component, Aij
                   0
                   6
                   0
                   2
                   0
                   0
                   0
                   0
                   0
                   0
                   8
                   0
                   5
                   3
                   0
                   0
                   0
                   0
                   2
                   0
                   0
                   0
                   0
                   0
                   0
                   0
                   0
                   0
                   0
                   0
                   0
                   0
                   3
                   0
                   0
                   6
                   7
                   1
                   0
                   0
                   0
                   0
                   0
                   0
                   0
                   0
                   4
                   0
                   0
                   0
                   0
                   0
                   1
                   7
                   5
                   6
                   0
                   0
                   0
                   0
                   5
                   2
                   0
                   0
                   0
                  10
                   0
                   1
                   0
                   9
                   6
                   0
                   0
                   0
                   0
                   0
                   0
                   2
                   0
                   0
                   0
                   0
                   0
                   0
                   9
                   0
                   0
                   0
                   0
                   0
                   0
                   0
                   0
                   0
                   0
                   1
                   0
                   0
                   0
                   5
                   6
                   0
                   0
                   5
                   0
                   0
                   0
                   0
                   0
                   0
                   0
                   0
                   0
                   2
                   0
                   0
                   0
                   1
                   0
                   0
                   0
                   0
                   0
                   0
                   0
                   0
                   4
                   0
                   0
                   0
                   0
                   0
                   9
                   0
                   0
                   0
                   0
                   0
                   0
                   0
                   0
                   0
                   0
                   0
                   0
                   0
                   3
                   0
                   9
                   0
                   0
                   0
                   2
                   0
                   0
                   0
                   0
                   0
                   8
                   2
                   8
                   0
                   0
                  10
                   0
                   0
                   0
                   0
                   0
                   3
                   0
                   0
                   0
                   0
                   0
                   0
                   0
                   0
                   0
                   0
                   0
                   1
                   0
                   0
                   0
                   0
                   0
                   0
                   0
                   6
                   0
                   0
                   0
                   0
                   0
                   5
                   0
                   0
                   0
                   0
                   0
                   0
                   0
                   8
                   0
                   0
                   0
                   0
                   0
                   0
                   0
                   0
                   2
                   8
                   0
                   0
                   0
                   0
                   0
                   0
                   0
                   0
                   0
                   0
                   0
                   0
                   0
                   8
                   0
                   0
                   0
                   0
                   0
                   8
                   0
                   0
                   0
                   7
                   0
                   0
                   0
                   3
                   0
                   0
                   0
                   0
                   0
                   1
                   0
                   2
                   0
                   0
                   0
                   7
                   0
                   0
                   0
                   0
                   0
                  10
                   0
                   0
                   0
                   0
                   9
                  11
                  11
                   0
                   0
                   9
                   0
                   8
 2nd Variable Cost Component, Bij
                   0
                  73
            50000000
                  31
            50000000
            50000000
            50000000
            50000000
            50000000
            50000000
                  94
            50000000
                  68
                  43
            50000000
            50000000
            50000000
                   0
                  34
            50000000
            50000000
            50000000
            50000000
            50000000
            50000000
            50000000
            50000000
            50000000
            50000000
            50000000
            50000000
            50000000
                  40
            50000000
                   0
                  70
                  89
                  16
            50000000
                   6
            50000000
            50000000
            50000000
            50000000
            50000000
            50000000
                  52
            50000000
            50000000
            50000000
            50000000
                   0
                  20
                  86
                  68
                  74
            50000000
            50000000
            50000000
            50000000
                  68
                  32
            50000000
            50000000
            50000000
                 123
            50000000
                  20
                   0
                 106
                  75
            50000000
            50000000
            50000000
            50000000
            50000000
            50000000
                  30
            50000000
            50000000
            50000000
            50000000
            50000000
            50000000
                 106
                   0
            50000000
            50000000
            50000000
            50000000
            50000000
            50000000
            50000000
            50000000
            50000000
                  18
            50000000
            50000000
            50000000
                  68
                  75
            50000000
                   0
                  61
            50000000
            50000000
            50000000
            50000000
            50000000
            50000000
            50000000
            50000000
            50000000
                  30
                   6
            50000000
            50000000
                  14
            50000000
                   0
            50000000
            50000000
            50000000
                   4
            50000000
            50000000
                  47
            50000000
            50000000
            50000000
            50000000
            50000000
                 109
            50000000
            50000000
            50000000
                   0
            50000000
            50000000
            50000000
            50000000
            50000000
            50000000
            50000000
            50000000
            50000000
                  44
            50000000
                 108
            50000000
            50000000
            50000000
                  30
                   0
            50000000
            50000000
            50000000
            50000000
                  94
                  32
                  94
            50000000
            50000000
                 122
            50000000
            50000000
            50000000
            50000000
            50000000
                  40
                   0
            50000000
            50000000
            50000000
            50000000
            50000000
            50000000
            50000000
            50000000
            50000000
            50000000
                  16
            50000000
            50000000
            50000000
            50000000
            50000000
                   0
            50000000
                  78
            50000000
            50000000
            50000000
            50000000
            50000000
                  68
            50000000
            50000000
            50000000
            50000000
            50000000
            50000000
            50000000
                  91
                   0
            50000000
            50000000
            50000000
            50000000
            50000000
            50000000
            50000000
                  30
                  93
            50000000
            50000000
            50000000
            50000000
            50000000
            50000000
            50000000
                   0
            50000000
            50000000
            50000000
            50000000
            50000000
                 101
            50000000
            50000000
            50000000
            50000000
            50000000
                  94
            50000000
            50000000
            50000000
                  90
                   0
            50000000
            50000000
                  38
            50000000
            50000000
            50000000
            50000000
            50000000
                  17
            50000000
                  32
            50000000
            50000000
            50000000
                  84
            50000000
                   0
            50000000
            50000000
            50000000
                 124
            50000000
            50000000
            50000000
            50000000
                 103
                 132
                 128
            50000000
            50000000
                 104
            50000000
                 101
 Fixed Cost Component, Cij
                   0
                  40
                   0
                  17
                   0
                   0
                   0
                   0
                   0
                   0
                  51
                   0
                  37
                  23
                   0
                   0
                   0
                   0
                  18
                   0
                   0
                   0
                   0
                   0
                   0
                   0
                   0
                   0
                   0
                   0
                   0
                   0
                  22
                   0
                   0
                  38
                  48
                   8
                   0
                   3
                   0
                   0
                   0
                   0
                   0
                   0
                  28
                   0
                   0
                   0
                   0
                   0
                  11
                  47
                  37
                  40
                   0
                   0
                   0
                   0
                  37
                  17
                   0
                   0
                   0
                  67
                   0
                  11
                   0
                  58
                  41
                   0
                   0
                   0
                   0
                   0
                   0
                  16
                   0
                   0
                   0
                   0
                   0
                   0
                  58
                   0
                   0
                   0
                   0
                   0
                   0
                   0
                   0
                   0
                   0
                   9
                   0
                   0
                   0
                  37
                  41
                   0
                   0
                  33
                   0
                   0
                   0
                   0
                   0
                   0
                   0
                   0
                   0
                  16
                   3
                   0
                   0
                   7
                   0
                   0
                   0
                   0
                   0
                   2
                   0
                   0
                  25
                   0
                   0
                   0
                   0
                   0
                  59
                   0
                   0
                   0
                   0
                   0
                   0
                   0
                   0
                   0
                   0
                   0
                   0
                   0
                  24
                   0
                  59
                   0
                   0
                   0
                  16
                   0
                   0
                   0
                   0
                   0
                  51
                  17
                  51
                   0
                   0
                  67
                   0
                   0
                   0
                   0
                   0
                  22
                   0
                   0
                   0
                   0
                   0
                   0
                   0
                   0
                   0
                   0
                   0
                   8
                   0
                   0
                   0
                   0
                   0
                   0
                   0
                  42
                   0
                   0
                   0
                   0
                   0
                  37
                   0
                   0
                   0
                   0
                   0
                   0
                   0
                  50
                   0
                   0
                   0
                   0
                   0
                   0
                   0
                   0
                  16
                  51
                   0
                   0
                   0
                   0
                   0
                   0
                   0
                   0
                   0
                   0
                   0
                   0
                   0
                  55
                   0
                   0
                   0
                   0
                   0
                  51
                   0
                   0
                   0
                  49
                   0
                   0
                   0
                  20
                   0
                   0
                   0
                   0
                   0
                   9
                   0
                  17
                   0
                   0
                   0
                  46
                   0
                   0
                   0
                   0
                   0
                  68
                   0
                   0
                   0
                   0
                  56
                  72
                  70
                   0
                   0
                  57
                   0
                  55