          17
           2
           2
           9
           9
           2
           8
           5
           1
           1
           2
           1
           7
           5
           2
           7
           2
 1st Variable Cost Component, Aij
                   0
                   0
                  14
                   0
                  13
                   0
                   0
                   0
                   0
                   1
                   0
                  17
                   0
                   0
                  14
                   0
                   0
                   0
                   0
                  11
                   1
                  11
                   6
                   0
                   0
                   0
                   0
                   0
                   0
                   0
                  12
                   0
                   0
                   3
                   0
                  15
                   0
                  14
                   6
                   8
                  10
                   0
                   0
                   0
                   0
                   0
                   0
                   0
                  10
                   0
                  15
                   0
                   0
                   0
                  12
                   0
                   0
                  10
                   0
                   0
                   0
                   0
                   0
                   0
                  13
                   0
                   0
                  13
                   0
                   0
                   5
                   0
                   0
                   0
                   0
                   0
                   3
                   8
                  14
                   0
                   0
                   0
                   0
                   0
                   0
                   0
                   0
                  14
                   0
                   0
                   0
                   0
                   0
                   0
                   0
                   0
                   8
                   0
                   0
                   0
                   0
                  12
                   0
                   0
                   0
                   0
                   0
                   0
                   4
                   0
                   0
                   0
                   0
                   0
                   8
                   0
                   8
                  14
                   0
                   0
                   7
                  18
                   0
                   0
                   0
                  14
                  14
                   0
                   0
                   7
                  10
                   0
                   0
                   0
                   0
                   0
                   0
                   0
                  13
                   0
                   0
                   0
                   0
                   0
                   0
                   0
                   0
                   0
                   0
                   0
                   0
                   0
                   0
                   0
                   0
                   0
                   8
                   0
                   0
                   0
                   2
                   0
                   0
                   0
                   0
                   0
                   0
                   0
                   0
                   0
                   0
                   0
                   0
                   0
                   0
                   0
                   0
                   0
                   0
                   0
                   0
                   0
                   9
                   4
                   0
                  15
                   0
                   0
                   0
                   0
                   0
                   0
                   0
                   0
                   0
                   0
                   3
                   0
                   0
                   0
                   0
                   0
                   0
                   0
                   0
                   0
                   0
                   0
                   0
                   0
                   6
                   0
                   0
                   0
                   7
                   0
                   0
                   0
                   0
                   0
                   0
                   0
                   0
                   0
                   0
                   0
                  16
                   3
                   0
                   0
                  14
                   0
                   0
                   0
                   0
                   0
                   0
                   0
                   0
                   4
                   0
                   0
                   0
                   0
                   0
                   0
                   0
                   0
                   0
                   0
                   0
                   0
                   9
                   0
                   0
                   0
                   0
                  10
                  11
                   0
                  11
                   0
                  16
                   0
                  10
                   0
                   0
                   0
                  13
                   0
                  16
                  18
 2nd Variable Cost Component, Bij
                   0
            50000000
                 120
            50000000
                 108
            50000000
            50000000
            50000000
            50000000
                  16
            50000000
                 140
            50000000
            50000000
                 116
            50000000
            50000000
                   0
            50000000
                  96
                  13
                  91
                  50
            50000000
            50000000
            50000000
            50000000
            50000000
            50000000
            50000000
                 103
            50000000
            50000000
                  28
                   0
                 123
            50000000
                 118
                  53
                  67
                  88
            50000000
            50000000
            50000000
            50000000
            50000000
            50000000
            50000000
                  84
            50000000
                 123
                   0
            50000000
            50000000
                 101
            50000000
            50000000
                  82
            50000000
            50000000
            50000000
            50000000
            50000000
            50000000
                 108
            50000000
            50000000
                 106
                   0
            50000000
                  45
            50000000
            50000000
            50000000
            50000000
            50000000
                  26
                  65
                 115
            50000000
            50000000
            50000000
            50000000
            50000000
            50000000
                   0
            50000000
                 117
            50000000
            50000000
            50000000
            50000000
            50000000
            50000000
            50000000
            50000000
                  69
            50000000
            50000000
            50000000
            50000000
                 100
                   0
            50000000
            50000000
            50000000
            50000000
            50000000
                  34
            50000000
            50000000
            50000000
            50000000
            50000000
                  67
            50000000
                  66
                 117
            50000000
                   0
                  64
                 148
            50000000
            50000000
            50000000
                 121
                 117
            50000000
            50000000
                  61
                  88
            50000000
            50000000
            50000000
            50000000
            50000000
                   0
            50000000
                 107
            50000000
            50000000
            50000000
            50000000
            50000000
            50000000
            50000000
            50000000
            50000000
            50000000
            50000000
            50000000
            50000000
            50000000
                   0
            50000000
            50000000
                  70
            50000000
            50000000
            50000000
                  20
            50000000
            50000000
            50000000
            50000000
            50000000
            50000000
            50000000
            50000000
            50000000
                   0
            50000000
            50000000
            50000000
            50000000
            50000000
            50000000
            50000000
            50000000
            50000000
            50000000
            50000000
                  77
                  40
            50000000
                 125
            50000000
                   0
            50000000
            50000000
            50000000
            50000000
            50000000
            50000000
            50000000
            50000000
                  26
            50000000
            50000000
            50000000
            50000000
            50000000
            50000000
            50000000
                   0
            50000000
            50000000
            50000000
            50000000
            50000000
                  56
            50000000
            50000000
            50000000
                  60
            50000000
            50000000
            50000000
            50000000
            50000000
            50000000
                   0
            50000000
            50000000
            50000000
            50000000
                 131
                  32
            50000000
            50000000
                 121
            50000000
            50000000
            50000000
            50000000
            50000000
            50000000
            50000000
                   0
                  40
            50000000
            50000000
            50000000
            50000000
            50000000
            50000000
            50000000
            50000000
            50000000
            50000000
            50000000
            50000000
                  80
            50000000
            50000000
                   0
            50000000
                  86
                  91
            50000000
                  91
            50000000
                 135
            50000000
                  83
            50000000
            50000000
            50000000
                 106
            50000000
                 134
                 150
 Fixed Cost Component, Cij
                   0
                   0
                 660
                   0
                 594
                   0
                   0
                   0
                   0
                  88
                   0
                 770
                   0
                   0
                 638
                   0
                   0
                   0
                   0
                 528
                  71
                 500
                 275
                   0
                   0
                   0
                   0
                   0
                   0
                   0
                 566
                   0
                   0
                 154
                   0
                 676
                   0
                 649
                 291
                 368
                 484
                   0
                   0
                   0
                   0
                   0
                   0
                   0
                 462
                   0
                 676
                   0
                   0
                   0
                 555
                   0
                   0
                 451
                   0
                   0
                   0
                   0
                   0
                   0
                 594
                   0
                   0
                 583
                   0
                   0
                 247
                   0
                   0
                   0
                   0
                   0
                 143
                 357
                 632
                   0
                   0
                   0
                   0
                   0
                   0
                   0
                   0
                 643
                   0
                   0
                   0
                   0
                   0
                   0
                   0
                   0
                 379
                   0
                   0
                   0
                   0
                 550
                   0
                   0
                   0
                   0
                   0
                   0
                 187
                   0
                   0
                   0
                   0
                   0
                 368
                   0
                 363
                 643
                   0
                   0
                 352
                 814
                   0
                   0
                   0
                 665
                 643
                   0
                   0
                 335
                 484
                   0
                   0
                   0
                   0
                   0
                   0
                   0
                 588
                   0
                   0
                   0
                   0
                   0
                   0
                   0
                   0
                   0
                   0
                   0
                   0
                   0
                   0
                   0
                   0
                   0
                 385
                   0
                   0
                   0
                 110
                   0
                   0
                   0
                   0
                   0
                   0
                   0
                   0
                   0
                   0
                   0
                   0
                   0
                   0
                   0
                   0
                   0
                   0
                   0
                   0
                   0
                 423
                 220
                   0
                 687
                   0
                   0
                   0
                   0
                   0
                   0
                   0
                   0
                   0
                   0
                 143
                   0
                   0
                   0
                   0
                   0
                   0
                   0
                   0
                   0
                   0
                   0
                   0
                   0
                 308
                   0
                   0
                   0
                 330
                   0
                   0
                   0
                   0
                   0
                   0
                   0
                   0
                   0
                   0
                   0
                 720
                 176
                   0
                   0
                 665
                   0
                   0
                   0
                   0
                   0
                   0
                   0
                   0
                 220
                   0
                   0
                   0
                   0
                   0
                   0
                   0
                   0
                   0
                   0
                   0
                   0
                 440
                   0
                   0
                   0
                   0
                 473
                 500
                   0
                 500
                   0
                 742
                   0
                 456
                   0
                   0
                   0
                 583
                   0
                 737
                 825