          17
           3
           2
           1
           4
           4
           3
           3
           2
           4
           5
           3
           1
           1
           2
           1
           1
 1st Variable Cost Component, Aij
                   0
                   0
                   0
                   0
                   0
                   0
                   6
                   0
                  15
                   0
                   6
                   0
                   0
                   0
                  17
                   6
                   0
                   0
                   0
                   6
                   0
                   0
                  16
                   0
                   6
                   0
                   0
                   0
                   0
                   0
                   0
                   0
                   0
                  16
                   0
                   0
                   0
                   0
                   0
                   0
                   0
                  32
                   0
                  15
                   0
                   0
                   0
                   0
                   0
                   0
                   0
                   0
                   0
                  20
                   0
                   0
                   0
                   0
                  21
                   0
                  12
                   0
                   7
                   0
                  19
                   0
                   0
                   0
                   0
                  25
                  25
                   0
                   0
                   0
                   0
                   0
                   0
                   0
                   0
                   0
                   0
                   0
                   0
                   0
                   0
                   0
                   0
                  16
                   0
                   4
                   0
                   0
                   0
                   0
                  24
                   0
                   0
                   0
                   0
                   0
                   0
                   5
                   0
                   0
                  20
                   0
                   1
                   0
                   0
                   0
                   0
                   8
                   0
                  20
                   0
                  26
                   0
                   0
                   0
                   0
                   0
                   0
                   0
                   0
                   0
                   0
                   0
                   0
                   0
                   6
                   0
                   0
                   0
                   0
                   0
                   0
                   0
                  19
                   0
                   2
                   5
                   0
                   0
                   0
                   0
                  16
                   0
                   0
                   0
                   0
                   0
                  20
                   0
                   0
                   0
                   0
                   0
                   0
                  23
                  10
                   0
                   0
                  34
                   0
                   0
                   7
                   1
                   0
                   0
                   0
                   0
                   0
                   0
                   0
                   0
                   8
                   0
                   0
                   0
                   0
                   0
                   0
                  18
                   0
                   0
                   0
                   0
                   0
                   0
                   0
                   0
                   0
                   0
                   0
                  19
                  12
                   0
                   0
                   0
                  14
                   5
                  13
                   0
                   0
                   0
                   0
                  19
                  17
                  14
                   0
                   0
                  14
                   0
                   0
                   0
                  12
                   0
                   0
                   0
                   2
                   0
                   0
                   0
                  21
                   0
                   0
                   0
                   7
                   9
                   0
                  22
                  33
                   0
                  23
                   0
                  19
                   0
                  22
                   0
                  16
                   0
                   0
                   0
                  16
                   0
                   0
                   0
                  28
                   0
                   0
                   8
                   0
                   0
                  21
                   0
                   0
                  26
                  25
                   0
                   0
                   0
                   0
                   0
                   0
                   0
                   0
                   0
                   0
                  18
                  16
                   0
                   0
 2nd Variable Cost Component, Bij
                   0
            50000000
            50000000
            50000000
            50000000
            50000000
                  30
            50000000
                  78
            50000000
                  34
            50000000
            50000000
            50000000
                  85
                  33
            50000000
                   0
            50000000
                  30
            50000000
            50000000
                  83
            50000000
                  34
            50000000
            50000000
            50000000
            50000000
            50000000
            50000000
            50000000
            50000000
                  84
                   0
            50000000
            50000000
            50000000
            50000000
            50000000
            50000000
                 163
            50000000
                  77
            50000000
            50000000
            50000000
            50000000
            50000000
            50000000
            50000000
                   0
            50000000
                 103
            50000000
            50000000
            50000000
            50000000
                 105
            50000000
                  64
            50000000
                  39
            50000000
                  96
            50000000
            50000000
            50000000
                   0
                 125
                 126
            50000000
            50000000
            50000000
            50000000
            50000000
            50000000
            50000000
            50000000
            50000000
            50000000
            50000000
            50000000
            50000000
            50000000
                   0
            50000000
                  81
            50000000
                  20
            50000000
            50000000
            50000000
            50000000
                 124
            50000000
            50000000
            50000000
            50000000
            50000000
            50000000
                  28
                   0
            50000000
                 101
            50000000
                   8
            50000000
            50000000
            50000000
            50000000
                  43
            50000000
                 104
            50000000
                 134
            50000000
            50000000
            50000000
                   0
            50000000
            50000000
            50000000
            50000000
            50000000
            50000000
            50000000
            50000000
            50000000
                  34
            50000000
            50000000
            50000000
            50000000
            50000000
            50000000
                   0
                  98
            50000000
                  10
                  29
            50000000
            50000000
            50000000
            50000000
                  82
            50000000
            50000000
            50000000
            50000000
            50000000
                 101
            50000000
                   0
            50000000
            50000000
            50000000
            50000000
                 117
                  50
            50000000
            50000000
                 171
            50000000
            50000000
                  36
                   8
            50000000
            50000000
            50000000
                   0
            50000000
            50000000
            50000000
            50000000
                  40
            50000000
            50000000
            50000000
            50000000
            50000000
            50000000
                  93
            50000000
            50000000
            50000000
            50000000
                   0
            50000000
            50000000
            50000000
            50000000
            50000000
            50000000
                  96
                  64
            50000000
            50000000
            50000000
                  70
                  29
                  69
            50000000
            50000000
                   0
            50000000
                  98
                  85
                  74
            50000000
            50000000
                  74
            50000000
            50000000
            50000000
                  62
            50000000
            50000000
            50000000
                  14
            50000000
                   0
            50000000
                 105
            50000000
            50000000
            50000000
                  39
                  48
            50000000
                 114
                 169
            50000000
                 117
            50000000
                  98
            50000000
                 111
                   0
                  80
            50000000
            50000000
            50000000
                  82
            50000000
            50000000
            50000000
                 141
            50000000
            50000000
                  40
            50000000
            50000000
                 105
            50000000
                   0
                 134
                 126
            50000000
            50000000
            50000000
            50000000
            50000000
            50000000
            50000000
            50000000
            50000000
            50000000
                  93
                  81
            50000000
            50000000
 Fixed Cost Component, Cij
                   0
                   0
                   0
                   0
                   0
                   0
                9000
                   0
               23400
                   0
               10200
                   0
                   0
                   0
               25500
                9900
                   0
                   0
                   0
                9000
                   0
                   0
               24900
                   0
               10200
                   0
                   0
                   0
                   0
                   0
                   0
                   0
                   0
               25200
                   0
                   0
                   0
                   0
                   0
                   0
                   0
               48900
                   0
               23100
                   0
                   0
                   0
                   0
                   0
                   0
                   0
                   0
                   0
               30900
                   0
                   0
                   0
                   0
               31500
                   0
               19200
                   0
               11700
                   0
               28800
                   0
                   0
                   0
                   0
               37500
               37800
                   0
                   0
                   0
                   0
                   0
                   0
                   0
                   0
                   0
                   0
                   0
                   0
                   0
                   0
                   0
                   0
               24300
                   0
                6000
                   0
                   0
                   0
                   0
               37200
                   0
                   0
                   0
                   0
                   0
                   0
                8400
                   0
                   0
               30300
                   0
                2400
                   0
                   0
                   0
                   0
               12900
                   0
               31200
                   0
               40200
                   0
                   0
                   0
                   0
                   0
                   0
                   0
                   0
                   0
                   0
                   0
                   0
                   0
               10200
                   0
                   0
                   0
                   0
                   0
                   0
                   0
               29400
                   0
                3000
                8700
                   0
                   0
                   0
                   0
               24600
                   0
                   0
                   0
                   0
                   0
               30300
                   0
                   0
                   0
                   0
                   0
                   0
               35100
               15000
                   0
                   0
               51300
                   0
                   0
               10800
                2400
                   0
                   0
                   0
                   0
                   0
                   0
                   0
                   0
               12000
                   0
                   0
                   0
                   0
                   0
                   0
               27900
                   0
                   0
                   0
                   0
                   0
                   0
                   0
                   0
                   0
                   0
                   0
               28800
               19200
                   0
                   0
                   0
               21000
                8700
               20700
                   0
                   0
                   0
                   0
               29400
               25500
               22200
                   0
                   0
               22200
                   0
                   0
                   0
               18600
                   0
                   0
                   0
                4200
                   0
                   0
                   0
               31500
                   0
                   0
                   0
               11700
               14400
                   0
               34200
               50700
                   0
               35100
                   0
               29400
                   0
               33300
                   0
               24000
                   0
                   0
                   0
               24600
                   0
                   0
                   0
               42300
                   0
                   0
               12000
                   0
                   0
               31500
                   0
                   0
               40200
               37800
                   0
                   0
                   0
                   0
                   0
                   0
                   0
                   0
                   0
                   0
               27900
               24300
                   0
                   0