          17
          10
           5
           1
           8
           5
           1
           9
           3
           3
           2
           5
           4
           9
           8
           8
           6
 1st Variable Cost Component, Aij
                   0
                   0
                   0
                   0
                   0
                   0
                   0
                   0
                   0
                   0
                   2
                   0
                   0
                   0
                   0
                   0
                   0
                   0
                   2
                   0
                   6
                  10
                   0
                   0
                   0
                   0
                   0
                   0
                   0
                   0
                   0
                  10
                   0
                   0
                   0
                   0
                   5
                   0
                   0
                   0
                   0
                   0
                   0
                   1
                   0
                   0
                   0
                   0
                   2
                   0
                   0
                   0
                   7
                   0
                   0
                   5
                   0
                   7
                   0
                   0
                   0
                   0
                   0
                   0
                   0
                   6
                   0
                   7
                   0
                  11
                   0
                   9
                   0
                   0
                   0
                   0
                   9
                   0
                  12
                   0
                   0
                   0
                   0
                   0
                  11
                   0
                   0
                   0
                   0
                   0
                   0
                   0
                   0
                   0
                   0
                   0
                   4
                   5
                   7
                   0
                   0
                   0
                   0
                   0
                   0
                   4
                   1
                   0
                   0
                   0
                   0
                   7
                   0
                   0
                   3
                   5
                   0
                   0
                   0
                   0
                   0
                   0
                   0
                   0
                   0
                   6
                   0
                   0
                   0
                   0
                   9
                   0
                   0
                   0
                   0
                   6
                   0
                   0
                   0
                   0
                   0
                   0
                   0
                   0
                   0
                   9
                  11
                   7
                  14
                   0
                   0
                   0
                   0
                   0
                   0
                  10
                   0
                   0
                   0
                   0
                   0
                   0
                   0
                   0
                   0
                   0
                   0
                   0
                   0
                   0
                   0
                   0
                   0
                   0
                   0
                   0
                   0
                   0
                   1
                   0
                   0
                  11
                   6
                   3
                   0
                   0
                   0
                   0
                   8
                   5
                   7
                   0
                   0
                   0
                   0
                   0
                   0
                   0
                   0
                   9
                   0
                   0
                   0
                   0
                   0
                   0
                   0
                   0
                   3
                   0
                   0
                   0
                   0
                   6
                   0
                   0
                   0
                   0
                   0
                   0
                   0
                   0
                   0
                   0
                   0
                   0
                   0
                   0
                   0
                   0
                   0
                   0
                   9
                   0
                   0
                   0
                   0
                   0
                   0
                   0
                   0
                   0
                   0
                   0
                  16
                   0
                   0
                   8
                   3
                   4
                   0
                   0
                   0
                   8
                   0
                   0
                   0
                  12
                   0
                   0
                   0
                   0
                   0
                  11
                   0
                   0
                   0
                   0
                  12
                   0
                   0
                   2
 2nd Variable Cost Component, Bij
                   0
            50000000
            50000000
            50000000
            50000000
            50000000
            50000000
            50000000
            50000000
            50000000
                  31
            50000000
            50000000
            50000000
            50000000
            50000000
            50000000
                   0
                  24
            50000000
                  68
                 115
            50000000
            50000000
            50000000
            50000000
            50000000
            50000000
            50000000
            50000000
            50000000
                 112
            50000000
            50000000
                   0
            50000000
                  63
            50000000
            50000000
            50000000
            50000000
            50000000
            50000000
                  11
            50000000
            50000000
            50000000
            50000000
                  26
            50000000
            50000000
                   0
                  79
            50000000
            50000000
                  56
            50000000
                  77
            50000000
            50000000
            50000000
            50000000
            50000000
            50000000
            50000000
                  68
            50000000
                  79
                   0
                 129
            50000000
                 101
            50000000
            50000000
            50000000
            50000000
                 101
            50000000
                 139
            50000000
            50000000
            50000000
            50000000
            50000000
                 129
                   0
            50000000
            50000000
            50000000
            50000000
            50000000
            50000000
            50000000
            50000000
            50000000
            50000000
                  45
                  56
                  80
            50000000
            50000000
            50000000
                   0
            50000000
            50000000
                  53
                  14
            50000000
            50000000
            50000000
            50000000
                  84
            50000000
            50000000
                  41
                  56
            50000000
            50000000
            50000000
                   0
            50000000
            50000000
            50000000
            50000000
            50000000
                  67
            50000000
            50000000
            50000000
            50000000
                 104
            50000000
            50000000
            50000000
            50000000
                  73
                   0
            50000000
            50000000
            50000000
            50000000
            50000000
            50000000
            50000000
            50000000
                 100
                 123
                  77
                 156
            50000000
            50000000
            50000000
            50000000
                   0
            50000000
                 116
            50000000
            50000000
            50000000
            50000000
            50000000
            50000000
            50000000
            50000000
            50000000
            50000000
            50000000
            50000000
            50000000
            50000000
                   0
            50000000
            50000000
            50000000
            50000000
            50000000
            50000000
            50000000
                  11
            50000000
            50000000
                 126
                  71
                  41
            50000000
            50000000
            50000000
                   0
                  94
                  63
                  83
            50000000
            50000000
            50000000
            50000000
            50000000
            50000000
            50000000
            50000000
                 108
            50000000
            50000000
            50000000
            50000000
                   0
            50000000
            50000000
            50000000
                  40
            50000000
            50000000
            50000000
            50000000
                  70
            50000000
            50000000
            50000000
            50000000
            50000000
            50000000
            50000000
                   0
            50000000
            50000000
            50000000
            50000000
            50000000
            50000000
            50000000
            50000000
            50000000
            50000000
                 105
            50000000
            50000000
            50000000
            50000000
            50000000
                   0
            50000000
            50000000
            50000000
            50000000
            50000000
                 178
            50000000
            50000000
                  93
                  34
                  47
            50000000
            50000000
            50000000
                  94
            50000000
                   0
            50000000
                 140
            50000000
            50000000
            50000000
            50000000
            50000000
                 123
            50000000
            50000000
            50000000
            50000000
                 136
            50000000
            50000000
                  31
 Fixed Cost Component, Cij
                   0
                   0
                   0
                   0
                   0
                   0
                   0
                   0
                   0
                   0
               17050
                   0
                   0
                   0
                   0
                   0
                   0
                   0
               13200
                   0
               37400
               63250
                   0
                   0
                   0
                   0
                   0
                   0
                   0
                   0
                   0
               61600
                   0
                   0
                   0
                   0
               34650
                   0
                   0
                   0
                   0
                   0
                   0
                6050
                   0
                   0
                   0
                   0
               14300
                   0
                   0
                   0
               43450
                   0
                   0
               30800
                   0
               42350
                   0
                   0
                   0
                   0
                   0
                   0
                   0
               37400
                   0
               43450
                   0
               70950
                   0
               55550
                   0
                   0
                   0
                   0
               55550
                   0
               76450
                   0
                   0
                   0
                   0
                   0
               70950
                   0
                   0
                   0
                   0
                   0
                   0
                   0
                   0
                   0
                   0
                   0
               24750
               30800
               44000
                   0
                   0
                   0
                   0
                   0
                   0
               29150
                7700
                   0
                   0
                   0
                   0
               46200
                   0
                   0
               22550
               30800
                   0
                   0
                   0
                   0
                   0
                   0
                   0
                   0
                   0
               36850
                   0
                   0
                   0
                   0
               57200
                   0
                   0
                   0
                   0
               40150
                   0
                   0
                   0
                   0
                   0
                   0
                   0
                   0
                   0
               55000
               67650
               42350
               85800
                   0
                   0
                   0
                   0
                   0
                   0
               63800
                   0
                   0
                   0
                   0
                   0
                   0
                   0
                   0
                   0
                   0
                   0
                   0
                   0
                   0
                   0
                   0
                   0
                   0
                   0
                   0
                   0
                   0
                6050
                   0
                   0
               69300
               39050
               22550
                   0
                   0
                   0
                   0
               51700
               34650
               45650
                   0
                   0
                   0
                   0
                   0
                   0
                   0
                   0
               59400
                   0
                   0
                   0
                   0
                   0
                   0
                   0
                   0
               22000
                   0
                   0
                   0
                   0
               38500
                   0
                   0
                   0
                   0
                   0
                   0
                   0
                   0
                   0
                   0
                   0
                   0
                   0
                   0
                   0
                   0
                   0
                   0
               57750
                   0
                   0
                   0
                   0
                   0
                   0
                   0
                   0
                   0
                   0
                   0
               97900
                   0
                   0
               51150
               18700
               25850
                   0
                   0
                   0
               51700
                   0
                   0
                   0
               77000
                   0
                   0
                   0
                   0
                   0
               67650
                   0
                   0
                   0
                   0
               74800
                   0
                   0
               17050