          17
           4
           1
           4
           3
           5
           1
           4
           1
           3
           4
           4
           4
           4
           5
           3
           5
 1st Variable Cost Component, Aij
                   0
                   0
                   0
                   0
                   0
                   0
                  12
                  11
                   4
                   0
                   0
                   1
                   8
                  13
                   0
                   0
                   0
                   0
                   0
                  16
                   0
                   0
                   0
                   0
                   0
                   0
                   0
                   0
                   0
                   0
                   0
                   0
                   0
                   0
                   0
                   0
                   0
                   3
                  14
                   0
                   0
                   0
                   0
                   9
                  16
                   0
                   0
                   0
                   0
                   0
                   0
                   0
                  21
                   0
                   0
                   0
                  16
                   0
                   0
                   0
                  19
                   0
                   0
                   0
                   0
                  15
                  20
                   0
                   0
                  16
                   0
                   0
                   0
                   0
                   0
                   0
                   0
                   0
                  17
                   0
                   0
                   0
                   0
                   0
                   0
                   0
                   0
                  14
                   0
                   0
                   0
                   0
                   0
                   0
                   0
                   0
                   0
                   0
                   0
                   0
                  14
                   0
                   0
                   0
                   0
                   0
                   0
                   0
                   0
                   0
                   0
                  10
                  11
                   0
                   0
                   0
                   0
                   0
                   0
                   0
                   0
                   0
                  15
                   0
                  17
                   0
                   0
                   0
                   0
                   0
                   0
                   0
                   0
                   0
                  17
                  14
                   0
                   0
                   0
                   0
                   3
                   0
                   0
                   6
                   0
                   0
                   0
                   0
                   0
                   2
                  14
                   0
                   0
                   0
                   0
                   0
                   0
                   0
                   0
                   0
                   8
                   0
                   0
                  20
                   0
                   0
                   0
                   0
                   0
                   0
                   0
                   0
                   0
                   0
                   0
                   0
                   1
                   0
                   9
                   0
                  11
                   0
                   0
                   0
                   0
                   8
                   9
                   0
                   0
                   0
                   0
                   1
                   0
                   0
                   0
                   0
                   0
                   0
                  20
                  17
                   0
                   0
                   0
                   0
                   0
                   0
                   0
                   0
                   0
                  18
                   0
                   0
                   0
                   0
                  17
                   0
                   0
                   0
                   0
                   0
                   0
                   0
                   0
                  14
                   0
                   0
                   0
                   0
                   0
                   0
                   0
                   0
                   0
                   0
                   0
                   0
                   0
                   0
                   0
                   0
                   2
                   0
                   0
                  10
                   0
                   0
                  10
                   0
                   0
                   0
                   0
                   1
                   0
                   0
                   0
                   0
                   0
                   0
                  21
                   0
                   0
                   0
                   6
                   0
                   0
                  21
                  23
                   0
                   0
                   0
                   0
                  16
 2nd Variable Cost Component, Bij
                   0
            50000000
            50000000
            50000000
            50000000
            50000000
                  87
                  80
                  33
            50000000
            50000000
                   7
                  58
                  93
            50000000
            50000000
            50000000
                   0
            50000000
                 113
            50000000
            50000000
            50000000
            50000000
            50000000
            50000000
            50000000
            50000000
            50000000
            50000000
            50000000
            50000000
            50000000
            50000000
                   0
            50000000
            50000000
                  26
                 101
            50000000
            50000000
            50000000
            50000000
                  66
                 116
            50000000
            50000000
            50000000
            50000000
            50000000
            50000000
                   0
                 146
            50000000
            50000000
            50000000
                 111
            50000000
            50000000
            50000000
                 135
            50000000
            50000000
            50000000
            50000000
                 109
                 142
            50000000
                   0
                 116
            50000000
            50000000
            50000000
            50000000
            50000000
            50000000
            50000000
            50000000
                 121
            50000000
            50000000
            50000000
            50000000
            50000000
            50000000
                   0
            50000000
                 100
            50000000
            50000000
            50000000
            50000000
            50000000
            50000000
            50000000
            50000000
            50000000
            50000000
            50000000
            50000000
                 103
            50000000
                   0
            50000000
            50000000
            50000000
            50000000
            50000000
            50000000
            50000000
            50000000
                  74
                  80
            50000000
            50000000
            50000000
            50000000
            50000000
            50000000
                   0
            50000000
            50000000
                 106
            50000000
                 122
            50000000
            50000000
            50000000
            50000000
            50000000
            50000000
            50000000
            50000000
            50000000
                 118
                 103
                   0
            50000000
            50000000
            50000000
                  25
            50000000
            50000000
                  48
            50000000
            50000000
            50000000
            50000000
            50000000
                  18
                  97
            50000000
            50000000
                   0
            50000000
            50000000
            50000000
            50000000
            50000000
            50000000
                  59
            50000000
            50000000
                 142
            50000000
            50000000
            50000000
            50000000
            50000000
            50000000
                   0
            50000000
            50000000
            50000000
            50000000
            50000000
                   7
            50000000
                  66
            50000000
                  78
            50000000
            50000000
            50000000
            50000000
                  55
                  66
                   0
            50000000
            50000000
            50000000
                  10
            50000000
            50000000
            50000000
            50000000
            50000000
            50000000
                 142
                 122
            50000000
            50000000
            50000000
            50000000
                   0
            50000000
            50000000
            50000000
            50000000
                 125
            50000000
            50000000
            50000000
            50000000
                 121
            50000000
            50000000
            50000000
            50000000
            50000000
            50000000
                   0
            50000000
                 100
            50000000
            50000000
            50000000
            50000000
            50000000
            50000000
            50000000
            50000000
            50000000
            50000000
            50000000
            50000000
            50000000
            50000000
                   0
            50000000
                  15
            50000000
            50000000
                  70
            50000000
            50000000
                  74
            50000000
            50000000
            50000000
            50000000
                  10
            50000000
            50000000
            50000000
                   0
            50000000
            50000000
                 148
            50000000
            50000000
            50000000
                  47
            50000000
            50000000
                 145
                 161
            50000000
            50000000
            50000000
            50000000
                 115
 Fixed Cost Component, Cij
                   0
                   0
                   0
                   0
                   0
                   0
                 870
                 800
                 330
                   0
                   0
                  70
                 580
                 930
                   0
                   0
                   0
                   0
                   0
                1130
                   0
                   0
                   0
                   0
                   0
                   0
                   0
                   0
                   0
                   0
                   0
                   0
                   0
                   0
                   0
                   0
                   0
                 260
                1010
                   0
                   0
                   0
                   0
                 660
                1160
                   0
                   0
                   0
                   0
                   0
                   0
                   0
                1460
                   0
                   0
                   0
                1110
                   0
                   0
                   0
                1350
                   0
                   0
                   0
                   0
                1090
                1420
                   0
                   0
                1160
                   0
                   0
                   0
                   0
                   0
                   0
                   0
                   0
                1210
                   0
                   0
                   0
                   0
                   0
                   0
                   0
                   0
                1000
                   0
                   0
                   0
                   0
                   0
                   0
                   0
                   0
                   0
                   0
                   0
                   0
                1030
                   0
                   0
                   0
                   0
                   0
                   0
                   0
                   0
                   0
                   0
                 740
                 800
                   0
                   0
                   0
                   0
                   0
                   0
                   0
                   0
                   0
                1060
                   0
                1220
                   0
                   0
                   0
                   0
                   0
                   0
                   0
                   0
                   0
                1180
                1030
                   0
                   0
                   0
                   0
                 250
                   0
                   0
                 480
                   0
                   0
                   0
                   0
                   0
                 180
                 970
                   0
                   0
                   0
                   0
                   0
                   0
                   0
                   0
                   0
                 590
                   0
                   0
                1420
                   0
                   0
                   0
                   0
                   0
                   0
                   0
                   0
                   0
                   0
                   0
                   0
                  70
                   0
                 660
                   0
                 780
                   0
                   0
                   0
                   0
                 550
                 660
                   0
                   0
                   0
                   0
                 100
                   0
                   0
                   0
                   0
                   0
                   0
                1420
                1220
                   0
                   0
                   0
                   0
                   0
                   0
                   0
                   0
                   0
                1250
                   0
                   0
                   0
                   0
                1210
                   0
                   0
                   0
                   0
                   0
                   0
                   0
                   0
                1000
                   0
                   0
                   0
                   0
                   0
                   0
                   0
                   0
                   0
                   0
                   0
                   0
                   0
                   0
                   0
                   0
                 150
                   0
                   0
                 700
                   0
                   0
                 740
                   0
                   0
                   0
                   0
                 100
                   0
                   0
                   0
                   0
                   0
                   0
                1480
                   0
                   0
                   0
                 470
                   0
                   0
                1450
                1610
                   0
                   0
                   0
                   0
                1150