          17
           2
           1
           3
           4
           2
           4
           5
           1
           5
           3
           2
           2
           4
           2
           2
           3
 1st Variable Cost Component, Aij
                   0
                   0
                  12
                   0
                   0
                   8
                   0
                   0
                   0
                   0
                   0
                   0
                  13
                   0
                  11
                   0
                   0
                   0
                   0
                  19
                  11
                   0
                   0
                   0
                   0
                  16
                   9
                   0
                   0
                   0
                   0
                  13
                   0
                   0
                   0
                   0
                   0
                   0
                   0
                   0
                   0
                   0
                   0
                  25
                   0
                   6
                   8
                   0
                   0
                   0
                   0
                   0
                   0
                   0
                   0
                   0
                   0
                   4
                   0
                   0
                   3
                  17
                   0
                   0
                   0
                   0
                   0
                   0
                   0
                   0
                   0
                  11
                  22
                  10
                   0
                   0
                   0
                  14
                   0
                  14
                   0
                   0
                   0
                   0
                   0
                   0
                   0
                   0
                   0
                   0
                  12
                   0
                   0
                   0
                   8
                   0
                   0
                   0
                   0
                   0
                   0
                   0
                   0
                   0
                   0
                  17
                   0
                   0
                  19
                   0
                   0
                   0
                   0
                   0
                   0
                   0
                   0
                   0
                   3
                   0
                   0
                   0
                   0
                   0
                   0
                   0
                   0
                   0
                   0
                   0
                   0
                   0
                   0
                   0
                   0
                   0
                   0
                   0
                   0
                   0
                   0
                   0
                   0
                   0
                   0
                  16
                   0
                   0
                  10
                   0
                  17
                   0
                   0
                   0
                   0
                   0
                   0
                   0
                   0
                   8
                   5
                   9
                   0
                   0
                   0
                   0
                  10
                   0
                   0
                   7
                   0
                   0
                  11
                   0
                  13
                   0
                   0
                   0
                   0
                   5
                   0
                   0
                   0
                   0
                   0
                   0
                   0
                   0
                   2
                   0
                   0
                   0
                  13
                   0
                   0
                   0
                   7
                  20
                   0
                   0
                  24
                   0
                   0
                   0
                   0
                  17
                  24
                  14
                   6
                   9
                   6
                  17
                   0
                  10
                   0
                   0
                   7
                   0
                   0
                   0
                   0
                   0
                   8
                   0
                  11
                  17
                   0
                   0
                   0
                   0
                  17
                   0
                   0
                   0
                   0
                   0
                  24
                   0
                   0
                   0
                   1
                   0
                  11
                   0
                  14
                   7
                   0
                  16
                   0
                   0
                   0
                   0
                   0
                   0
                   0
                   0
                  16
                  17
                   0
                   0
                   0
                  14
                  17
                   0
                   0
                   0
                   0
                   0
                   0
                  11
                   6
                   0
 2nd Variable Cost Component, Bij
                   0
            50000000
                  70
            50000000
            50000000
                  45
            50000000
            50000000
            50000000
            50000000
            50000000
            50000000
                  77
            50000000
                  63
            50000000
            50000000
                   0
            50000000
                 111
                  67
            50000000
            50000000
            50000000
            50000000
                  95
                  54
            50000000
            50000000
            50000000
            50000000
                  76
            50000000
            50000000
                   0
            50000000
            50000000
            50000000
            50000000
            50000000
            50000000
            50000000
            50000000
                 141
            50000000
                  35
                  47
            50000000
            50000000
            50000000
            50000000
                   0
            50000000
            50000000
            50000000
            50000000
            50000000
                  25
            50000000
            50000000
                  22
                  96
            50000000
            50000000
            50000000
            50000000
            50000000
            50000000
                   0
            50000000
            50000000
                  64
                 125
                  58
            50000000
            50000000
            50000000
                  83
            50000000
                  79
            50000000
            50000000
            50000000
            50000000
            50000000
                   0
            50000000
            50000000
            50000000
            50000000
                  73
            50000000
            50000000
            50000000
                  48
            50000000
            50000000
            50000000
            50000000
            50000000
            50000000
            50000000
                   0
            50000000
            50000000
                 100
            50000000
            50000000
                 109
            50000000
            50000000
            50000000
            50000000
            50000000
            50000000
            50000000
            50000000
            50000000
                  19
                   0
            50000000
            50000000
            50000000
            50000000
            50000000
            50000000
            50000000
            50000000
            50000000
            50000000
            50000000
            50000000
            50000000
            50000000
            50000000
            50000000
                   0
            50000000
            50000000
            50000000
            50000000
            50000000
            50000000
            50000000
            50000000
                  95
            50000000
            50000000
                  58
            50000000
                 100
            50000000
            50000000
                   0
            50000000
            50000000
            50000000
            50000000
            50000000
                  49
                  30
                  54
            50000000
            50000000
            50000000
            50000000
                  58
            50000000
            50000000
                  44
                   0
            50000000
                  67
            50000000
                  78
            50000000
            50000000
            50000000
            50000000
                  33
            50000000
            50000000
            50000000
            50000000
            50000000
            50000000
            50000000
                   0
                  13
            50000000
            50000000
            50000000
                  77
            50000000
            50000000
            50000000
                  43
                 116
            50000000
            50000000
                 139
            50000000
            50000000
            50000000
                   0
                 100
                 139
                  83
                  36
                  55
                  35
                  96
            50000000
                  60
            50000000
            50000000
                  42
            50000000
            50000000
            50000000
            50000000
                   0
                  47
            50000000
                  63
                  97
            50000000
            50000000
            50000000
            50000000
                  98
            50000000
            50000000
            50000000
            50000000
            50000000
                 139
            50000000
                   0
            50000000
                   8
            50000000
                  63
            50000000
                  79
                  43
            50000000
                  91
            50000000
            50000000
            50000000
            50000000
            50000000
            50000000
            50000000
                   0
                  93
                  98
            50000000
            50000000
            50000000
                  84
                  97
            50000000
            50000000
            50000000
            50000000
            50000000
            50000000
                  65
                  37
            50000000
 Fixed Cost Component, Cij
                   0
                   0
                 700
                   0
                   0
                 450
                   0
                   0
                   0
                   0
                   0
                   0
                 770
                   0
                 630
                   0
                   0
                   0
                   0
                1110
                 670
                   0
                   0
                   0
                   0
                 950
                 540
                   0
                   0
                   0
                   0
                 760
                   0
                   0
                   0
                   0
                   0
                   0
                   0
                   0
                   0
                   0
                   0
                1410
                   0
                 350
                 470
                   0
                   0
                   0
                   0
                   0
                   0
                   0
                   0
                   0
                   0
                 250
                   0
                   0
                 220
                 960
                   0
                   0
                   0
                   0
                   0
                   0
                   0
                   0
                   0
                 640
                1250
                 580
                   0
                   0
                   0
                 830
                   0
                 790
                   0
                   0
                   0
                   0
                   0
                   0
                   0
                   0
                   0
                   0
                 730
                   0
                   0
                   0
                 480
                   0
                   0
                   0
                   0
                   0
                   0
                   0
                   0
                   0
                   0
                1000
                   0
                   0
                1090
                   0
                   0
                   0
                   0
                   0
                   0
                   0
                   0
                   0
                 190
                   0
                   0
                   0
                   0
                   0
                   0
                   0
                   0
                   0
                   0
                   0
                   0
                   0
                   0
                   0
                   0
                   0
                   0
                   0
                   0
                   0
                   0
                   0
                   0
                   0
                   0
                 950
                   0
                   0
                 580
                   0
                1000
                   0
                   0
                   0
                   0
                   0
                   0
                   0
                   0
                 490
                 300
                 540
                   0
                   0
                   0
                   0
                 580
                   0
                   0
                 440
                   0
                   0
                 670
                   0
                 780
                   0
                   0
                   0
                   0
                 330
                   0
                   0
                   0
                   0
                   0
                   0
                   0
                   0
                 130
                   0
                   0
                   0
                 770
                   0
                   0
                   0
                 430
                1160
                   0
                   0
                1390
                   0
                   0
                   0
                   0
                1000
                1390
                 830
                 360
                 550
                 350
                 960
                   0
                 600
                   0
                   0
                 420
                   0
                   0
                   0
                   0
                   0
                 470
                   0
                 630
                 970
                   0
                   0
                   0
                   0
                 980
                   0
                   0
                   0
                   0
                   0
                1390
                   0
                   0
                   0
                  80
                   0
                 630
                   0
                 790
                 430
                   0
                 910
                   0
                   0
                   0
                   0
                   0
                   0
                   0
                   0
                 930
                 980
                   0
                   0
                   0
                 840
                 970
                   0
                   0
                   0
                   0
                   0
                   0
                 650
                 370
                   0