          17
           3
           5
           3
           5
           1
           4
           3
           1
           5
           2
           2
           2
           1
           1
           4
           5
 1st Variable Cost Component, Aij
                   0
                  17
                  17
                   0
                   1
                  18
                   0
                   0
                   0
                   0
                   0
                  19
                   0
                   0
                  16
                   0
                   0
                   0
                   0
                   0
                   0
                   0
                   0
                   0
                   9
                   0
                   0
                   0
                   0
                   0
                   1
                   0
                   0
                   0
                   0
                   0
                   0
                  17
                   0
                   0
                   0
                   0
                   0
                   0
                   0
                   0
                   0
                  14
                  23
                   6
                   0
                   0
                   0
                   0
                   0
                   0
                   0
                   0
                   0
                   0
                   0
                   0
                   0
                   0
                   1
                  16
                  15
                   0
                   0
                   0
                   0
                   0
                   0
                   9
                   0
                   0
                   5
                   0
                   0
                  17
                   0
                   0
                  17
                   0
                   0
                   0
                   0
                   0
                   0
                   0
                   5
                   0
                   0
                   0
                   2
                   0
                   0
                   0
                   0
                   0
                   0
                   0
                   0
                   0
                   0
                   0
                   0
                   0
                   0
                   0
                   0
                   0
                   6
                  17
                   0
                   0
                   4
                   0
                   0
                   0
                  25
                   0
                   0
                   0
                   0
                   0
                  16
                   0
                   0
                   0
                   0
                   0
                   0
                   0
                   0
                   0
                   0
                   0
                   0
                   0
                   0
                   0
                   0
                   9
                   0
                   0
                   0
                   0
                   0
                   0
                   0
                   0
                   0
                   0
                   0
                   0
                   4
                   0
                   0
                   0
                   0
                   0
                  20
                   0
                   0
                   5
                   0
                   0
                   0
                   8
                   0
                  11
                   0
                   0
                   0
                   0
                  19
                   4
                   0
                   0
                   0
                   0
                   0
                   0
                  13
                   0
                   0
                   0
                   0
                   0
                   0
                   0
                   0
                   0
                   0
                   0
                   5
                  11
                   6
                   0
                   0
                   0
                   0
                   0
                   0
                   8
                   0
                   0
                   0
                   0
                   0
                   0
                   0
                   0
                   0
                   0
                   0
                   0
                   0
                   0
                   0
                   0
                   0
                   0
                   0
                   1
                   0
                   7
                   0
                   0
                   0
                   0
                   9
                   0
                   6
                   0
                   0
                   0
                   0
                   0
                  18
                   0
                   0
                   0
                   0
                   0
                   0
                  17
                   0
                   0
                   8
                   3
                   0
                   0
                   2
                   0
                  16
                   0
                   0
                  27
                  14
                  26
                   0
                   0
                   0
                  22
                  28
                   0
                  17
                  24
                   0
                   0
 2nd Variable Cost Component, Bij
                   0
                 104
                 101
            50000000
                  11
                 107
            50000000
            50000000
            50000000
            50000000
            50000000
                 112
            50000000
            50000000
                  96
            50000000
            50000000
                   0
            50000000
            50000000
            50000000
            50000000
            50000000
            50000000
                  54
            50000000
            50000000
            50000000
            50000000
            50000000
                   7
            50000000
            50000000
            50000000
                   0
            50000000
            50000000
                 102
            50000000
            50000000
            50000000
            50000000
            50000000
            50000000
            50000000
            50000000
            50000000
                  87
                 139
                  39
            50000000
                   0
            50000000
            50000000
            50000000
            50000000
            50000000
            50000000
            50000000
            50000000
            50000000
            50000000
            50000000
            50000000
                  11
                  99
                  90
            50000000
                   0
            50000000
            50000000
            50000000
            50000000
                  54
            50000000
            50000000
                  35
            50000000
            50000000
                 104
            50000000
            50000000
                 102
            50000000
            50000000
                   0
            50000000
            50000000
            50000000
            50000000
                  31
            50000000
            50000000
            50000000
                  14
            50000000
            50000000
            50000000
            50000000
            50000000
            50000000
            50000000
                   0
            50000000
            50000000
            50000000
            50000000
            50000000
            50000000
            50000000
            50000000
            50000000
                  36
                 101
            50000000
            50000000
                  25
            50000000
            50000000
                   0
                 149
            50000000
            50000000
            50000000
            50000000
            50000000
                  94
            50000000
            50000000
            50000000
            50000000
            50000000
            50000000
            50000000
            50000000
            50000000
                   0
            50000000
            50000000
            50000000
            50000000
            50000000
            50000000
                  58
            50000000
            50000000
            50000000
            50000000
            50000000
            50000000
            50000000
            50000000
            50000000
                   0
            50000000
            50000000
                  28
            50000000
            50000000
            50000000
            50000000
            50000000
                 123
            50000000
            50000000
                  31
            50000000
            50000000
            50000000
                  50
                   0
                  67
            50000000
            50000000
            50000000
            50000000
                 112
                  29
            50000000
            50000000
            50000000
            50000000
            50000000
            50000000
                  77
            50000000
            50000000
                   0
            50000000
            50000000
            50000000
            50000000
            50000000
            50000000
            50000000
            50000000
                  35
                  69
                  41
            50000000
            50000000
            50000000
            50000000
            50000000
                   0
                  49
            50000000
            50000000
            50000000
            50000000
            50000000
            50000000
            50000000
            50000000
            50000000
            50000000
            50000000
            50000000
            50000000
            50000000
            50000000
                   0
            50000000
            50000000
            50000000
                   7
            50000000
                  45
            50000000
            50000000
            50000000
            50000000
                  58
            50000000
                  37
            50000000
            50000000
            50000000
                   0
            50000000
                 109
            50000000
            50000000
            50000000
            50000000
            50000000
            50000000
                 103
            50000000
            50000000
                  48
                  20
            50000000
            50000000
                  15
                   0
                  94
            50000000
            50000000
                 163
                  85
                 154
            50000000
            50000000
            50000000
                 131
                 166
            50000000
                 104
                 142
            50000000
            50000000
 Fixed Cost Component, Cij
                   0
                 312
                 303
                   0
                  33
                 321
                   0
                   0
                   0
                   0
                   0
                 336
                   0
                   0
                 288
                   0
                   0
                   0
                   0
                   0
                   0
                   0
                   0
                   0
                 162
                   0
                   0
                   0
                   0
                   0
                  21
                   0
                   0
                   0
                   0
                   0
                   0
                 306
                   0
                   0
                   0
                   0
                   0
                   0
                   0
                   0
                   0
                 261
                 417
                 117
                   0
                   0
                   0
                   0
                   0
                   0
                   0
                   0
                   0
                   0
                   0
                   0
                   0
                   0
                  33
                 297
                 270
                   0
                   0
                   0
                   0
                   0
                   0
                 162
                   0
                   0
                 105
                   0
                   0
                 312
                   0
                   0
                 306
                   0
                   0
                   0
                   0
                   0
                   0
                   0
                  93
                   0
                   0
                   0
                  42
                   0
                   0
                   0
                   0
                   0
                   0
                   0
                   0
                   0
                   0
                   0
                   0
                   0
                   0
                   0
                   0
                   0
                 108
                 303
                   0
                   0
                  75
                   0
                   0
                   0
                 447
                   0
                   0
                   0
                   0
                   0
                 282
                   0
                   0
                   0
                   0
                   0
                   0
                   0
                   0
                   0
                   0
                   0
                   0
                   0
                   0
                   0
                   0
                 174
                   0
                   0
                   0
                   0
                   0
                   0
                   0
                   0
                   0
                   0
                   0
                   0
                  84
                   0
                   0
                   0
                   0
                   0
                 369
                   0
                   0
                  93
                   0
                   0
                   0
                 150
                   0
                 201
                   0
                   0
                   0
                   0
                 336
                  87
                   0
                   0
                   0
                   0
                   0
                   0
                 231
                   0
                   0
                   0
                   0
                   0
                   0
                   0
                   0
                   0
                   0
                   0
                 105
                 207
                 123
                   0
                   0
                   0
                   0
                   0
                   0
                 147
                   0
                   0
                   0
                   0
                   0
                   0
                   0
                   0
                   0
                   0
                   0
                   0
                   0
                   0
                   0
                   0
                   0
                   0
                   0
                  21
                   0
                 135
                   0
                   0
                   0
                   0
                 174
                   0
                 111
                   0
                   0
                   0
                   0
                   0
                 327
                   0
                   0
                   0
                   0
                   0
                   0
                 309
                   0
                   0
                 144
                  60
                   0
                   0
                  45
                   0
                 282
                   0
                   0
                 489
                 255
                 462
                   0
                   0
                   0
                 393
                 498
                   0
                 312
                 426
                   0
                   0