          17
           5
           9
           4
          10
           6
           3
           9
           8
           9
           3
           3
           7
           7
           9
           8
           9
 1st Variable Cost Component, Aij
                   0
                   7
                   0
                   0
                   0
                   0
                   0
                   0
                   0
                   0
                   0
                   0
                   0
                   0
                   0
                   0
                   0
                   0
                   0
                   0
                   0
                   0
                   0
                   0
                   7
                   5
                   0
                   0
                   0
                   0
                   0
                   0
                   9
                   0
                   0
                   0
                   0
                   0
                   0
                   0
                   0
                   0
                   0
                  11
                   0
                   0
                   0
                   0
                   3
                   0
                   0
                   0
                   0
                   0
                   0
                   0
                   0
                   0
                   0
                   0
                   0
                   0
                   0
                   0
                   0
                   0
                   9
                   0
                   0
                   0
                   0
                   0
                   0
                   0
                   0
                   0
                   0
                   0
                   0
                   0
                   6
                   9
                   0
                   0
                   6
                   0
                   0
                   1
                   0
                   0
                   0
                   0
                   0
                   5
                   0
                   0
                   0
                   0
                   0
                   5
                   0
                   0
                   0
                   0
                   1
                   0
                   1
                   5
                   5
                   0
                   0
                   3
                   7
                   0
                   0
                   0
                   0
                   0
                   0
                   0
                   0
                   0
                   4
                  10
                   0
                   0
                   0
                   0
                   0
                   0
                   0
                   6
                   0
                   2
                   0
                   4
                   0
                   0
                   0
                   0
                   6
                   3
                   0
                   0
                   0
                   0
                   0
                   0
                   3
                   0
                   0
                   8
                   0
                   0
                   4
                   0
                   0
                   0
                   0
                   0
                   0
                   0
                   5
                   0
                   0
                   0
                   0
                   0
                   0
                   0
                   0
                   0
                   0
                   3
                   0
                   0
                   0
                   0
                   0
                   3
                   0
                   0
                   0
                  10
                   0
                   0
                   6
                   0
                   0
                   0
                   0
                   0
                   0
                   0
                   0
                   0
                   2
                   0
                   0
                   0
                   6
                   4
                   0
                   0
                   0
                   5
                   9
                   7
                   0
                   0
                   0
                   0
                   4
                   0
                   0
                   0
                   0
                   0
                   0
                   6
                   0
                   0
                   0
                   7
                   0
                   0
                   0
                   0
                   0
                   0
                   0
                   2
                   3
                   0
                   3
                   0
                   0
                   0
                   0
                   0
                   0
                   0
                   7
                   4
                   5
                   0
                   0
                   6
                   0
                   0
                   0
                   0
                   0
                   0
                   0
                   0
                   0
                   0
                   0
                   0
                   0
                   9
                   7
                   0
                   0
                   0
                   0
                   7
                   0
                   3
                  10
                   0
 2nd Variable Cost Component, Bij
                   0
                  99
            50000000
            50000000
            50000000
            50000000
            50000000
            50000000
            50000000
            50000000
            50000000
            50000000
            50000000
            50000000
            50000000
            50000000
            50000000
                   0
            50000000
            50000000
            50000000
            50000000
            50000000
            50000000
                  97
                  73
            50000000
            50000000
            50000000
            50000000
            50000000
            50000000
                 126
            50000000
                   0
            50000000
            50000000
            50000000
            50000000
            50000000
            50000000
            50000000
            50000000
                 158
            50000000
            50000000
            50000000
            50000000
                  46
            50000000
            50000000
                   0
            50000000
            50000000
            50000000
            50000000
            50000000
            50000000
            50000000
            50000000
            50000000
            50000000
            50000000
            50000000
            50000000
            50000000
                 126
            50000000
                   0
            50000000
            50000000
            50000000
            50000000
            50000000
            50000000
            50000000
            50000000
            50000000
            50000000
            50000000
                  84
                 128
            50000000
            50000000
                  87
                   0
            50000000
                  27
            50000000
            50000000
            50000000
            50000000
            50000000
                  78
            50000000
            50000000
            50000000
            50000000
            50000000
                  69
            50000000
            50000000
                   0
            50000000
                  20
            50000000
                  17
                  77
                  79
            50000000
            50000000
                  48
                 108
            50000000
            50000000
            50000000
            50000000
            50000000
            50000000
                   0
            50000000
            50000000
                  58
                 145
            50000000
            50000000
            50000000
            50000000
            50000000
            50000000
            50000000
                  88
            50000000
                  35
            50000000
                  58
                   0
            50000000
            50000000
            50000000
                  89
                  46
            50000000
            50000000
            50000000
            50000000
            50000000
            50000000
                  43
            50000000
            50000000
                 110
            50000000
                   0
                  67
            50000000
            50000000
            50000000
            50000000
            50000000
            50000000
            50000000
                  70
            50000000
            50000000
            50000000
            50000000
            50000000
            50000000
            50000000
                   0
            50000000
            50000000
                  48
            50000000
            50000000
            50000000
            50000000
            50000000
                  45
            50000000
            50000000
            50000000
                 145
            50000000
            50000000
                  88
                   0
            50000000
            50000000
            50000000
            50000000
            50000000
                   8
            50000000
            50000000
                  34
            50000000
            50000000
            50000000
                  89
                  66
            50000000
            50000000
                   0
                  81
                 133
                  98
            50000000
            50000000
            50000000
            50000000
                  63
            50000000
            50000000
            50000000
            50000000
            50000000
            50000000
                  85
            50000000
                   0
            50000000
                 106
            50000000
            50000000
            50000000
            50000000
            50000000
            50000000
            50000000
                  29
                  54
            50000000
                  53
            50000000
            50000000
            50000000
                   0
            50000000
            50000000
            50000000
                 104
                  60
                  69
            50000000
            50000000
                  86
            50000000
            50000000
            50000000
            50000000
            50000000
            50000000
            50000000
                   0
            50000000
            50000000
            50000000
            50000000
            50000000
                 124
                 102
            50000000
            50000000
            50000000
            50000000
                  96
            50000000
                  47
                 145
            50000000
 Fixed Cost Component, Cij
                   0
                  54
                   0
                   0
                   0
                   0
                   0
                   0
                   0
                   0
                   0
                   0
                   0
                   0
                   0
                   0
                   0
                   0
                   0
                   0
                   0
                   0
                   0
                   0
                  53
                  40
                   0
                   0
                   0
                   0
                   0
                   0
                  69
                   0
                   0
                   0
                   0
                   0
                   0
                   0
                   0
                   0
                   0
                  86
                   0
                   0
                   0
                   0
                  25
                   0
                   0
                   0
                   0
                   0
                   0
                   0
                   0
                   0
                   0
                   0
                   0
                   0
                   0
                   0
                   0
                   0
                  69
                   0
                   0
                   0
                   0
                   0
                   0
                   0
                   0
                   0
                   0
                   0
                   0
                   0
                  46
                  70
                   0
                   0
                  47
                   0
                   0
                  14
                   0
                   0
                   0
                   0
                   0
                  42
                   0
                   0
                   0
                   0
                   0
                  37
                   0
                   0
                   0
                   0
                  11
                   0
                   9
                  42
                  43
                   0
                   0
                  26
                  59
                   0
                   0
                   0
                   0
                   0
                   0
                   0
                   0
                   0
                  31
                  79
                   0
                   0
                   0
                   0
                   0
                   0
                   0
                  48
                   0
                  19
                   0
                  31
                   0
                   0
                   0
                   0
                  48
                  25
                   0
                   0
                   0
                   0
                   0
                   0
                  23
                   0
                   0
                  60
                   0
                   0
                  36
                   0
                   0
                   0
                   0
                   0
                   0
                   0
                  38
                   0
                   0
                   0
                   0
                   0
                   0
                   0
                   0
                   0
                   0
                  26
                   0
                   0
                   0
                   0
                   0
                  24
                   0
                   0
                   0
                  79
                   0
                   0
                  48
                   0
                   0
                   0
                   0
                   0
                   0
                   4
                   0
                   0
                  18
                   0
                   0
                   0
                  48
                  36
                   0
                   0
                   0
                  44
                  73
                  53
                   0
                   0
                   0
                   0
                  34
                   0
                   0
                   0
                   0
                   0
                   0
                  46
                   0
                   0
                   0
                  58
                   0
                   0
                   0
                   0
                   0
                   0
                   0
                  15
                  29
                   0
                  29
                   0
                   0
                   0
                   0
                   0
                   0
                   0
                  57
                  33
                  37
                   0
                   0
                  47
                   0
                   0
                   0
                   0
                   0
                   0
                   0
                   0
                   0
                   0
                   0
                   0
                   0
                  68
                  56
                   0
                   0
                   0
                   0
                  52
                   0
                  25
                  79
                   0