          17
           3
           7
          10
           4
           3
          10
           1
           1
           7
           8
           2
           5
           8
           6
           1
           5
 1st Variable Cost Component, Aij
                   0
                   0
                   0
                   0
                   0
                   6
                   0
                   0
                   0
                   8
                   0
                   0
                   9
                   0
                   0
                   9
                   0
                   0
                   0
                   0
                   0
                   0
                   0
                   0
                   0
                   0
                   0
                   0
                  11
                   0
                   0
                   0
                   8
                   9
                   0
                   0
                   0
                   0
                   0
                   6
                   0
                   0
                   0
                   0
                   0
                   7
                   4
                   5
                   0
                   0
                   0
                   0
                   0
                   0
                   0
                   8
                   0
                   0
                   0
                   0
                   0
                  10
                   7
                   0
                   0
                   0
                   0
                   0
                   0
                   0
                   0
                   0
                  14
                   0
                   0
                   9
                   0
                   0
                   0
                   0
                   0
                   0
                   0
                   0
                   0
                   0
                   0
                   0
                   0
                   0
                   0
                   0
                   0
                   9
                   0
                   0
                   0
                   0
                   0
                   0
                   0
                   0
                   0
                   0
                   0
                   0
                   0
                   0
                   0
                   0
                   0
                   0
                  10
                   0
                   0
                   8
                   4
                   0
                   0
                   0
                   0
                   0
                   0
                   0
                   9
                   0
                   0
                   0
                   0
                   0
                   0
                   0
                   0
                   0
                  15
                   0
                   0
                   0
                   0
                   5
                   0
                   0
                  13
                   0
                   0
                   0
                   0
                   0
                  16
                   0
                   0
                   0
                   3
                   0
                   0
                   0
                   9
                   0
                   0
                   0
                   0
                   0
                   0
                   0
                   0
                   0
                   0
                   0
                   0
                   0
                   0
                   0
                   0
                   0
                   0
                   0
                   0
                   0
                   4
                   0
                   0
                   0
                   0
                   0
                   0
                   0
                   0
                   0
                   0
                   0
                   8
                   0
                   9
                  11
                   0
                   0
                   7
                   0
                   0
                   9
                   0
                   9
                   2
                   0
                   0
                   0
                   6
                   0
                  13
                   0
                   0
                   0
                   0
                   0
                   0
                   0
                  16
                   0
                   0
                   0
                   9
                   0
                   0
                  11
                   0
                   0
                   4
                   0
                   1
                   0
                   1
                   0
                   0
                   0
                   0
                   0
                   0
                   0
                   0
                   8
                   0
                   0
                   0
                   5
                   0
                   0
                   0
                  11
                   7
                   7
                   0
                   0
                   0
                  11
                   8
                   0
                   0
                  10
                   0
                   0
                   0
                   0
                   0
                   0
                   4
                   0
                   0
                   9
                  10
                   0
                   0
                   0
 2nd Variable Cost Component, Bij
                   0
            50000000
            50000000
            50000000
            50000000
                  68
            50000000
            50000000
            50000000
                  89
            50000000
            50000000
                  99
            50000000
            50000000
                  97
            50000000
                   0
            50000000
            50000000
            50000000
            50000000
            50000000
            50000000
            50000000
            50000000
            50000000
            50000000
                 112
            50000000
            50000000
            50000000
                  86
                  96
                   0
            50000000
            50000000
            50000000
            50000000
                  63
            50000000
            50000000
            50000000
            50000000
            50000000
                  71
                  41
                  53
            50000000
            50000000
            50000000
                   0
            50000000
            50000000
            50000000
                  85
            50000000
            50000000
            50000000
            50000000
            50000000
                 104
                  79
            50000000
            50000000
            50000000
            50000000
            50000000
                   0
            50000000
            50000000
            50000000
                 151
            50000000
            50000000
                  98
            50000000
            50000000
            50000000
            50000000
            50000000
            50000000
            50000000
            50000000
            50000000
                   0
            50000000
            50000000
            50000000
            50000000
            50000000
            50000000
            50000000
                 100
            50000000
            50000000
            50000000
            50000000
            50000000
            50000000
            50000000
            50000000
                   0
            50000000
            50000000
            50000000
            50000000
            50000000
            50000000
            50000000
            50000000
            50000000
                 107
            50000000
            50000000
                  85
                  48
            50000000
            50000000
                   0
            50000000
            50000000
            50000000
            50000000
                  97
            50000000
            50000000
            50000000
            50000000
            50000000
            50000000
            50000000
            50000000
            50000000
                 154
            50000000
                   0
            50000000
            50000000
                  59
            50000000
            50000000
                 139
            50000000
            50000000
            50000000
            50000000
            50000000
                 164
            50000000
            50000000
            50000000
                  35
                   0
            50000000
            50000000
                  94
            50000000
            50000000
            50000000
            50000000
            50000000
            50000000
            50000000
            50000000
            50000000
            50000000
            50000000
            50000000
            50000000
                   0
            50000000
            50000000
            50000000
            50000000
            50000000
            50000000
            50000000
                  50
            50000000
            50000000
            50000000
            50000000
            50000000
            50000000
            50000000
            50000000
                   0
            50000000
            50000000
                  86
            50000000
                  99
                 112
            50000000
            50000000
                  75
            50000000
            50000000
                  97
            50000000
                  94
                  27
            50000000
                   0
            50000000
                  66
            50000000
                 135
            50000000
            50000000
            50000000
            50000000
            50000000
            50000000
            50000000
                 165
            50000000
            50000000
            50000000
                 100
                   0
            50000000
                 121
            50000000
            50000000
                  41
            50000000
                  12
            50000000
                  19
            50000000
            50000000
            50000000
            50000000
            50000000
            50000000
            50000000
                   0
                  88
            50000000
            50000000
            50000000
                  52
            50000000
            50000000
            50000000
                 115
                  78
                  75
            50000000
            50000000
            50000000
                 121
                  88
                   0
            50000000
                 110
            50000000
            50000000
            50000000
            50000000
            50000000
            50000000
                  46
            50000000
            50000000
                 100
                 109
            50000000
            50000000
            50000000
 Fixed Cost Component, Cij
                   0
                   0
                   0
                   0
                   0
                 374
                   0
                   0
                   0
                 489
                   0
                   0
                 544
                   0
                   0
                 533
                   0
                   0
                   0
                   0
                   0
                   0
                   0
                   0
                   0
                   0
                   0
                   0
                 616
                   0
                   0
                   0
                 473
                 528
                   0
                   0
                   0
                   0
                   0
                 346
                   0
                   0
                   0
                   0
                   0
                 390
                 225
                 291
                   0
                   0
                   0
                   0
                   0
                   0
                   0
                 467
                   0
                   0
                   0
                   0
                   0
                 572
                 434
                   0
                   0
                   0
                   0
                   0
                   0
                   0
                   0
                   0
                 830
                   0
                   0
                 539
                   0
                   0
                   0
                   0
                   0
                   0
                   0
                   0
                   0
                   0
                   0
                   0
                   0
                   0
                   0
                   0
                   0
                 550
                   0
                   0
                   0
                   0
                   0
                   0
                   0
                   0
                   0
                   0
                   0
                   0
                   0
                   0
                   0
                   0
                   0
                   0
                 588
                   0
                   0
                 467
                 264
                   0
                   0
                   0
                   0
                   0
                   0
                   0
                 533
                   0
                   0
                   0
                   0
                   0
                   0
                   0
                   0
                   0
                 847
                   0
                   0
                   0
                   0
                 324
                   0
                   0
                 764
                   0
                   0
                   0
                   0
                   0
                 902
                   0
                   0
                   0
                 192
                   0
                   0
                   0
                 517
                   0
                   0
                   0
                   0
                   0
                   0
                   0
                   0
                   0
                   0
                   0
                   0
                   0
                   0
                   0
                   0
                   0
                   0
                   0
                   0
                   0
                 275
                   0
                   0
                   0
                   0
                   0
                   0
                   0
                   0
                   0
                   0
                   0
                 473
                   0
                 544
                 616
                   0
                   0
                 412
                   0
                   0
                 533
                   0
                 517
                 148
                   0
                   0
                   0
                 363
                   0
                 742
                   0
                   0
                   0
                   0
                   0
                   0
                   0
                 907
                   0
                   0
                   0
                 550
                   0
                   0
                 665
                   0
                   0
                 225
                   0
                  66
                   0
                 104
                   0
                   0
                   0
                   0
                   0
                   0
                   0
                   0
                 484
                   0
                   0
                   0
                 286
                   0
                   0
                   0
                 632
                 429
                 412
                   0
                   0
                   0
                 665
                 484
                   0
                   0
                 605
                   0
                   0
                   0
                   0
                   0
                   0
                 253
                   0
                   0
                 550
                 599
                   0
                   0
                   0