          17
           4
           4
           3
           2
           2
           4
           2
           3
           4
           1
           1
           2
           4
           3
           2
           3
 1st Variable Cost Component, Aij
                   0
                   0
                   0
                   0
                   0
                   0
                   0
                   0
                   0
                   0
                   0
                   6
                   0
                   0
                   0
                  19
                   0
                   0
                   0
                   0
                   0
                   0
                   0
                   0
                   0
                   0
                   0
                   0
                   6
                   8
                  14
                   5
                   0
                   0
                   0
                   0
                   0
                  18
                   0
                   0
                  18
                   0
                   0
                  11
                   0
                   0
                  11
                   0
                   0
                   0
                   0
                   0
                   0
                   0
                  21
                   0
                  19
                   0
                   0
                   0
                   0
                   0
                   0
                   0
                   0
                   0
                  10
                   0
                   0
                   0
                   0
                   0
                   0
                   0
                   0
                   0
                   0
                   0
                   0
                  12
                   0
                   0
                   0
                   0
                  24
                   0
                   4
                  17
                   0
                   0
                   0
                   0
                   0
                   0
                   0
                  19
                   0
                   0
                   0
                   0
                   0
                   4
                   0
                   0
                   0
                  10
                   0
                   0
                  13
                   0
                   0
                   0
                   0
                   0
                   0
                   0
                   6
                  17
                   0
                   0
                   0
                   0
                   0
                   0
                   0
                   0
                   0
                   0
                   0
                   0
                  18
                   0
                   0
                   8
                   8
                   0
                   0
                   0
                   0
                   0
                   0
                   0
                   0
                  18
                  22
                  12
                   0
                   0
                   0
                   0
                   0
                   0
                   0
                   0
                   0
                  19
                   0
                   0
                   0
                   0
                   0
                   0
                   0
                   0
                   0
                   0
                   0
                   0
                   0
                   0
                   0
                   0
                   0
                   0
                   0
                   0
                   0
                   0
                   0
                   0
                   0
                   0
                   0
                   0
                   0
                  19
                   0
                   0
                   0
                  20
                   5
                   0
                   0
                   0
                   9
                   8
                   0
                   9
                  13
                   9
                   0
                   0
                   0
                   0
                   0
                   0
                  10
                   0
                   0
                   0
                  12
                   0
                  24
                  18
                   0
                   0
                   0
                   0
                   0
                   0
                   0
                   0
                   0
                   0
                   0
                  14
                   0
                   7
                   0
                   0
                   0
                   0
                   0
                   0
                  16
                   0
                   0
                   0
                   0
                   0
                   0
                   0
                   0
                   0
                   0
                   0
                   0
                   9
                   0
                   0
                   0
                  12
                   0
                   0
                   0
                   0
                   0
                  23
                   0
                   0
                   0
                   0
                   0
                   0
                  25
                   0
                   0
                  12
                  17
                  31
                   0
                   0
 2nd Variable Cost Component, Bij
                   0
            50000000
            50000000
            50000000
            50000000
            50000000
            50000000
            50000000
            50000000
            50000000
            50000000
                  38
            50000000
            50000000
            50000000
                 109
            50000000
                   0
            50000000
            50000000
            50000000
            50000000
            50000000
            50000000
            50000000
            50000000
            50000000
            50000000
                  37
                  47
                  79
                  32
            50000000
            50000000
                   0
            50000000
            50000000
                 102
            50000000
            50000000
                 103
            50000000
            50000000
                  61
            50000000
            50000000
                  61
            50000000
            50000000
            50000000
            50000000
                   0
            50000000
            50000000
                 117
            50000000
                 108
            50000000
            50000000
            50000000
            50000000
            50000000
            50000000
            50000000
            50000000
            50000000
                  60
            50000000
                   0
            50000000
            50000000
            50000000
            50000000
            50000000
            50000000
            50000000
            50000000
            50000000
            50000000
                  69
            50000000
            50000000
            50000000
            50000000
                 136
                   0
                  22
                  97
            50000000
            50000000
            50000000
            50000000
            50000000
            50000000
            50000000
                 106
            50000000
            50000000
            50000000
            50000000
            50000000
                  22
                   0
            50000000
            50000000
                  57
            50000000
            50000000
                  72
            50000000
            50000000
            50000000
            50000000
            50000000
            50000000
            50000000
                  38
                  97
            50000000
                   0
            50000000
            50000000
            50000000
            50000000
            50000000
            50000000
            50000000
            50000000
            50000000
            50000000
                 103
            50000000
            50000000
                  49
                  46
            50000000
                   0
            50000000
            50000000
            50000000
            50000000
            50000000
            50000000
                 103
                 124
                  68
            50000000
            50000000
            50000000
            50000000
            50000000
            50000000
            50000000
                   0
            50000000
                 105
            50000000
            50000000
            50000000
            50000000
            50000000
            50000000
            50000000
            50000000
            50000000
            50000000
            50000000
            50000000
            50000000
            50000000
                   0
            50000000
            50000000
            50000000
            50000000
            50000000
            50000000
            50000000
            50000000
            50000000
            50000000
            50000000
            50000000
            50000000
            50000000
                 105
            50000000
                   0
            50000000
                 111
                  32
            50000000
            50000000
            50000000
                  51
                  45
            50000000
                  52
                  72
                  50
            50000000
            50000000
            50000000
            50000000
                   0
            50000000
                  60
            50000000
            50000000
            50000000
                  71
            50000000
                 132
                 104
            50000000
            50000000
            50000000
            50000000
            50000000
            50000000
            50000000
                   0
            50000000
            50000000
            50000000
                  79
            50000000
                  41
            50000000
            50000000
            50000000
            50000000
            50000000
            50000000
                  92
            50000000
            50000000
            50000000
                   0
            50000000
            50000000
            50000000
            50000000
            50000000
            50000000
            50000000
            50000000
                  51
            50000000
            50000000
            50000000
                  71
            50000000
            50000000
            50000000
                   0
            50000000
                 131
            50000000
            50000000
            50000000
            50000000
            50000000
            50000000
                 140
            50000000
            50000000
                  70
                  96
                 175
            50000000
            50000000
 Fixed Cost Component, Cij
                   0
                   0
                   0
                   0
                   0
                   0
                   0
                   0
                   0
                   0
                   0
                 380
                   0
                   0
                   0
                1090
                   0
                   0
                   0
                   0
                   0
                   0
                   0
                   0
                   0
                   0
                   0
                   0
                 370
                 470
                 790
                 320
                   0
                   0
                   0
                   0
                   0
                1020
                   0
                   0
                1030
                   0
                   0
                 610
                   0
                   0
                 610
                   0
                   0
                   0
                   0
                   0
                   0
                   0
                1170
                   0
                1080
                   0
                   0
                   0
                   0
                   0
                   0
                   0
                   0
                   0
                 600
                   0
                   0
                   0
                   0
                   0
                   0
                   0
                   0
                   0
                   0
                   0
                   0
                 690
                   0
                   0
                   0
                   0
                1360
                   0
                 220
                 970
                   0
                   0
                   0
                   0
                   0
                   0
                   0
                1060
                   0
                   0
                   0
                   0
                   0
                 220
                   0
                   0
                   0
                 570
                   0
                   0
                 720
                   0
                   0
                   0
                   0
                   0
                   0
                   0
                 380
                 970
                   0
                   0
                   0
                   0
                   0
                   0
                   0
                   0
                   0
                   0
                   0
                   0
                1030
                   0
                   0
                 490
                 460
                   0
                   0
                   0
                   0
                   0
                   0
                   0
                   0
                1030
                1240
                 680
                   0
                   0
                   0
                   0
                   0
                   0
                   0
                   0
                   0
                1050
                   0
                   0
                   0
                   0
                   0
                   0
                   0
                   0
                   0
                   0
                   0
                   0
                   0
                   0
                   0
                   0
                   0
                   0
                   0
                   0
                   0
                   0
                   0
                   0
                   0
                   0
                   0
                   0
                   0
                1050
                   0
                   0
                   0
                1110
                 320
                   0
                   0
                   0
                 510
                 450
                   0
                 520
                 720
                 500
                   0
                   0
                   0
                   0
                   0
                   0
                 600
                   0
                   0
                   0
                 710
                   0
                1320
                1040
                   0
                   0
                   0
                   0
                   0
                   0
                   0
                   0
                   0
                   0
                   0
                 790
                   0
                 410
                   0
                   0
                   0
                   0
                   0
                   0
                 920
                   0
                   0
                   0
                   0
                   0
                   0
                   0
                   0
                   0
                   0
                   0
                   0
                 510
                   0
                   0
                   0
                 710
                   0
                   0
                   0
                   0
                   0
                1310
                   0
                   0
                   0
                   0
                   0
                   0
                1400
                   0
                   0
                 700
                 960
                1750
                   0
                   0