          17
           5
           8
           9
           1
           5
           8
           5
           9
           7
           4
           9
           8
           1
           1
           3
           2
 1st Variable Cost Component, Aij
                   0
                   0
                   0
                  11
                   0
                   0
                   7
                   0
                   0
                   0
                   0
                   0
                   9
                   0
                   0
                   7
                   0
                   0
                   2
                   0
                   0
                   0
                   0
                   0
                   0
                   0
                   0
                   0
                   5
                   0
                   0
                   0
                   0
                   0
                   0
                   0
                   0
                   4
                   4
                   0
                   0
                   0
                   3
                   3
                   3
                   0
                   8
                   0
                   0
                   0
                   0
                   0
                   0
                   0
                   0
                   0
                   0
                   0
                   0
                   0
                   0
                   0
                   0
                   0
                   0
                   0
                   0
                   0
                   0
                   0
                   0
                   0
                   0
                   0
                   0
                   0
                   7
                   0
                   4
                   7
                   0
                   0
                   0
                   0
                   0
                   0
                   0
                   0
                   0
                   0
                   0
                   0
                   0
                   0
                   0
                   0
                   7
                   0
                   0
                   0
                   0
                   0
                   0
                   0
                   0
                   0
                   7
                   0
                   8
                   0
                   0
                   0
                   0
                   0
                   0
                   0
                   0
                   0
                   0
                   0
                   0
                  10
                   0
                   0
                   0
                   3
                   0
                   3
                   0
                   7
                   0
                   0
                   0
                   0
                   0
                   0
                   0
                   0
                   0
                   0
                   0
                   0
                   7
                   0
                   0
                   0
                   0
                   0
                  13
                  11
                  12
                  10
                   0
                   0
                   0
                   0
                   0
                   0
                  10
                   9
                   0
                   0
                   0
                   0
                   0
                   0
                   0
                   0
                   1
                   0
                   0
                   0
                   0
                   0
                   0
                   4
                   0
                   0
                   3
                   6
                   0
                   6
                   0
                   0
                   0
                   0
                   0
                   0
                   7
                   4
                  11
                   0
                   9
                   0
                   0
                   0
                   0
                   0
                   0
                   0
                   2
                   6
                   0
                   0
                   0
                   0
                   0
                   0
                   0
                   0
                   0
                   0
                   0
                   0
                   0
                   0
                   0
                   0
                   0
                   0
                   0
                   0
                   0
                   0
                   9
                   0
                   0
                   0
                   0
                   0
                   0
                   0
                   7
                  10
                   0
                   0
                   0
                  11
                   0
                   7
                   0
                   0
                   0
                   0
                   0
                   0
                   0
                   0
                   0
                   0
                   0
                   0
                   0
                   0
                   0
                   0
                   0
                   0
                   7
                   0
                  14
                   0
                   0
                   0
                   0
                  12
                   0
                   3
                   0
                   0
                  15
                   0
 2nd Variable Cost Component, Bij
                   0
            50000000
            50000000
                 117
            50000000
            50000000
                  76
            50000000
            50000000
            50000000
            50000000
            50000000
                 100
            50000000
            50000000
                  75
            50000000
                   0
                  25
            50000000
            50000000
            50000000
            50000000
            50000000
            50000000
            50000000
            50000000
            50000000
                  60
            50000000
            50000000
            50000000
            50000000
            50000000
                   0
            50000000
            50000000
                  50
                  50
            50000000
            50000000
            50000000
                  37
                  42
                  39
            50000000
                  85
            50000000
            50000000
            50000000
            50000000
                   0
            50000000
            50000000
            50000000
            50000000
            50000000
            50000000
                   6
            50000000
            50000000
            50000000
            50000000
            50000000
            50000000
            50000000
            50000000
            50000000
                   0
            50000000
            50000000
            50000000
            50000000
            50000000
            50000000
            50000000
                  81
            50000000
                  50
                  83
            50000000
            50000000
            50000000
            50000000
            50000000
                   0
            50000000
            50000000
            50000000
            50000000
            50000000
            50000000
            50000000
            50000000
            50000000
            50000000
                  76
            50000000
            50000000
            50000000
            50000000
            50000000
                   0
            50000000
            50000000
            50000000
                  83
            50000000
                  89
            50000000
            50000000
            50000000
            50000000
            50000000
            50000000
            50000000
            50000000
            50000000
            50000000
                   0
            50000000
                 108
            50000000
            50000000
            50000000
                  34
            50000000
                  42
            50000000
                  76
            50000000
            50000000
            50000000
            50000000
            50000000
            50000000
                   0
            50000000
            50000000
            50000000
            50000000
            50000000
                  82
            50000000
            50000000
            50000000
            50000000
            50000000
                 148
                 126
                 133
                 108
            50000000
                   0
            50000000
            50000000
            50000000
            50000000
                 112
                  97
            50000000
            50000000
            50000000
            50000000
            50000000
            50000000
            50000000
            50000000
                  16
            50000000
                   0
            50000000
            50000000
            50000000
            50000000
                  45
            50000000
            50000000
                  42
                  66
            50000000
                  72
            50000000
            50000000
            50000000
            50000000
            50000000
                   0
                  82
                  47
                 125
            50000000
                 100
            50000000
            50000000
            50000000
            50000000
            50000000
            50000000
            50000000
                  31
                  69
            50000000
            50000000
                   0
            50000000
            50000000
            50000000
            50000000
            50000000
            50000000
            50000000
            50000000
            50000000
            50000000
            50000000
            50000000
            50000000
            50000000
            50000000
            50000000
                   0
            50000000
            50000000
                  98
            50000000
            50000000
            50000000
            50000000
            50000000
            50000000
            50000000
                  82
                 112
            50000000
            50000000
            50000000
                 122
                   0
                  84
            50000000
            50000000
            50000000
            50000000
            50000000
            50000000
            50000000
            50000000
            50000000
            50000000
            50000000
            50000000
            50000000
            50000000
            50000000
                   0
            50000000
            50000000
                  77
            50000000
                 158
            50000000
            50000000
            50000000
            50000000
                 130
            50000000
                  42
            50000000
            50000000
                 163
            50000000
 Fixed Cost Component, Cij
                   0
                   0
                   0
                 321
                   0
                   0
                 209
                   0
                   0
                   0
                   0
                   0
                 275
                   0
                   0
                 206
                   0
                   0
                  68
                   0
                   0
                   0
                   0
                   0
                   0
                   0
                   0
                   0
                 165
                   0
                   0
                   0
                   0
                   0
                   0
                   0
                   0
                 137
                 137
                   0
                   0
                   0
                 101
                 115
                 107
                   0
                 233
                   0
                   0
                   0
                   0
                   0
                   0
                   0
                   0
                   0
                   0
                   0
                  16
                   0
                   0
                   0
                   0
                   0
                   0
                   0
                   0
                   0
                   0
                   0
                   0
                   0
                   0
                   0
                   0
                   0
                 222
                   0
                 137
                 228
                   0
                   0
                   0
                   0
                   0
                   0
                   0
                   0
                   0
                   0
                   0
                   0
                   0
                   0
                   0
                   0
                 209
                   0
                   0
                   0
                   0
                   0
                   0
                   0
                   0
                   0
                 228
                   0
                 244
                   0
                   0
                   0
                   0
                   0
                   0
                   0
                   0
                   0
                   0
                   0
                   0
                 297
                   0
                   0
                   0
                  93
                   0
                 115
                   0
                 209
                   0
                   0
                   0
                   0
                   0
                   0
                   0
                   0
                   0
                   0
                   0
                   0
                 225
                   0
                   0
                   0
                   0
                   0
                 407
                 346
                 365
                 297
                   0
                   0
                   0
                   0
                   0
                   0
                 308
                 266
                   0
                   0
                   0
                   0
                   0
                   0
                   0
                   0
                  44
                   0
                   0
                   0
                   0
                   0
                   0
                 123
                   0
                   0
                 115
                 181
                   0
                 198
                   0
                   0
                   0
                   0
                   0
                   0
                 225
                 129
                 343
                   0
                 275
                   0
                   0
                   0
                   0
                   0
                   0
                   0
                  85
                 189
                   0
                   0
                   0
                   0
                   0
                   0
                   0
                   0
                   0
                   0
                   0
                   0
                   0
                   0
                   0
                   0
                   0
                   0
                   0
                   0
                   0
                   0
                 269
                   0
                   0
                   0
                   0
                   0
                   0
                   0
                 225
                 308
                   0
                   0
                   0
                 335
                   0
                 231
                   0
                   0
                   0
                   0
                   0
                   0
                   0
                   0
                   0
                   0
                   0
                   0
                   0
                   0
                   0
                   0
                   0
                   0
                 211
                   0
                 434
                   0
                   0
                   0
                   0
                 357
                   0
                 115
                   0
                   0
                 448
                   0