          17
           3
           6
           5
           7
           4
           7
           7
           6
           7
           3
           2
          10
           7
           6
           2
           4
 1st Variable Cost Component, Aij
                   0
                   0
                  11
                   0
                   0
                  15
                   0
                   0
                   0
                   0
                   0
                   0
                   3
                   5
                   9
                   2
                   0
                   0
                   0
                   0
                   0
                   0
                  10
                   0
                   0
                   0
                   0
                   0
                   7
                   0
                   0
                   0
                  11
                   0
                   0
                   5
                   0
                   0
                   0
                  11
                   2
                  13
                   0
                   0
                   0
                   0
                   6
                   0
                   0
                   0
                   0
                   0
                   0
                   0
                   3
                   0
                   0
                   0
                   0
                   0
                   0
                   0
                   0
                   0
                   0
                   0
                   0
                   0
                   0
                   0
                   0
                   0
                   0
                   0
                   0
                   0
                   0
                   0
                   0
                   0
                   0
                  12
                   7
                   0
                   0
                   0
                   8
                   0
                   0
                   0
                   0
                   0
                   0
                   0
                   0
                  13
                   0
                   0
                   0
                   0
                   0
                   0
                   0
                   0
                   3
                   0
                   0
                   0
                   6
                   2
                   0
                   0
                   0
                   0
                   0
                   0
                   0
                   0
                   0
                   0
                   0
                   5
                   5
                  15
                   0
                   0
                   6
                   0
                   0
                   0
                   0
                   0
                   0
                   0
                   0
                   8
                   0
                   0
                   0
                  12
                   0
                   0
                   0
                   0
                   0
                   0
                   0
                   0
                   0
                   0
                   0
                   0
                   0
                   0
                   1
                   0
                   0
                   0
                   0
                   0
                  10
                   2
                   0
                   0
                   0
                   0
                   0
                   0
                   0
                   0
                   0
                   0
                   0
                   0
                   0
                   0
                   1
                   0
                   0
                   0
                   0
                   0
                   0
                   0
                   0
                   0
                   0
                   0
                   0
                   6
                  10
                   0
                   0
                   0
                   0
                   0
                   0
                   0
                   0
                  10
                   9
                   0
                   0
                   4
                   0
                   0
                   0
                   0
                   0
                   9
                   0
                   0
                   0
                   0
                   0
                  10
                   0
                   0
                   0
                   6
                   0
                   0
                   0
                   0
                   9
                   8
                   0
                   0
                   3
                   6
                   0
                   0
                   0
                   0
                   0
                  10
                   0
                   4
                   0
                   0
                   0
                   0
                   0
                   0
                   0
                   0
                   0
                   0
                   0
                   8
                   0
                   0
                   0
                   0
                   7
                   0
                   0
                  13
                  10
                  14
                   0
                   0
                  11
                   5
                   0
                   0
                   0
                  18
                   0
                   0
                   0
                   0
 2nd Variable Cost Component, Bij
                   0
            50000000
                 127
            50000000
            50000000
                 165
            50000000
            50000000
            50000000
            50000000
            50000000
            50000000
                  42
                  55
                 100
                  30
            50000000
                   0
            50000000
            50000000
            50000000
            50000000
                 115
            50000000
            50000000
            50000000
            50000000
            50000000
                  77
            50000000
            50000000
            50000000
                 127
            50000000
                   0
                  55
            50000000
            50000000
            50000000
                 124
                  31
                 147
            50000000
            50000000
            50000000
            50000000
                  73
            50000000
            50000000
            50000000
            50000000
                   0
            50000000
            50000000
                  40
            50000000
            50000000
            50000000
            50000000
            50000000
            50000000
            50000000
            50000000
            50000000
            50000000
            50000000
            50000000
            50000000
                   0
            50000000
            50000000
            50000000
            50000000
            50000000
            50000000
            50000000
            50000000
            50000000
            50000000
            50000000
            50000000
                 135
                  80
            50000000
            50000000
                   0
                  89
            50000000
            50000000
            50000000
            50000000
            50000000
            50000000
            50000000
            50000000
                 146
            50000000
            50000000
            50000000
            50000000
            50000000
            50000000
                   0
            50000000
                  38
            50000000
            50000000
            50000000
                  66
                  27
            50000000
            50000000
            50000000
            50000000
            50000000
            50000000
            50000000
            50000000
            50000000
                   0
            50000000
                  64
                  61
                 163
            50000000
            50000000
                  65
            50000000
            50000000
            50000000
            50000000
            50000000
            50000000
            50000000
            50000000
                  93
                   0
            50000000
            50000000
                 132
            50000000
            50000000
            50000000
            50000000
            50000000
            50000000
            50000000
            50000000
            50000000
            50000000
            50000000
            50000000
            50000000
                   0
                  14
            50000000
            50000000
            50000000
            50000000
            50000000
                 109
                  28
            50000000
            50000000
            50000000
            50000000
            50000000
            50000000
            50000000
            50000000
                   0
            50000000
            50000000
            50000000
            50000000
            50000000
                  15
            50000000
            50000000
            50000000
            50000000
            50000000
            50000000
            50000000
            50000000
            50000000
            50000000
                   0
            50000000
                  69
                 111
            50000000
            50000000
            50000000
            50000000
            50000000
            50000000
            50000000
            50000000
                 116
                 100
            50000000
            50000000
                  48
                   0
            50000000
            50000000
            50000000
            50000000
                 101
            50000000
            50000000
            50000000
            50000000
            50000000
                 109
            50000000
            50000000
            50000000
                  69
            50000000
                   0
            50000000
            50000000
                 100
                  89
            50000000
            50000000
                  42
                  67
            50000000
            50000000
            50000000
            50000000
            50000000
                 111
            50000000
                  47
                   0
            50000000
            50000000
            50000000
            50000000
            50000000
            50000000
            50000000
            50000000
            50000000
            50000000
                  89
            50000000
            50000000
            50000000
            50000000
                  79
                   0
            50000000
                 142
                 115
                 155
            50000000
            50000000
                 121
                  61
            50000000
            50000000
            50000000
                 204
            50000000
            50000000
            50000000
            50000000
 Fixed Cost Component, Cij
                   0
                   0
                 349
                   0
                   0
                 453
                   0
                   0
                   0
                   0
                   0
                   0
                 115
                 151
                 275
                  82
                   0
                   0
                   0
                   0
                   0
                   0
                 316
                   0
                   0
                   0
                   0
                   0
                 211
                   0
                   0
                   0
                 349
                   0
                   0
                 151
                   0
                   0
                   0
                 341
                  85
                 404
                   0
                   0
                   0
                   0
                 200
                   0
                   0
                   0
                   0
                   0
                   0
                   0
                 110
                   0
                   0
                   0
                   0
                   0
                   0
                   0
                   0
                   0
                   0
                   0
                   0
                   0
                   0
                   0
                   0
                   0
                   0
                   0
                   0
                   0
                   0
                   0
                   0
                   0
                   0
                 371
                 220
                   0
                   0
                   0
                 244
                   0
                   0
                   0
                   0
                   0
                   0
                   0
                   0
                 401
                   0
                   0
                   0
                   0
                   0
                   0
                   0
                   0
                 104
                   0
                   0
                   0
                 181
                  74
                   0
                   0
                   0
                   0
                   0
                   0
                   0
                   0
                   0
                   0
                   0
                 176
                 167
                 448
                   0
                   0
                 178
                   0
                   0
                   0
                   0
                   0
                   0
                   0
                   0
                 255
                   0
                   0
                   0
                 363
                   0
                   0
                   0
                   0
                   0
                   0
                   0
                   0
                   0
                   0
                   0
                   0
                   0
                   0
                  38
                   0
                   0
                   0
                   0
                   0
                 299
                  77
                   0
                   0
                   0
                   0
                   0
                   0
                   0
                   0
                   0
                   0
                   0
                   0
                   0
                   0
                  41
                   0
                   0
                   0
                   0
                   0
                   0
                   0
                   0
                   0
                   0
                   0
                   0
                 189
                 305
                   0
                   0
                   0
                   0
                   0
                   0
                   0
                   0
                 319
                 275
                   0
                   0
                 132
                   0
                   0
                   0
                   0
                   0
                 277
                   0
                   0
                   0
                   0
                   0
                 299
                   0
                   0
                   0
                 189
                   0
                   0
                   0
                   0
                 275
                 244
                   0
                   0
                 115
                 184
                   0
                   0
                   0
                   0
                   0
                 305
                   0
                 129
                   0
                   0
                   0
                   0
                   0
                   0
                   0
                   0
                   0
                   0
                   0
                 244
                   0
                   0
                   0
                   0
                 217
                   0
                   0
                 390
                 316
                 426
                   0
                   0
                 332
                 167
                   0
                   0
                   0
                 561
                   0
                   0
                   0
                   0