          17
           1
           2
           4
           1
           3
           4
           3
           1
           3
           2
           1
           2
           3
           5
           3
           1
 1st Variable Cost Component, Aij
                   0
                   0
                   0
                  30
                   0
                   0
                   0
                   0
                   0
                   0
                   0
                  21
                   0
                   0
                   0
                   0
                   0
                   0
                  13
                   0
                  14
                   0
                   0
                  17
                   5
                   0
                   0
                   6
                  13
                   0
                   0
                   0
                   0
                  13
                   0
                   0
                   0
                   0
                   0
                   0
                   0
                   0
                  15
                   0
                   0
                   2
                   0
                   0
                   0
                  14
                  28
                   0
                   0
                  27
                   0
                  32
                   0
                   0
                   0
                   0
                   0
                   0
                   0
                   0
                   0
                  14
                   0
                  24
                   0
                   0
                  23
                   0
                  19
                  25
                   0
                  10
                   0
                   0
                   0
                   0
                   0
                   0
                   9
                   0
                   0
                   0
                   0
                  11
                   0
                   0
                   0
                   0
                   0
                   0
                   0
                   0
                   0
                   0
                   0
                   0
                   0
                   0
                   0
                   0
                   0
                   0
                   0
                   0
                   0
                   0
                   0
                   0
                   0
                   0
                   0
                  32
                  18
                   0
                   0
                   0
                   0
                  14
                   0
                   0
                   0
                   0
                   9
                   0
                  14
                   0
                   0
                   0
                   0
                   0
                   0
                   0
                   0
                   0
                   0
                   0
                   0
                   0
                   0
                   0
                   0
                   0
                   0
                   0
                  25
                   0
                   3
                   0
                   0
                   0
                   0
                   0
                   0
                   0
                   7
                   0
                   0
                   0
                   0
                   0
                   0
                   0
                   0
                   0
                   0
                   0
                   0
                  11
                   0
                   0
                   0
                   0
                  21
                   6
                   0
                   0
                   0
                   0
                   0
                   0
                   0
                   0
                  11
                   0
                  19
                   0
                   0
                   0
                   0
                   0
                   0
                   0
                   0
                   0
                   0
                  11
                   9
                   0
                  11
                  19
                   0
                   0
                   0
                   0
                   6
                  15
                   0
                   0
                   0
                   0
                   0
                   2
                  16
                   0
                   0
                   0
                   0
                   0
                   0
                  18
                   0
                  19
                   0
                   0
                   0
                   0
                   0
                   0
                   0
                   7
                   0
                   0
                   0
                   0
                   0
                   0
                   0
                   0
                  16
                   0
                  30
                   0
                   0
                   0
                  14
                   5
                   0
                   0
                   0
                   0
                   0
                   0
                  13
                  27
                   0
                   0
                   0
                   0
                   0
                   0
                   0
                   0
                  28
                  29
                   0
                  11
                   0
                   0
 2nd Variable Cost Component, Bij
                   0
            50000000
            50000000
                 149
            50000000
            50000000
            50000000
            50000000
            50000000
            50000000
            50000000
                 103
            50000000
            50000000
            50000000
            50000000
            50000000
                   0
                  67
            50000000
                  72
            50000000
            50000000
                  87
                  28
            50000000
            50000000
                  32
                  65
            50000000
            50000000
            50000000
            50000000
                  67
                   0
            50000000
            50000000
            50000000
            50000000
            50000000
            50000000
            50000000
                  75
            50000000
            50000000
                  13
            50000000
            50000000
            50000000
                  70
                 137
                   0
            50000000
                 132
            50000000
                 157
            50000000
            50000000
            50000000
            50000000
            50000000
            50000000
            50000000
            50000000
            50000000
                  72
            50000000
                 117
                   0
            50000000
                 116
            50000000
                  97
                 124
            50000000
                  53
            50000000
            50000000
            50000000
            50000000
            50000000
            50000000
                  44
            50000000
            50000000
                   0
            50000000
                  54
            50000000
            50000000
            50000000
            50000000
            50000000
            50000000
            50000000
            50000000
            50000000
            50000000
            50000000
            50000000
            50000000
            50000000
                   0
            50000000
            50000000
            50000000
            50000000
            50000000
            50000000
            50000000
            50000000
            50000000
            50000000
            50000000
            50000000
                 157
                  90
            50000000
            50000000
                   0
            50000000
                  69
            50000000
            50000000
            50000000
            50000000
                  44
            50000000
                  72
            50000000
            50000000
            50000000
            50000000
            50000000
            50000000
            50000000
                   0
            50000000
            50000000
            50000000
            50000000
            50000000
            50000000
            50000000
            50000000
            50000000
            50000000
            50000000
                 124
            50000000
                  15
            50000000
            50000000
                   0
            50000000
            50000000
            50000000
            50000000
                  38
            50000000
            50000000
            50000000
            50000000
            50000000
            50000000
            50000000
            50000000
            50000000
            50000000
            50000000
                   0
                  55
            50000000
            50000000
            50000000
            50000000
                 103
                  32
            50000000
            50000000
            50000000
            50000000
            50000000
            50000000
            50000000
            50000000
                  55
                   0
                  94
            50000000
            50000000
            50000000
            50000000
            50000000
            50000000
            50000000
            50000000
            50000000
            50000000
                  57
                  47
            50000000
                  56
                  94
                   0
            50000000
            50000000
            50000000
                  32
                  77
            50000000
            50000000
            50000000
            50000000
            50000000
                  12
                  81
            50000000
            50000000
            50000000
            50000000
                   0
            50000000
                  92
            50000000
                  93
            50000000
            50000000
            50000000
            50000000
            50000000
            50000000
            50000000
                  38
            50000000
            50000000
            50000000
            50000000
                   0
            50000000
            50000000
            50000000
                  81
            50000000
                 149
            50000000
            50000000
            50000000
                  70
                  26
            50000000
            50000000
            50000000
            50000000
            50000000
                   0
                  67
                 132
            50000000
            50000000
            50000000
            50000000
            50000000
            50000000
            50000000
            50000000
                 140
                 142
            50000000
                  55
            50000000
            50000000
 Fixed Cost Component, Cij
                   0
                   0
                   0
                4470
                   0
                   0
                   0
                   0
                   0
                   0
                   0
                3090
                   0
                   0
                   0
                   0
                   0
                   0
                2010
                   0
                2160
                   0
                   0
                2610
                 840
                   0
                   0
                 960
                1950
                   0
                   0
                   0
                   0
                2010
                   0
                   0
                   0
                   0
                   0
                   0
                   0
                   0
                2250
                   0
                   0
                 390
                   0
                   0
                   0
                2100
                4110
                   0
                   0
                3960
                   0
                4710
                   0
                   0
                   0
                   0
                   0
                   0
                   0
                   0
                   0
                2160
                   0
                3510
                   0
                   0
                3480
                   0
                2910
                3720
                   0
                1590
                   0
                   0
                   0
                   0
                   0
                   0
                1320
                   0
                   0
                   0
                   0
                1620
                   0
                   0
                   0
                   0
                   0
                   0
                   0
                   0
                   0
                   0
                   0
                   0
                   0
                   0
                   0
                   0
                   0
                   0
                   0
                   0
                   0
                   0
                   0
                   0
                   0
                   0
                   0
                4710
                2700
                   0
                   0
                   0
                   0
                2070
                   0
                   0
                   0
                   0
                1320
                   0
                2160
                   0
                   0
                   0
                   0
                   0
                   0
                   0
                   0
                   0
                   0
                   0
                   0
                   0
                   0
                   0
                   0
                   0
                   0
                   0
                3720
                   0
                 450
                   0
                   0
                   0
                   0
                   0
                   0
                   0
                1140
                   0
                   0
                   0
                   0
                   0
                   0
                   0
                   0
                   0
                   0
                   0
                   0
                1650
                   0
                   0
                   0
                   0
                3090
                 960
                   0
                   0
                   0
                   0
                   0
                   0
                   0
                   0
                1650
                   0
                2820
                   0
                   0
                   0
                   0
                   0
                   0
                   0
                   0
                   0
                   0
                1710
                1410
                   0
                1680
                2820
                   0
                   0
                   0
                   0
                 960
                2310
                   0
                   0
                   0
                   0
                   0
                 360
                2430
                   0
                   0
                   0
                   0
                   0
                   0
                2760
                   0
                2790
                   0
                   0
                   0
                   0
                   0
                   0
                   0
                1140
                   0
                   0
                   0
                   0
                   0
                   0
                   0
                   0
                2430
                   0
                4470
                   0
                   0
                   0
                2100
                 780
                   0
                   0
                   0
                   0
                   0
                   0
                2010
                3960
                   0
                   0
                   0
                   0
                   0
                   0
                   0
                   0
                4200
                4260
                   0
                1650
                   0
                   0