          17
           1
           1
           4
           1
           3
           4
           2
           2
           4
           1
           4
           2
           5
           3
           4
           1
 1st Variable Cost Component, Aij
                   0
                   0
                   0
                   0
                   0
                   0
                   0
                   0
                   0
                   0
                   0
                   0
                   0
                  13
                   0
                   0
                   0
                   0
                   0
                   0
                   0
                   0
                   0
                   0
                   0
                   0
                   0
                   0
                   0
                   0
                   0
                   0
                   8
                   0
                   0
                   2
                  25
                   0
                   0
                   0
                   0
                   0
                   0
                   0
                   0
                   0
                   0
                   9
                   0
                   0
                   2
                   0
                   0
                   0
                   0
                  20
                   0
                   0
                   0
                   0
                   0
                   6
                   0
                  12
                   0
                   0
                   0
                  26
                   0
                  23
                  21
                   0
                   0
                   0
                  27
                   0
                  16
                   0
                   0
                   0
                   0
                   0
                   0
                   3
                   0
                   0
                   0
                  18
                   0
                   0
                   0
                  21
                   7
                   0
                   0
                   0
                   0
                   0
                  19
                   0
                   0
                   0
                   0
                   0
                   0
                   0
                   0
                   0
                   0
                   0
                   0
                   0
                  14
                   0
                   0
                   0
                   0
                  18
                  14
                   0
                   0
                   9
                   0
                   0
                   0
                  23
                   0
                  18
                   0
                   0
                   0
                   0
                   0
                   5
                   0
                   0
                   0
                   0
                   7
                   0
                   0
                   0
                   0
                   0
                  11
                   0
                   0
                  13
                   0
                   0
                   0
                   9
                   0
                   0
                  14
                   0
                   0
                  14
                   0
                   0
                   0
                  21
                   0
                   1
                   0
                   0
                  19
                  21
                   0
                  14
                   0
                   0
                  10
                   5
                   0
                   0
                   0
                   0
                  23
                   0
                   0
                   0
                  20
                   0
                   0
                  11
                  24
                   0
                  14
                   0
                  21
                   0
                   0
                   0
                   0
                   0
                  16
                   0
                   0
                   0
                   7
                   3
                   0
                   0
                   0
                   0
                  10
                   0
                   0
                   0
                   0
                   0
                   0
                   6
                   0
                   0
                   0
                   0
                   5
                   0
                  11
                   0
                  13
                   8
                   0
                   0
                   8
                   0
                   0
                   0
                   0
                   0
                   0
                   0
                   0
                  21
                   0
                  13
                   0
                   0
                   0
                   0
                   0
                  12
                   0
                   0
                  24
                  18
                   0
                   0
                  11
                   0
                   0
                   0
                  15
                   0
                   0
                   0
                  33
                   0
                   8
                   0
                   0
                   0
                   0
                  22
                   0
                  11
                  25
                  36
                   0
                   0
 2nd Variable Cost Component, Bij
                   0
            50000000
            50000000
            50000000
            50000000
            50000000
            50000000
            50000000
            50000000
            50000000
            50000000
            50000000
            50000000
                  73
            50000000
            50000000
            50000000
                   0
            50000000
            50000000
            50000000
            50000000
            50000000
            50000000
            50000000
            50000000
            50000000
            50000000
            50000000
            50000000
            50000000
            50000000
                  46
            50000000
                   0
                  11
                 134
            50000000
            50000000
            50000000
            50000000
            50000000
            50000000
            50000000
            50000000
            50000000
            50000000
                  52
            50000000
            50000000
                  11
                   0
            50000000
            50000000
            50000000
                 110
            50000000
            50000000
            50000000
            50000000
            50000000
                  35
            50000000
                  63
            50000000
            50000000
            50000000
                 140
                   0
                 125
                 112
            50000000
            50000000
            50000000
                 143
            50000000
                  87
            50000000
            50000000
            50000000
            50000000
            50000000
            50000000
                  17
            50000000
                   0
            50000000
                  97
            50000000
            50000000
            50000000
                 112
                  39
            50000000
            50000000
            50000000
            50000000
            50000000
                 100
            50000000
            50000000
            50000000
                   0
            50000000
            50000000
            50000000
            50000000
            50000000
            50000000
            50000000
            50000000
            50000000
                  75
            50000000
            50000000
            50000000
            50000000
                  97
                  78
                   0
            50000000
                  52
            50000000
            50000000
            50000000
                 124
            50000000
                  98
            50000000
            50000000
            50000000
            50000000
            50000000
                  29
            50000000
            50000000
                   0
            50000000
                  40
            50000000
            50000000
            50000000
            50000000
            50000000
                  58
            50000000
            50000000
                  72
            50000000
            50000000
            50000000
                  52
            50000000
                   0
                  74
            50000000
            50000000
                  77
            50000000
            50000000
            50000000
                 115
            50000000
                   7
            50000000
            50000000
                 103
                 114
            50000000
                  74
                   0
            50000000
                  57
                  28
            50000000
            50000000
            50000000
            50000000
                 122
            50000000
            50000000
            50000000
                 106
            50000000
            50000000
                  59
                 130
                   0
                  75
            50000000
                 111
            50000000
            50000000
            50000000
            50000000
            50000000
                  87
            50000000
            50000000
            50000000
                  41
                  17
            50000000
            50000000
                   0
            50000000
                  55
            50000000
            50000000
            50000000
            50000000
            50000000
            50000000
                  33
            50000000
            50000000
            50000000
            50000000
                  28
            50000000
                  61
                   0
                  71
                  45
            50000000
            50000000
                  43
            50000000
            50000000
            50000000
            50000000
            50000000
            50000000
            50000000
            50000000
                 111
            50000000
                  71
                   0
            50000000
            50000000
            50000000
            50000000
                  63
            50000000
            50000000
                 128
                  98
            50000000
            50000000
                  59
            50000000
            50000000
            50000000
                  82
                   0
            50000000
            50000000
                 178
            50000000
                  46
            50000000
            50000000
            50000000
            50000000
                 117
            50000000
                  58
                 132
                 194
            50000000
            50000000
 Fixed Cost Component, Cij
                   0
                   0
                   0
                   0
                   0
                   0
                   0
                   0
                   0
                   0
                   0
                   0
                   0
                 219
                   0
                   0
                   0
                   0
                   0
                   0
                   0
                   0
                   0
                   0
                   0
                   0
                   0
                   0
                   0
                   0
                   0
                   0
                 138
                   0
                   0
                  33
                 402
                   0
                   0
                   0
                   0
                   0
                   0
                   0
                   0
                   0
                   0
                 156
                   0
                   0
                  33
                   0
                   0
                   0
                   0
                 330
                   0
                   0
                   0
                   0
                   0
                 105
                   0
                 189
                   0
                   0
                   0
                 420
                   0
                 375
                 336
                   0
                   0
                   0
                 429
                   0
                 261
                   0
                   0
                   0
                   0
                   0
                   0
                  51
                   0
                   0
                   0
                 291
                   0
                   0
                   0
                 336
                 117
                   0
                   0
                   0
                   0
                   0
                 300
                   0
                   0
                   0
                   0
                   0
                   0
                   0
                   0
                   0
                   0
                   0
                   0
                   0
                 225
                   0
                   0
                   0
                   0
                 291
                 234
                   0
                   0
                 156
                   0
                   0
                   0
                 372
                   0
                 294
                   0
                   0
                   0
                   0
                   0
                  87
                   0
                   0
                   0
                   0
                 120
                   0
                   0
                   0
                   0
                   0
                 174
                   0
                   0
                 216
                   0
                   0
                   0
                 156
                   0
                   0
                 222
                   0
                   0
                 231
                   0
                   0
                   0
                 345
                   0
                  21
                   0
                   0
                 309
                 342
                   0
                 222
                   0
                   0
                 171
                  84
                   0
                   0
                   0
                   0
                 366
                   0
                   0
                   0
                 318
                   0
                   0
                 177
                 390
                   0
                 225
                   0
                 333
                   0
                   0
                   0
                   0
                   0
                 261
                   0
                   0
                   0
                 123
                  51
                   0
                   0
                   0
                   0
                 165
                   0
                   0
                   0
                   0
                   0
                   0
                  99
                   0
                   0
                   0
                   0
                  84
                   0
                 183
                   0
                 213
                 135
                   0
                   0
                 129
                   0
                   0
                   0
                   0
                   0
                   0
                   0
                   0
                 333
                   0
                 213
                   0
                   0
                   0
                   0
                   0
                 189
                   0
                   0
                 384
                 294
                   0
                   0
                 177
                   0
                   0
                   0
                 246
                   0
                   0
                   0
                 534
                   0
                 138
                   0
                   0
                   0
                   0
                 351
                   0
                 174
                 396
                 582
                   0
                   0