          17
           1
           3
           2
           4
           2
           3
           1
           1
           3
           1
           2
           1
           1
           1
           2
           1
 1st Variable Cost Component, Aij
                   0
                   8
                   0
                   0
                   0
                   0
                   0
                   0
                  37
                   0
                   0
                  17
                   0
                   0
                   0
                   0
                   0
                   0
                   0
                  28
                   0
                  34
                   0
                   0
                   0
                  26
                   0
                   0
                   0
                   0
                  14
                   0
                   0
                   0
                   0
                  17
                   0
                   0
                   0
                   0
                   0
                  30
                   0
                   0
                  11
                   0
                   0
                   0
                   0
                   0
                  17
                   0
                   0
                   0
                   0
                   0
                   0
                   0
                   0
                   0
                   0
                  19
                   0
                  23
                   0
                   0
                   0
                   0
                   0
                   0
                   0
                   0
                   0
                   0
                   0
                  17
                   0
                   0
                   0
                   0
                   0
                   0
                   0
                   0
                   0
                   0
                   0
                  25
                   0
                   0
                  31
                  20
                  28
                   0
                   0
                  24
                  25
                  16
                   0
                  35
                   0
                   0
                   0
                   0
                   0
                   0
                  14
                   0
                   0
                   0
                   0
                  12
                  38
                   0
                  16
                   0
                   0
                  25
                   0
                   0
                  10
                  45
                  27
                   0
                   0
                   0
                   0
                  12
                   0
                   0
                   0
                  37
                   0
                  34
                   0
                   0
                   0
                  49
                   0
                   0
                  11
                   0
                   0
                   0
                   0
                  26
                   0
                   0
                   0
                  31
                   0
                  45
                   0
                   0
                   0
                   0
                   0
                   0
                  33
                   0
                   0
                   0
                   0
                   0
                   0
                   0
                   0
                  27
                   0
                   0
                   0
                   0
                  15
                   0
                   0
                   0
                   0
                  14
                   0
                   0
                  17
                   0
                   0
                   0
                   0
                   0
                   0
                   0
                   0
                   0
                  14
                  14
                   0
                  18
                   0
                   0
                   0
                   0
                   8
                  12
                   0
                  38
                  15
                   0
                   0
                   0
                   0
                   0
                   0
                   0
                   0
                   0
                   0
                   0
                   0
                   0
                   0
                   0
                   0
                   0
                   0
                   0
                   0
                   0
                   0
                   0
                   0
                   0
                   0
                   0
                   0
                   0
                   0
                  33
                   0
                   0
                   0
                   0
                   0
                   0
                   0
                   0
                   0
                  23
                   0
                  24
                   0
                   0
                  14
                   0
                  14
                  14
                   4
                   0
                   3
                   0
                   0
                  33
                   0
                   0
                   0
                  35
                  18
                  10
                   4
                   0
                  30
                   0
                  15
                   0
                   0
                  18
 2nd Variable Cost Component, Bij
                   0
                  31
            50000000
            50000000
            50000000
            50000000
            50000000
            50000000
                 136
            50000000
            50000000
                  64
            50000000
            50000000
            50000000
            50000000
            50000000
                   0
            50000000
                 102
            50000000
                 124
            50000000
            50000000
            50000000
                  95
            50000000
            50000000
            50000000
            50000000
                  54
            50000000
            50000000
            50000000
                   0
                  63
            50000000
            50000000
            50000000
            50000000
            50000000
                 109
            50000000
            50000000
                  40
            50000000
            50000000
            50000000
            50000000
            50000000
                  63
                   0
            50000000
            50000000
            50000000
            50000000
            50000000
            50000000
            50000000
            50000000
            50000000
                  72
            50000000
                  86
            50000000
            50000000
            50000000
            50000000
                   0
            50000000
            50000000
            50000000
            50000000
            50000000
            50000000
                  62
            50000000
            50000000
            50000000
            50000000
            50000000
            50000000
            50000000
            50000000
            50000000
                   0
            50000000
                  92
            50000000
            50000000
                 114
                  74
                 103
            50000000
            50000000
                  87
                  91
                  60
            50000000
                 127
            50000000
            50000000
                   0
            50000000
            50000000
            50000000
                  53
            50000000
            50000000
            50000000
            50000000
                  46
                 140
            50000000
                  58
            50000000
            50000000
                  92
            50000000
                   0
                  39
                 166
                  98
            50000000
            50000000
            50000000
            50000000
                  47
            50000000
            50000000
            50000000
                 136
            50000000
                 126
            50000000
            50000000
                   0
                 180
            50000000
            50000000
                  41
            50000000
            50000000
            50000000
            50000000
                  95
            50000000
            50000000
            50000000
                 115
            50000000
                 166
            50000000
                   0
            50000000
            50000000
            50000000
            50000000
                 123
            50000000
            50000000
            50000000
            50000000
            50000000
            50000000
            50000000
            50000000
                  98
            50000000
            50000000
                   0
            50000000
                  55
            50000000
            50000000
            50000000
            50000000
                  52
            50000000
            50000000
                  62
            50000000
            50000000
            50000000
            50000000
            50000000
            50000000
                   0
            50000000
            50000000
                  52
                  53
            50000000
                  67
            50000000
            50000000
            50000000
            50000000
                  32
                  47
            50000000
                 140
                  55
            50000000
                   0
            50000000
            50000000
            50000000
            50000000
            50000000
            50000000
            50000000
            50000000
            50000000
            50000000
            50000000
            50000000
            50000000
            50000000
            50000000
            50000000
                   0
            50000000
            50000000
            50000000
            50000000
            50000000
            50000000
            50000000
            50000000
            50000000
            50000000
            50000000
                 123
            50000000
            50000000
            50000000
            50000000
                   0
            50000000
            50000000
            50000000
            50000000
                  86
            50000000
                  87
            50000000
            50000000
                  54
            50000000
                  51
                  53
                  17
            50000000
                  11
                   0
            50000000
                 121
            50000000
            50000000
            50000000
                 130
                  68
                  38
                  17
            50000000
                 110
            50000000
                  55
            50000000
            50000000
                  66
 Fixed Cost Component, Cij
                   0
                 930
                   0
                   0
                   0
                   0
                   0
                   0
                4080
                   0
                   0
                1920
                   0
                   0
                   0
                   0
                   0
                   0
                   0
                3060
                   0
                3720
                   0
                   0
                   0
                2850
                   0
                   0
                   0
                   0
                1620
                   0
                   0
                   0
                   0
                1890
                   0
                   0
                   0
                   0
                   0
                3270
                   0
                   0
                1200
                   0
                   0
                   0
                   0
                   0
                1890
                   0
                   0
                   0
                   0
                   0
                   0
                   0
                   0
                   0
                   0
                2160
                   0
                2580
                   0
                   0
                   0
                   0
                   0
                   0
                   0
                   0
                   0
                   0
                   0
                1860
                   0
                   0
                   0
                   0
                   0
                   0
                   0
                   0
                   0
                   0
                   0
                2760
                   0
                   0
                3420
                2220
                3090
                   0
                   0
                2610
                2730
                1800
                   0
                3810
                   0
                   0
                   0
                   0
                   0
                   0
                1590
                   0
                   0
                   0
                   0
                1380
                4200
                   0
                1740
                   0
                   0
                2760
                   0
                   0
                1170
                4980
                2940
                   0
                   0
                   0
                   0
                1410
                   0
                   0
                   0
                4080
                   0
                3780
                   0
                   0
                   0
                5400
                   0
                   0
                1230
                   0
                   0
                   0
                   0
                2850
                   0
                   0
                   0
                3450
                   0
                4980
                   0
                   0
                   0
                   0
                   0
                   0
                3690
                   0
                   0
                   0
                   0
                   0
                   0
                   0
                   0
                2940
                   0
                   0
                   0
                   0
                1650
                   0
                   0
                   0
                   0
                1560
                   0
                   0
                1860
                   0
                   0
                   0
                   0
                   0
                   0
                   0
                   0
                   0
                1560
                1590
                   0
                2010
                   0
                   0
                   0
                   0
                 960
                1410
                   0
                4200
                1650
                   0
                   0
                   0
                   0
                   0
                   0
                   0
                   0
                   0
                   0
                   0
                   0
                   0
                   0
                   0
                   0
                   0
                   0
                   0
                   0
                   0
                   0
                   0
                   0
                   0
                   0
                   0
                   0
                   0
                   0
                3690
                   0
                   0
                   0
                   0
                   0
                   0
                   0
                   0
                   0
                2580
                   0
                2610
                   0
                   0
                1620
                   0
                1530
                1590
                 510
                   0
                 330
                   0
                   0
                3630
                   0
                   0
                   0
                3900
                2040
                1140
                 510
                   0
                3300
                   0
                1650
                   0
                   0
                1980