          17
           5
           7
           4
           9
           9
           2
           4
           9
           1
           5
           5
           6
          10
           7
           2
           1
 1st Variable Cost Component, Aij
                   0
                   0
                   0
                   0
                  14
                   0
                  11
                   0
                   0
                   0
                   0
                   0
                   0
                   0
                  14
                   0
                   0
                   0
                   0
                   0
                   0
                   6
                   3
                   2
                   0
                   0
                   6
                   6
                   4
                   0
                   0
                   0
                   0
                   0
                   0
                   0
                   0
                   0
                   0
                   0
                   0
                   0
                   0
                   0
                   0
                   0
                   0
                   6
                   0
                   0
                   0
                   0
                   0
                   0
                   0
                   0
                   0
                   0
                   0
                   0
                   0
                   0
                   0
                   0
                  14
                   0
                   0
                   0
                   0
                   0
                   4
                   0
                   0
                   0
                   0
                   0
                   0
                   0
                   0
                   0
                   0
                   0
                   0
                   0
                  10
                   0
                   0
                   9
                   0
                   0
                   0
                   0
                   0
                   0
                   0
                   0
                   0
                   3
                   0
                   0
                   4
                   9
                   0
                   0
                   0
                   0
                   0
                   0
                   4
                  10
                   0
                   0
                   0
                   2
                   5
                   0
                   3
                   0
                   0
                   0
                   9
                   0
                   0
                   0
                   0
                   0
                   0
                   0
                   0
                   0
                   0
                   0
                   0
                   0
                   0
                   0
                   0
                   0
                   0
                   0
                   0
                  15
                   0
                   0
                   0
                   0
                   0
                   0
                   0
                   0
                   0
                   0
                  13
                   0
                  10
                   0
                   0
                   2
                   0
                   0
                   8
                   0
                   0
                   0
                   0
                   0
                   0
                   0
                   3
                   0
                   0
                   0
                   9
                   0
                   0
                   0
                   0
                   0
                   0
                   0
                   0
                   0
                   0
                   0
                   3
                   0
                   0
                   0
                   0
                  13
                   0
                   0
                   0
                   4
                   0
                   0
                   0
                  11
                   0
                   3
                   0
                   0
                   0
                   0
                   0
                   0
                   0
                   0
                   0
                   7
                   0
                   0
                   0
                   0
                  10
                   0
                   0
                   2
                   0
                   0
                   0
                   0
                   0
                   8
                  14
                   0
                   8
                   0
                   0
                   0
                   0
                   2
                   0
                   0
                   0
                   0
                   0
                   0
                   0
                   0
                   0
                   0
                   0
                   1
                   0
                   3
                   8
                   9
                   0
                   7
                   0
                   0
                  12
                   8
                   0
                   0
                   0
                   0
                   0
                   0
                   0
                   0
                   8
                   9
                   4
                   0
                   0
                   0
                  12
                   0
                   0
                  11
 2nd Variable Cost Component, Bij
                   0
            50000000
            50000000
            50000000
                 158
            50000000
                 124
            50000000
            50000000
            50000000
            50000000
            50000000
            50000000
            50000000
                 157
            50000000
            50000000
                   0
            50000000
            50000000
            50000000
                  69
                  37
                  31
            50000000
            50000000
                  75
                  73
                  51
            50000000
            50000000
            50000000
            50000000
            50000000
                   0
            50000000
            50000000
            50000000
            50000000
            50000000
            50000000
            50000000
            50000000
            50000000
            50000000
            50000000
            50000000
                  74
            50000000
            50000000
            50000000
                   0
            50000000
            50000000
            50000000
            50000000
            50000000
            50000000
            50000000
            50000000
            50000000
            50000000
            50000000
            50000000
                 158
            50000000
            50000000
            50000000
                   0
            50000000
                  43
            50000000
            50000000
            50000000
            50000000
            50000000
            50000000
            50000000
                   2
            50000000
            50000000
            50000000
            50000000
            50000000
                 118
                   0
            50000000
                  97
            50000000
            50000000
            50000000
            50000000
            50000000
            50000000
            50000000
            50000000
            50000000
                  37
            50000000
            50000000
                  43
                  98
                   0
            50000000
            50000000
            50000000
            50000000
            50000000
                  47
                 118
            50000000
            50000000
            50000000
                  31
                  57
            50000000
                  33
            50000000
            50000000
                   0
                 101
            50000000
            50000000
            50000000
            50000000
            50000000
            50000000
            50000000
            50000000
            50000000
            50000000
            50000000
            50000000
            50000000
            50000000
            50000000
                   0
            50000000
            50000000
            50000000
            50000000
                 165
            50000000
            50000000
            50000000
            50000000
            50000000
            50000000
            50000000
            50000000
            50000000
            50000000
                 141
                   0
                 118
            50000000
            50000000
                  26
            50000000
            50000000
                  95
            50000000
            50000000
            50000000
            50000000
            50000000
            50000000
            50000000
                  36
            50000000
                   0
            50000000
                 101
            50000000
            50000000
            50000000
            50000000
            50000000
            50000000
            50000000
            50000000
            50000000
            50000000
            50000000
                  36
            50000000
            50000000
                   0
            50000000
                 141
            50000000
            50000000
            50000000
                  51
            50000000
            50000000
            50000000
                 119
            50000000
                  36
            50000000
            50000000
            50000000
            50000000
                   0
            50000000
            50000000
            50000000
            50000000
                  81
            50000000
            50000000
            50000000
            50000000
                 118
            50000000
            50000000
                  26
            50000000
            50000000
            50000000
                   0
            50000000
                  95
                 157
            50000000
                  88
            50000000
                   2
            50000000
            50000000
                  32
            50000000
            50000000
            50000000
            50000000
            50000000
            50000000
                   0
            50000000
            50000000
            50000000
            50000000
                  17
            50000000
                  37
                  95
                  98
            50000000
                  76
            50000000
            50000000
                 129
                  95
            50000000
                   0
            50000000
            50000000
            50000000
            50000000
            50000000
            50000000
                  95
                 106
                  48
            50000000
            50000000
            50000000
                 137
            50000000
            50000000
                 125
 Fixed Cost Component, Cij
                   0
                   0
                   0
                   0
               86900
                   0
               68200
                   0
                   0
                   0
                   0
                   0
                   0
                   0
               86350
                   0
                   0
                   0
                   0
                   0
                   0
               37950
               20350
               17050
                   0
                   0
               41250
               40150
               28050
                   0
                   0
                   0
                   0
                   0
                   0
                   0
                   0
                   0
                   0
                   0
                   0
                   0
                   0
                   0
                   0
                   0
                   0
               40700
                   0
                   0
                   0
                   0
                   0
                   0
                   0
                   0
                   0
                   0
                   0
                   0
                   0
                   0
                   0
                   0
               86900
                   0
                   0
                   0
                   0
                   0
               23650
                   0
                   0
                   0
                   0
                   0
                   0
                   0
                1100
                   0
                   0
                   0
                   0
                   0
               64900
                   0
                   0
               53350
                   0
                   0
                   0
                   0
                   0
                   0
                   0
                   0
                   0
               20350
                   0
                   0
               23650
               53900
                   0
                   0
                   0
                   0
                   0
                   0
               25850
               64900
                   0
                   0
                   0
               17050
               31350
                   0
               18150
                   0
                   0
                   0
               55550
                   0
                   0
                   0
                   0
                   0
                   0
                   0
                   0
                   0
                   0
                   0
                   0
                   0
                   0
                   0
                   0
                   0
                   0
                   0
                   0
               90750
                   0
                   0
                   0
                   0
                   0
                   0
                   0
                   0
                   0
                   0
               77550
                   0
               64900
                   0
                   0
               14300
                   0
                   0
               52250
                   0
                   0
                   0
                   0
                   0
                   0
                   0
               19800
                   0
                   0
                   0
               55550
                   0
                   0
                   0
                   0
                   0
                   0
                   0
                   0
                   0
                   0
                   0
               19800
                   0
                   0
                   0
                   0
               77550
                   0
                   0
                   0
               28050
                   0
                   0
                   0
               65450
                   0
               19800
                   0
                   0
                   0
                   0
                   0
                   0
                   0
                   0
                   0
               44550
                   0
                   0
                   0
                   0
               64900
                   0
                   0
               14300
                   0
                   0
                   0
                   0
                   0
               52250
               86350
                   0
               48400
                   0
                1100
                   0
                   0
               17600
                   0
                   0
                   0
                   0
                   0
                   0
                   0
                   0
                   0
                   0
                   0
                9350
                   0
               20350
               52250
               53900
                   0
               41800
                   0
                   0
               70950
               52250
                   0
                   0
                   0
                   0
                   0
                   0
                   0
                   0
               52250
               58300
               26400
                   0
                   0
                   0
               75350
                   0
                   0
               68750