          17
           3
           2
           3
           2
           1
           5
           2
           3
           3
           1
           1
           2
           1
           5
           2
           4
 1st Variable Cost Component, Aij
                   0
                   0
                   0
                   0
                   0
                   0
                   0
                   0
                   1
                   9
                  11
                   0
                   0
                   0
                  13
                   7
                   0
                   0
                   0
                   0
                   0
                   0
                   0
                   0
                   0
                   0
                   0
                   0
                  13
                   0
                   0
                   0
                   0
                   6
                   0
                   0
                   0
                   0
                   0
                   0
                   9
                   0
                   0
                   0
                   0
                   0
                   2
                   0
                   0
                   3
                   8
                   0
                   0
                   0
                   0
                  15
                   0
                   0
                  17
                  35
                   0
                   0
                   0
                   0
                   0
                   0
                   0
                   0
                   0
                   0
                   0
                   0
                   0
                  28
                   0
                  23
                   0
                   0
                   0
                   0
                   0
                   0
                   0
                  19
                   0
                   0
                   0
                   0
                   0
                   0
                   0
                   0
                   0
                   0
                   0
                   0
                  10
                   0
                   0
                   0
                   0
                   0
                   0
                   0
                   0
                   0
                  20
                  20
                   0
                   0
                   0
                   3
                   0
                   0
                   0
                   0
                   0
                   0
                   0
                   0
                   0
                  15
                   0
                  20
                   0
                   0
                   0
                   0
                   0
                   0
                   0
                   0
                   0
                   0
                   0
                   6
                   0
                   0
                   0
                  21
                   0
                   0
                   0
                   0
                   9
                   0
                   0
                   0
                   0
                   0
                  18
                   0
                   0
                   0
                   0
                   0
                  20
                   0
                   0
                  16
                   0
                   0
                   0
                   0
                   0
                   0
                   0
                  17
                   0
                   0
                   0
                  28
                   0
                   0
                  20
                  18
                   0
                   0
                   0
                  35
                   0
                   0
                   0
                   0
                   0
                  28
                   0
                   0
                   0
                  26
                   0
                   0
                   0
                   0
                   0
                   0
                   0
                   5
                   0
                   0
                   0
                   0
                   0
                  24
                   0
                   0
                   0
                   0
                   0
                  21
                   0
                   0
                   0
                  25
                   0
                   0
                   0
                   0
                   0
                   0
                  27
                   0
                  25
                   0
                   0
                   0
                   0
                   0
                   0
                   0
                   8
                   0
                   0
                   0
                   0
                   0
                   0
                   0
                   0
                   0
                   0
                   0
                   9
                   0
                  12
                   0
                   3
                   0
                   7
                   0
                  18
                   0
                   0
                  21
                   0
                   0
                   0
                   0
                  22
                   0
                   6
                   0
                   0
                   0
                   0
                  34
                   0
                   0
                   0
                   0
                   0
                   0
 2nd Variable Cost Component, Bij
                   0
            50000000
            50000000
            50000000
            50000000
            50000000
            50000000
            50000000
                   5
                  45
                  56
            50000000
            50000000
            50000000
                  65
                  37
            50000000
                   0
            50000000
            50000000
            50000000
            50000000
            50000000
            50000000
            50000000
            50000000
            50000000
            50000000
                  65
            50000000
            50000000
            50000000
            50000000
                  30
                   0
            50000000
            50000000
            50000000
            50000000
            50000000
                  48
            50000000
            50000000
            50000000
            50000000
            50000000
                  13
            50000000
            50000000
                  16
                  41
                   0
            50000000
            50000000
            50000000
                  76
            50000000
            50000000
                  88
                 175
            50000000
            50000000
            50000000
            50000000
            50000000
            50000000
            50000000
            50000000
                   0
            50000000
            50000000
            50000000
            50000000
                 140
            50000000
                 117
            50000000
            50000000
            50000000
            50000000
            50000000
            50000000
            50000000
                  95
            50000000
                   0
            50000000
            50000000
            50000000
            50000000
            50000000
            50000000
            50000000
            50000000
            50000000
            50000000
                  50
            50000000
            50000000
            50000000
            50000000
            50000000
                   0
            50000000
            50000000
            50000000
                 104
                 103
            50000000
            50000000
            50000000
                  15
            50000000
            50000000
            50000000
            50000000
            50000000
            50000000
            50000000
                   0
            50000000
                  76
            50000000
                 101
            50000000
            50000000
            50000000
            50000000
            50000000
            50000000
            50000000
            50000000
            50000000
            50000000
            50000000
                  31
                   0
            50000000
            50000000
                 105
            50000000
            50000000
            50000000
            50000000
                  45
            50000000
            50000000
            50000000
            50000000
            50000000
                  90
            50000000
            50000000
                   0
            50000000
            50000000
                 102
            50000000
            50000000
                  80
            50000000
            50000000
            50000000
            50000000
            50000000
            50000000
            50000000
                  89
            50000000
            50000000
                   0
                 143
            50000000
            50000000
                 103
                  93
            50000000
            50000000
            50000000
                 175
            50000000
            50000000
            50000000
            50000000
            50000000
                 140
            50000000
                   0
            50000000
                 132
            50000000
            50000000
            50000000
            50000000
            50000000
            50000000
            50000000
                  27
            50000000
            50000000
            50000000
            50000000
            50000000
                 123
                   0
            50000000
            50000000
            50000000
            50000000
                 106
            50000000
            50000000
            50000000
                 127
            50000000
            50000000
            50000000
            50000000
            50000000
            50000000
                 135
                   0
                 127
            50000000
            50000000
            50000000
            50000000
            50000000
            50000000
            50000000
                  43
            50000000
            50000000
            50000000
            50000000
            50000000
            50000000
            50000000
                   0
            50000000
            50000000
            50000000
                  46
            50000000
                  62
            50000000
                  15
            50000000
                  35
            50000000
                  93
            50000000
            50000000
                 105
            50000000
                   0
            50000000
            50000000
                 110
            50000000
                  32
            50000000
            50000000
            50000000
            50000000
                 170
            50000000
            50000000
            50000000
            50000000
            50000000
            50000000
 Fixed Cost Component, Cij
                   0
                   0
                   0
                   0
                   0
                   0
                   0
                   0
                1500
               13500
               16800
                   0
                   0
                   0
               19500
               11100
                   0
                   0
                   0
                   0
                   0
                   0
                   0
                   0
                   0
                   0
                   0
                   0
               19500
                   0
                   0
                   0
                   0
                9000
                   0
                   0
                   0
                   0
                   0
                   0
               14400
                   0
                   0
                   0
                   0
                   0
                3900
                   0
                   0
                4800
               12300
                   0
                   0
                   0
                   0
               22800
                   0
                   0
               26400
               52500
                   0
                   0
                   0
                   0
                   0
                   0
                   0
                   0
                   0
                   0
                   0
                   0
                   0
               42000
                   0
               35100
                   0
                   0
                   0
                   0
                   0
                   0
                   0
               28500
                   0
                   0
                   0
                   0
                   0
                   0
                   0
                   0
                   0
                   0
                   0
                   0
               15000
                   0
                   0
                   0
                   0
                   0
                   0
                   0
                   0
                   0
               31200
               30900
                   0
                   0
                   0
                4500
                   0
                   0
                   0
                   0
                   0
                   0
                   0
                   0
                   0
               22800
                   0
               30300
                   0
                   0
                   0
                   0
                   0
                   0
                   0
                   0
                   0
                   0
                   0
                9300
                   0
                   0
                   0
               31500
                   0
                   0
                   0
                   0
               13500
                   0
                   0
                   0
                   0
                   0
               27000
                   0
                   0
                   0
                   0
                   0
               30600
                   0
                   0
               24000
                   0
                   0
                   0
                   0
                   0
                   0
                   0
               26700
                   0
                   0
                   0
               42900
                   0
                   0
               30900
               27900
                   0
                   0
                   0
               52500
                   0
                   0
                   0
                   0
                   0
               42000
                   0
                   0
                   0
               39600
                   0
                   0
                   0
                   0
                   0
                   0
                   0
                8100
                   0
                   0
                   0
                   0
                   0
               36900
                   0
                   0
                   0
                   0
                   0
               31800
                   0
                   0
                   0
               38100
                   0
                   0
                   0
                   0
                   0
                   0
               40500
                   0
               38100
                   0
                   0
                   0
                   0
                   0
                   0
                   0
               12900
                   0
                   0
                   0
                   0
                   0
                   0
                   0
                   0
                   0
                   0
                   0
               13800
                   0
               18600
                   0
                4500
                   0
               10500
                   0
               27900
                   0
                   0
               31500
                   0
                   0
                   0
                   0
               33000
                   0
                9600
                   0
                   0
                   0
                   0
               51000
                   0
                   0
                   0
                   0
                   0
                   0