          17
           1
           1
           4
           8
           2
           5
           7
           4
           9
           9
           9
           6
           2
           3
           4
           7
 1st Variable Cost Component, Aij
                   0
                   0
                   0
                   0
                   0
                   3
                   0
                   0
                   0
                   0
                   4
                   0
                   0
                   0
                   0
                   0
                   5
                   0
                   0
                  16
                   0
                   0
                   0
                   0
                   0
                   0
                   0
                   0
                   0
                   0
                   0
                   0
                   0
                   0
                   0
                   0
                   0
                   0
                   0
                   0
                   0
                   0
                   0
                   0
                  13
                   0
                   7
                   0
                   0
                   0
                   0
                   0
                   0
                   0
                   0
                   0
                   0
                   0
                   0
                   0
                   0
                   0
                   0
                   0
                   0
                   0
                   0
                   0
                   0
                   0
                   0
                   0
                   0
                   0
                   0
                   0
                   0
                   0
                   0
                   0
                   0
                   4
                   8
                   0
                   0
                   0
                   0
                   0
                   0
                   0
                   0
                   0
                   0
                   0
                   0
                   0
                   0
                   0
                   0
                   0
                   0
                   0
                   0
                   0
                   0
                   0
                   0
                   0
                   0
                   0
                   0
                   0
                  11
                   0
                   0
                   0
                   0
                   0
                   0
                   0
                   7
                   5
                   0
                   0
                   0
                   9
                   0
                   0
                   0
                   0
                   0
                   0
                   0
                   0
                   3
                   0
                   0
                   0
                   4
                   9
                   0
                   2
                   0
                   0
                   0
                   0
                   0
                   0
                   0
                   0
                   0
                   5
                   0
                   0
                   4
                   0
                   0
                   0
                   0
                   0
                   0
                   7
                   0
                   0
                   0
                   0
                   8
                   0
                   0
                   0
                   0
                   0
                   0
                   0
                   1
                   0
                   0
                   0
                   0
                   0
                   0
                   0
                   0
                   1
                   0
                   0
                   0
                   0
                  11
                   0
                   0
                   0
                   0
                   0
                  13
                   0
                   0
                   0
                   0
                   0
                   0
                   0
                   7
                   0
                   0
                   0
                   0
                   0
                   0
                   0
                   0
                   0
                   0
                   0
                   0
                   0
                   0
                   0
                   0
                  11
                   0
                   0
                   0
                   0
                   0
                   0
                   0
                   0
                   0
                   4
                   0
                   5
                   5
                   0
                   1
                   0
                   0
                   0
                   0
                   0
                   9
                   0
                   0
                   0
                  10
                   0
                   0
                   0
                   0
                   0
                   0
                  11
                   0
                   0
                   0
                   0
                  15
                   0
                   0
                   0
                   5
                   0
                   0
                   4
                  10
                   0
                   0
                   4
                  11
                  12
                  10
                  15
 2nd Variable Cost Component, Bij
                   0
            50000000
            50000000
            50000000
            50000000
                  36
            50000000
            50000000
            50000000
            50000000
                  43
            50000000
            50000000
            50000000
            50000000
            50000000
                  53
                   0
            50000000
                 172
            50000000
            50000000
            50000000
            50000000
            50000000
            50000000
            50000000
            50000000
            50000000
            50000000
            50000000
            50000000
            50000000
            50000000
                   0
            50000000
            50000000
            50000000
            50000000
            50000000
            50000000
            50000000
            50000000
            50000000
                 132
            50000000
                  75
            50000000
            50000000
            50000000
            50000000
                   0
            50000000
            50000000
            50000000
            50000000
            50000000
            50000000
            50000000
            50000000
            50000000
            50000000
            50000000
            50000000
            50000000
            50000000
            50000000
            50000000
                   0
            50000000
            50000000
            50000000
            50000000
            50000000
            50000000
            50000000
            50000000
            50000000
            50000000
            50000000
            50000000
                  45
                  86
            50000000
            50000000
                   0
            50000000
            50000000
            50000000
            50000000
            50000000
            50000000
            50000000
            50000000
            50000000
            50000000
            50000000
            50000000
            50000000
            50000000
            50000000
            50000000
                   0
            50000000
            50000000
            50000000
            50000000
            50000000
            50000000
            50000000
            50000000
            50000000
                 112
            50000000
            50000000
            50000000
            50000000
            50000000
            50000000
                   0
                  74
                  56
            50000000
            50000000
            50000000
                  97
            50000000
            50000000
            50000000
            50000000
            50000000
            50000000
            50000000
            50000000
                  36
            50000000
                   0
            50000000
                  49
                  93
            50000000
                  30
            50000000
            50000000
            50000000
            50000000
            50000000
            50000000
            50000000
            50000000
            50000000
                  56
            50000000
                   0
                  43
            50000000
            50000000
            50000000
            50000000
            50000000
            50000000
                  71
            50000000
            50000000
            50000000
            50000000
                  86
            50000000
            50000000
            50000000
                   0
            50000000
            50000000
            50000000
                  19
            50000000
            50000000
            50000000
            50000000
            50000000
            50000000
            50000000
            50000000
                  19
            50000000
            50000000
            50000000
                   0
                 115
            50000000
            50000000
            50000000
            50000000
            50000000
                 132
            50000000
            50000000
            50000000
            50000000
            50000000
            50000000
            50000000
                  73
            50000000
                   0
            50000000
            50000000
            50000000
            50000000
            50000000
            50000000
            50000000
            50000000
            50000000
            50000000
            50000000
            50000000
            50000000
            50000000
                 116
            50000000
                   0
            50000000
            50000000
            50000000
            50000000
            50000000
            50000000
            50000000
                  41
            50000000
                  58
                  59
            50000000
                  19
            50000000
            50000000
            50000000
                   0
            50000000
                  93
            50000000
            50000000
            50000000
                 102
            50000000
            50000000
            50000000
            50000000
            50000000
            50000000
                 117
            50000000
            50000000
            50000000
                   0
                 152
            50000000
            50000000
            50000000
                  58
            50000000
            50000000
                  49
                 102
            50000000
            50000000
                  44
                 117
                 131
                 105
                 159
 Fixed Cost Component, Cij
                   0
                   0
                   0
                   0
                   0
                  99
                   0
                   0
                   0
                   0
                 118
                   0
                   0
                   0
                   0
                   0
                 145
                   0
                   0
                 473
                   0
                   0
                   0
                   0
                   0
                   0
                   0
                   0
                   0
                   0
                   0
                   0
                   0
                   0
                   0
                   0
                   0
                   0
                   0
                   0
                   0
                   0
                   0
                   0
                 363
                   0
                 206
                   0
                   0
                   0
                   0
                   0
                   0
                   0
                   0
                   0
                   0
                   0
                   0
                   0
                   0
                   0
                   0
                   0
                   0
                   0
                   0
                   0
                   0
                   0
                   0
                   0
                   0
                   0
                   0
                   0
                   0
                   0
                   0
                   0
                   0
                 123
                 236
                   0
                   0
                   0
                   0
                   0
                   0
                   0
                   0
                   0
                   0
                   0
                   0
                   0
                   0
                   0
                   0
                   0
                   0
                   0
                   0
                   0
                   0
                   0
                   0
                   0
                   0
                   0
                   0
                   0
                 308
                   0
                   0
                   0
                   0
                   0
                   0
                   0
                 203
                 154
                   0
                   0
                   0
                 266
                   0
                   0
                   0
                   0
                   0
                   0
                   0
                   0
                  99
                   0
                   0
                   0
                 134
                 255
                   0
                  82
                   0
                   0
                   0
                   0
                   0
                   0
                   0
                   0
                   0
                 154
                   0
                   0
                 118
                   0
                   0
                   0
                   0
                   0
                   0
                 195
                   0
                   0
                   0
                   0
                 236
                   0
                   0
                   0
                   0
                   0
                   0
                   0
                  52
                   0
                   0
                   0
                   0
                   0
                   0
                   0
                   0
                  52
                   0
                   0
                   0
                   0
                 316
                   0
                   0
                   0
                   0
                   0
                 363
                   0
                   0
                   0
                   0
                   0
                   0
                   0
                 200
                   0
                   0
                   0
                   0
                   0
                   0
                   0
                   0
                   0
                   0
                   0
                   0
                   0
                   0
                   0
                   0
                 319
                   0
                   0
                   0
                   0
                   0
                   0
                   0
                   0
                   0
                 112
                   0
                 159
                 162
                   0
                  52
                   0
                   0
                   0
                   0
                   0
                 255
                   0
                   0
                   0
                 280
                   0
                   0
                   0
                   0
                   0
                   0
                 321
                   0
                   0
                   0
                   0
                 418
                   0
                   0
                   0
                 159
                   0
                   0
                 134
                 280
                   0
                   0
                 121
                 321
                 360
                 288
                 437