          17
           4
           4
           1
           1
           1
           4
           3
           4
           2
           2
           4
           4
           1
           2
           4
           2
 1st Variable Cost Component, Aij
                   0
                  27
                   0
                  10
                   0
                  27
                   0
                  20
                   0
                   0
                   0
                   0
                   0
                   0
                   0
                  16
                   0
                   0
                   0
                  17
                   5
                  11
                  18
                   0
                   0
                   0
                   0
                   0
                   0
                   0
                   0
                  13
                   0
                   0
                   0
                   0
                   0
                   0
                   0
                  18
                   0
                   2
                   0
                   0
                   0
                   0
                  19
                   0
                  10
                   0
                   0
                   0
                   0
                  19
                  14
                   0
                   0
                  24
                   0
                   0
                   0
                   0
                   0
                   9
                   0
                   0
                   0
                  16
                   0
                   0
                   0
                   0
                   0
                   0
                   0
                   0
                   0
                  23
                   0
                   0
                   0
                   0
                  13
                  19
                   0
                   0
                   0
                   0
                   0
                   0
                   0
                  13
                   0
                   0
                   0
                   0
                   0
                   0
                   0
                   0
                   0
                   0
                   0
                   0
                  23
                   0
                   0
                  23
                   0
                  29
                   0
                   0
                   0
                   0
                   0
                   0
                   0
                   0
                   0
                   0
                   0
                   0
                   0
                   0
                   0
                   0
                   0
                   5
                   0
                   0
                   0
                   0
                  25
                   0
                   0
                  16
                   0
                   0
                   0
                   0
                   0
                   0
                   0
                  12
                   0
                   0
                   0
                  24
                   0
                  11
                  25
                   0
                   0
                   0
                   0
                   0
                   0
                   0
                   0
                   0
                  26
                   0
                   0
                   0
                  17
                   0
                   0
                   0
                   0
                  13
                   0
                  13
                  18
                  12
                   0
                   0
                   0
                   0
                  23
                   0
                   0
                   0
                   0
                   0
                   9
                   0
                   0
                   0
                  13
                   0
                   9
                   4
                   0
                   0
                   0
                   7
                   0
                   0
                   0
                   0
                   0
                   0
                   0
                   0
                   0
                   0
                   4
                   0
                   0
                   0
                   0
                   0
                   0
                   0
                   0
                   6
                   0
                   0
                   0
                   0
                   0
                   0
                   0
                   0
                   0
                   0
                   0
                   0
                   0
                  16
                   0
                  13
                   0
                   0
                   0
                   0
                   0
                  15
                   0
                   7
                  16
                   0
                  18
                   9
                   0
                   0
                  20
                   0
                  12
                  18
                  10
                   0
                   0
                   0
                   7
                   0
                  25
                  21
                   0
                  18
                   0
                   0
                   0
                   0
                   0
                  28
                   0
                  26
                   0
                   0
                   0
                   0
 2nd Variable Cost Component, Bij
                   0
                 146
            50000000
                  55
            50000000
                 146
            50000000
                 111
            50000000
            50000000
            50000000
            50000000
            50000000
            50000000
            50000000
                  87
            50000000
                   0
            50000000
                  93
                  27
                  61
                 101
            50000000
            50000000
            50000000
            50000000
            50000000
            50000000
            50000000
            50000000
                  71
            50000000
            50000000
                   0
            50000000
            50000000
            50000000
            50000000
                 101
            50000000
                  12
            50000000
            50000000
            50000000
            50000000
                 107
            50000000
                  55
            50000000
            50000000
                   0
            50000000
                 106
                  80
            50000000
            50000000
                 132
            50000000
            50000000
            50000000
            50000000
            50000000
                  49
            50000000
            50000000
            50000000
                  89
                   0
            50000000
            50000000
            50000000
            50000000
            50000000
            50000000
            50000000
            50000000
                 128
            50000000
            50000000
            50000000
            50000000
                  72
                 106
            50000000
                   0
            50000000
            50000000
            50000000
            50000000
            50000000
                  75
            50000000
            50000000
            50000000
            50000000
            50000000
            50000000
            50000000
            50000000
            50000000
            50000000
                   0
            50000000
                 127
            50000000
            50000000
                 127
            50000000
                 157
            50000000
            50000000
            50000000
            50000000
            50000000
            50000000
            50000000
            50000000
            50000000
                   0
            50000000
            50000000
            50000000
            50000000
            50000000
            50000000
            50000000
                  32
            50000000
            50000000
            50000000
            50000000
                 135
            50000000
            50000000
                  89
                   0
            50000000
            50000000
            50000000
            50000000
            50000000
            50000000
                  67
            50000000
            50000000
            50000000
                 132
            50000000
                  64
                 138
            50000000
            50000000
                   0
            50000000
            50000000
            50000000
            50000000
            50000000
            50000000
                 142
            50000000
            50000000
            50000000
                  95
            50000000
            50000000
            50000000
            50000000
                  75
                   0
                  70
                 101
                  66
            50000000
            50000000
            50000000
            50000000
                 125
            50000000
            50000000
            50000000
            50000000
            50000000
                  51
            50000000
            50000000
                   0
                  75
            50000000
                  53
                  24
            50000000
            50000000
            50000000
                  39
            50000000
            50000000
            50000000
            50000000
            50000000
            50000000
            50000000
            50000000
                   0
            50000000
                  23
            50000000
            50000000
            50000000
            50000000
            50000000
            50000000
            50000000
            50000000
                  37
            50000000
            50000000
            50000000
            50000000
            50000000
                   0
            50000000
            50000000
            50000000
            50000000
            50000000
            50000000
            50000000
                  91
            50000000
                  72
            50000000
            50000000
            50000000
            50000000
            50000000
                  83
                   0
                  40
                  87
            50000000
                 102
                  49
            50000000
            50000000
                 112
            50000000
                  67
                 102
                  58
            50000000
            50000000
            50000000
                  40
                   0
                 135
                 116
            50000000
                  97
            50000000
            50000000
            50000000
            50000000
            50000000
                 152
            50000000
                 145
            50000000
            50000000
            50000000
            50000000
 Fixed Cost Component, Cij
                   0
                 438
                   0
                 165
                   0
                 438
                   0
                 333
                   0
                   0
                   0
                   0
                   0
                   0
                   0
                 261
                   0
                   0
                   0
                 279
                  81
                 183
                 303
                   0
                   0
                   0
                   0
                   0
                   0
                   0
                   0
                 213
                   0
                   0
                   0
                   0
                   0
                   0
                   0
                 303
                   0
                  36
                   0
                   0
                   0
                   0
                 321
                   0
                 165
                   0
                   0
                   0
                   0
                 318
                 240
                   0
                   0
                 396
                   0
                   0
                   0
                   0
                   0
                 147
                   0
                   0
                   0
                 267
                   0
                   0
                   0
                   0
                   0
                   0
                   0
                   0
                   0
                 384
                   0
                   0
                   0
                   0
                 216
                 318
                   0
                   0
                   0
                   0
                   0
                   0
                   0
                 225
                   0
                   0
                   0
                   0
                   0
                   0
                   0
                   0
                   0
                   0
                   0
                   0
                 381
                   0
                   0
                 381
                   0
                 471
                   0
                   0
                   0
                   0
                   0
                   0
                   0
                   0
                   0
                   0
                   0
                   0
                   0
                   0
                   0
                   0
                   0
                  96
                   0
                   0
                   0
                   0
                 405
                   0
                   0
                 267
                   0
                   0
                   0
                   0
                   0
                   0
                   0
                 201
                   0
                   0
                   0
                 396
                   0
                 192
                 414
                   0
                   0
                   0
                   0
                   0
                   0
                   0
                   0
                   0
                 426
                   0
                   0
                   0
                 285
                   0
                   0
                   0
                   0
                 225
                   0
                 210
                 303
                 198
                   0
                   0
                   0
                   0
                 375
                   0
                   0
                   0
                   0
                   0
                 153
                   0
                   0
                   0
                 225
                   0
                 159
                  72
                   0
                   0
                   0
                 117
                   0
                   0
                   0
                   0
                   0
                   0
                   0
                   0
                   0
                   0
                  69
                   0
                   0
                   0
                   0
                   0
                   0
                   0
                   0
                 111
                   0
                   0
                   0
                   0
                   0
                   0
                   0
                   0
                   0
                   0
                   0
                   0
                   0
                 273
                   0
                 216
                   0
                   0
                   0
                   0
                   0
                 249
                   0
                 120
                 261
                   0
                 306
                 147
                   0
                   0
                 336
                   0
                 201
                 306
                 174
                   0
                   0
                   0
                 120
                   0
                 405
                 348
                   0
                 291
                   0
                   0
                   0
                   0
                   0
                 456
                   0
                 435
                   0
                   0
                   0
                   0