          17
           6
           6
           9
           9
           4
           6
           5
           8
           2
           9
           6
           1
           7
           3
           1
           9
 1st Variable Cost Component, Aij
                   0
                   0
                   0
                   0
                   0
                   8
                   0
                   3
                   0
                   0
                   0
                   0
                   4
                   5
                   0
                   0
                   0
                   0
                   0
                   0
                   9
                   0
                   0
                   0
                   0
                   0
                   0
                   0
                   8
                   0
                   0
                   0
                   0
                   0
                   0
                   0
                   0
                   0
                   2
                   0
                   0
                   0
                   8
                   0
                   0
                   0
                   0
                   0
                   0
                   0
                   0
                   0
                   0
                   0
                   0
                   0
                   0
                  10
                   0
                   0
                   0
                   0
                   0
                   0
                   0
                   0
                   0
                   0
                   0
                   0
                   0
                   0
                   0
                   0
                   0
                   4
                   0
                   0
                   3
                   0
                   0
                   7
                   0
                   7
                   3
                   0
                   0
                   0
                   0
                   0
                   0
                   0
                   0
                   0
                   0
                   0
                   7
                   0
                   0
                   3
                   0
                   0
                   0
                   0
                   0
                   0
                   0
                   2
                   3
                   0
                   0
                  10
                   0
                   0
                   0
                   0
                   0
                   5
                   0
                   0
                   0
                   7
                   0
                   5
                   0
                   0
                   8
                   0
                   4
                   7
                   0
                   2
                   0
                   0
                   0
                   0
                   0
                   0
                   6
                   0
                   0
                   0
                   6
                   0
                   0
                   0
                   9
                   0
                   0
                   0
                   0
                   7
                   0
                   0
                   0
                   0
                   9
                   0
                   9
                   0
                   0
                   0
                   0
                   0
                   0
                   0
                   0
                   0
                   0
                   0
                   0
                   0
                   0
                   0
                   0
                   0
                   0
                   0
                   3
                   0
                   0
                   0
                   0
                   0
                   2
                  10
                   0
                   0
                   0
                   6
                   0
                   0
                   0
                   0
                   0
                   0
                   0
                   0
                   3
                   0
                   1
                   0
                   7
                   0
                   0
                   0
                   0
                   0
                   0
                   0
                   0
                   0
                   5
                   0
                   0
                   1
                   0
                   0
                   0
                   6
                   4
                   0
                   0
                   0
                  10
                  12
                   0
                   0
                   0
                   0
                   4
                   0
                   0
                   0
                   0
                   0
                   0
                   0
                   0
                   0
                   0
                   0
                   0
                   0
                   0
                   0
                   0
                   0
                   0
                   0
                   2
                   0
                   0
                   0
                   0
                   0
                   0
                   0
                   0
                   0
                   7
                   0
                   0
                   0
                  10
                   0
                   0
                   9
                   0
                  12
                   0
                   0
 2nd Variable Cost Component, Bij
                   0
            50000000
            50000000
            50000000
            50000000
                 102
            50000000
                  45
            50000000
            50000000
            50000000
            50000000
                  47
                  65
            50000000
            50000000
            50000000
                   0
            50000000
            50000000
                 106
            50000000
            50000000
            50000000
            50000000
            50000000
            50000000
            50000000
                  92
            50000000
            50000000
            50000000
            50000000
            50000000
                   0
            50000000
            50000000
            50000000
                  24
            50000000
            50000000
            50000000
                  95
            50000000
            50000000
            50000000
            50000000
            50000000
            50000000
            50000000
            50000000
                   0
            50000000
            50000000
            50000000
            50000000
            50000000
                 123
            50000000
            50000000
            50000000
            50000000
            50000000
            50000000
            50000000
            50000000
            50000000
            50000000
                   0
            50000000
            50000000
            50000000
            50000000
            50000000
            50000000
                  46
            50000000
            50000000
                  40
            50000000
            50000000
                  88
            50000000
                  85
                  39
                   0
            50000000
            50000000
            50000000
            50000000
            50000000
            50000000
            50000000
            50000000
            50000000
            50000000
                  83
            50000000
            50000000
                  45
            50000000
            50000000
                   0
            50000000
            50000000
            50000000
            50000000
                  24
                  40
            50000000
            50000000
                 115
            50000000
            50000000
            50000000
            50000000
            50000000
                  61
            50000000
                   0
            50000000
                  88
            50000000
                  58
            50000000
            50000000
                  99
            50000000
                  48
                  82
            50000000
                  25
            50000000
            50000000
            50000000
            50000000
                   0
            50000000
                  74
            50000000
            50000000
            50000000
                  74
            50000000
            50000000
            50000000
                 104
            50000000
            50000000
            50000000
            50000000
                  88
            50000000
                   0
            50000000
            50000000
                 109
            50000000
                 104
            50000000
            50000000
            50000000
            50000000
            50000000
            50000000
            50000000
            50000000
            50000000
            50000000
            50000000
                   0
            50000000
            50000000
            50000000
            50000000
            50000000
            50000000
            50000000
                  35
            50000000
            50000000
            50000000
            50000000
            50000000
                  27
                 118
            50000000
                   0
            50000000
                  70
            50000000
            50000000
            50000000
            50000000
            50000000
            50000000
            50000000
            50000000
                  40
            50000000
                  13
            50000000
                  86
            50000000
                   0
            50000000
            50000000
            50000000
            50000000
            50000000
            50000000
            50000000
                  58
            50000000
            50000000
                  20
            50000000
            50000000
            50000000
                  70
                  55
                   0
            50000000
            50000000
                 120
                 145
            50000000
            50000000
            50000000
            50000000
                  48
            50000000
            50000000
            50000000
            50000000
            50000000
            50000000
            50000000
                   0
            50000000
            50000000
            50000000
            50000000
            50000000
            50000000
            50000000
            50000000
            50000000
            50000000
            50000000
                  29
            50000000
            50000000
            50000000
            50000000
                   0
            50000000
            50000000
            50000000
            50000000
                  81
            50000000
            50000000
            50000000
                 116
            50000000
            50000000
                 104
            50000000
                 138
            50000000
            50000000
 Fixed Cost Component, Cij
                   0
                   0
                   0
                   0
                   0
                  56
                   0
                  24
                   0
                   0
                   0
                   0
                  25
                  35
                   0
                   0
                   0
                   0
                   0
                   0
                  58
                   0
                   0
                   0
                   0
                   0
                   0
                   0
                  50
                   0
                   0
                   0
                   0
                   0
                   0
                   0
                   0
                   0
                  13
                   0
                   0
                   0
                  52
                   0
                   0
                   0
                   0
                   0
                   0
                   0
                   0
                   0
                   0
                   0
                   0
                   0
                   0
                  67
                   0
                   0
                   0
                   0
                   0
                   0
                   0
                   0
                   0
                   0
                   0
                   0
                   0
                   0
                   0
                   0
                   0
                  25
                   0
                   0
                  22
                   0
                   0
                  48
                   0
                  46
                  21
                   0
                   0
                   0
                   0
                   0
                   0
                   0
                   0
                   0
                   0
                   0
                  45
                   0
                   0
                  24
                   0
                   0
                   0
                   0
                   0
                   0
                   0
                  13
                  22
                   0
                   0
                  63
                   0
                   0
                   0
                   0
                   0
                  33
                   0
                   0
                   0
                  48
                   0
                  31
                   0
                   0
                  54
                   0
                  26
                  45
                   0
                  13
                   0
                   0
                   0
                   0
                   0
                   0
                  40
                   0
                   0
                   0
                  40
                   0
                   0
                   0
                  57
                   0
                   0
                   0
                   0
                  48
                   0
                   0
                   0
                   0
                  59
                   0
                  57
                   0
                   0
                   0
                   0
                   0
                   0
                   0
                   0
                   0
                   0
                   0
                   0
                   0
                   0
                   0
                   0
                   0
                   0
                   0
                  19
                   0
                   0
                   0
                   0
                   0
                  14
                  64
                   0
                   0
                   0
                  38
                   0
                   0
                   0
                   0
                   0
                   0
                   0
                   0
                  22
                   0
                   7
                   0
                  47
                   0
                   0
                   0
                   0
                   0
                   0
                   0
                   0
                   0
                  31
                   0
                   0
                  11
                   0
                   0
                   0
                  38
                  30
                   0
                   0
                   0
                  66
                  79
                   0
                   0
                   0
                   0
                  26
                   0
                   0
                   0
                   0
                   0
                   0
                   0
                   0
                   0
                   0
                   0
                   0
                   0
                   0
                   0
                   0
                   0
                   0
                   0
                  15
                   0
                   0
                   0
                   0
                   0
                   0
                   0
                   0
                   0
                  44
                   0
                   0
                   0
                  63
                   0
                   0
                  57
                   0
                  75
                   0
                   0