          17
           1
           2
           4
           5
           3
           8
           9
           8
           4
           4
           4
           6
          10
           2
           5
           3
 1st Variable Cost Component, Aij
                   0
                   0
                   0
                   0
                   0
                   0
                   0
                   0
                   0
                   0
                   0
                   0
                   0
                   0
                   0
                   5
                   0
                   0
                   0
                   0
                   0
                   0
                   0
                   0
                   0
                   0
                   7
                   0
                   0
                   0
                   0
                   0
                   0
                   9
                   0
                   0
                   0
                   0
                   0
                   0
                   7
                   0
                   0
                  10
                   0
                   0
                   0
                   0
                   0
                   0
                   0
                   0
                   0
                   0
                   0
                   0
                   0
                   0
                   0
                   0
                   0
                   0
                   0
                   0
                   0
                   0
                   0
                   0
                   0
                   6
                   0
                   0
                  15
                   0
                   0
                   0
                   5
                  11
                   0
                   0
                   4
                   0
                   0
                   0
                   0
                   0
                   0
                   0
                   0
                   0
                   9
                   0
                   0
                  12
                   0
                   0
                   0
                   0
                   0
                   0
                   0
                   0
                   0
                   8
                   0
                   0
                   0
                   0
                   0
                   0
                   0
                   0
                   0
                   0
                   0
                   8
                  17
                  13
                   0
                   0
                   0
                   0
                   0
                   0
                  12
                   0
                   0
                   0
                   0
                   7
                   0
                   0
                   0
                   0
                   7
                   0
                   0
                   2
                   4
                   0
                  10
                   9
                  14
                   0
                   0
                   0
                   0
                   0
                   0
                   0
                   0
                   0
                   2
                   0
                   0
                   0
                   0
                   0
                   0
                   0
                   0
                   0
                   0
                   0
                   0
                   0
                   0
                   0
                   0
                   0
                   0
                   0
                   0
                   0
                   0
                   0
                   0
                   5
                   0
                   0
                   0
                   0
                   7
                   4
                   0
                   0
                   0
                   0
                   0
                   0
                   0
                   0
                   0
                   0
                   0
                   0
                   0
                   0
                   0
                  12
                   0
                   0
                   0
                   0
                   0
                   0
                   0
                   0
                   0
                   0
                   0
                   0
                  11
                   0
                   0
                   0
                   0
                   0
                   0
                   0
                   0
                   0
                   0
                   0
                   0
                   0
                   0
                   0
                   0
                   8
                   0
                  15
                   0
                   0
                   0
                   0
                   0
                   8
                   0
                   0
                   0
                   0
                   0
                   0
                   0
                   8
                   7
                   0
                   0
                   0
                   0
                   9
                   0
                   5
                   0
                   0
                   0
                   9
                  14
                   0
                   0
                   0
                   9
                   0
                   0
                   0
                   0
                   0
                   0
                   0
                   4
                   7
 2nd Variable Cost Component, Bij
                   0
            50000000
            50000000
            50000000
            50000000
            50000000
            50000000
            50000000
            50000000
            50000000
            50000000
            50000000
            50000000
            50000000
            50000000
                  58
            50000000
                   0
            50000000
            50000000
            50000000
            50000000
            50000000
            50000000
            50000000
            50000000
                  76
            50000000
            50000000
            50000000
            50000000
            50000000
            50000000
                  89
                   0
            50000000
            50000000
            50000000
            50000000
            50000000
                  75
            50000000
            50000000
                 100
            50000000
            50000000
            50000000
            50000000
            50000000
            50000000
            50000000
                   0
            50000000
            50000000
            50000000
            50000000
            50000000
            50000000
            50000000
            50000000
            50000000
            50000000
            50000000
            50000000
            50000000
            50000000
            50000000
            50000000
                   0
                  64
            50000000
            50000000
                 155
            50000000
            50000000
            50000000
                  52
                 116
            50000000
            50000000
                  48
            50000000
            50000000
            50000000
            50000000
                   0
            50000000
            50000000
            50000000
            50000000
                  92
            50000000
            50000000
                 121
            50000000
            50000000
            50000000
            50000000
            50000000
            50000000
            50000000
            50000000
                   0
                  87
            50000000
            50000000
            50000000
            50000000
            50000000
            50000000
            50000000
            50000000
            50000000
            50000000
            50000000
                  81
                 168
                 132
            50000000
                   0
            50000000
            50000000
            50000000
            50000000
                 117
            50000000
            50000000
            50000000
            50000000
                  73
            50000000
            50000000
            50000000
            50000000
                  73
            50000000
                   0
                  21
                  43
            50000000
                 105
                  91
                 140
            50000000
            50000000
            50000000
            50000000
            50000000
            50000000
            50000000
            50000000
            50000000
                  21
                   0
            50000000
            50000000
            50000000
            50000000
            50000000
            50000000
            50000000
            50000000
            50000000
            50000000
            50000000
            50000000
            50000000
            50000000
            50000000
            50000000
                   0
            50000000
            50000000
            50000000
            50000000
            50000000
            50000000
                  54
            50000000
            50000000
            50000000
            50000000
                  71
                  40
            50000000
            50000000
            50000000
                   0
            50000000
            50000000
            50000000
            50000000
            50000000
            50000000
            50000000
            50000000
            50000000
            50000000
            50000000
                 117
            50000000
            50000000
            50000000
            50000000
                   0
            50000000
            50000000
            50000000
            50000000
            50000000
            50000000
            50000000
                 116
            50000000
            50000000
            50000000
            50000000
            50000000
            50000000
            50000000
            50000000
                   0
            50000000
            50000000
            50000000
            50000000
            50000000
            50000000
            50000000
                  84
            50000000
                 151
            50000000
            50000000
            50000000
            50000000
            50000000
                  82
                   0
            50000000
            50000000
            50000000
            50000000
            50000000
            50000000
                  85
                  70
            50000000
            50000000
            50000000
            50000000
                  89
            50000000
                  55
            50000000
                   0
            50000000
                  94
                 146
            50000000
            50000000
            50000000
                  95
            50000000
            50000000
            50000000
            50000000
            50000000
            50000000
            50000000
                  47
                  70
 Fixed Cost Component, Cij
                   0
                   0
                   0
                   0
                   0
                   0
                   0
                   0
                   0
                   0
                   0
                   0
                   0
                   0
                   0
                 319
                   0
                   0
                   0
                   0
                   0
                   0
                   0
                   0
                   0
                   0
                 418
                   0
                   0
                   0
                   0
                   0
                   0
                 489
                   0
                   0
                   0
                   0
                   0
                   0
                 412
                   0
                   0
                 550
                   0
                   0
                   0
                   0
                   0
                   0
                   0
                   0
                   0
                   0
                   0
                   0
                   0
                   0
                   0
                   0
                   0
                   0
                   0
                   0
                   0
                   0
                   0
                   0
                   0
                 352
                   0
                   0
                 852
                   0
                   0
                   0
                 286
                 638
                   0
                   0
                 264
                   0
                   0
                   0
                   0
                   0
                   0
                   0
                   0
                   0
                 506
                   0
                   0
                 665
                   0
                   0
                   0
                   0
                   0
                   0
                   0
                   0
                   0
                 478
                   0
                   0
                   0
                   0
                   0
                   0
                   0
                   0
                   0
                   0
                   0
                 445
                 924
                 726
                   0
                   0
                   0
                   0
                   0
                   0
                 643
                   0
                   0
                   0
                   0
                 401
                   0
                   0
                   0
                   0
                 401
                   0
                   0
                 115
                 236
                   0
                 577
                 500
                 770
                   0
                   0
                   0
                   0
                   0
                   0
                   0
                   0
                   0
                 115
                   0
                   0
                   0
                   0
                   0
                   0
                   0
                   0
                   0
                   0
                   0
                   0
                   0
                   0
                   0
                   0
                   0
                   0
                   0
                   0
                   0
                   0
                   0
                   0
                 297
                   0
                   0
                   0
                   0
                 390
                 220
                   0
                   0
                   0
                   0
                   0
                   0
                   0
                   0
                   0
                   0
                   0
                   0
                   0
                   0
                   0
                 643
                   0
                   0
                   0
                   0
                   0
                   0
                   0
                   0
                   0
                   0
                   0
                   0
                 638
                   0
                   0
                   0
                   0
                   0
                   0
                   0
                   0
                   0
                   0
                   0
                   0
                   0
                   0
                   0
                   0
                 462
                   0
                 830
                   0
                   0
                   0
                   0
                   0
                 451
                   0
                   0
                   0
                   0
                   0
                   0
                   0
                 467
                 385
                   0
                   0
                   0
                   0
                 489
                   0
                 302
                   0
                   0
                   0
                 517
                 803
                   0
                   0
                   0
                 522
                   0
                   0
                   0
                   0
                   0
                   0
                   0
                 258
                 385