          17
           3
           2
           9
           1
           2
          10
           6
           4
           8
           8
           9
           7
           4
           1
           9
           1
 1st Variable Cost Component, Aij
                   0
                   0
                   0
                   0
                   5
                   0
                   0
                   0
                   0
                   0
                   0
                   0
                   0
                   0
                   0
                   0
                   0
                   0
                   0
                   0
                   0
                   0
                   0
                   0
                  16
                   0
                   0
                   0
                   0
                  14
                   0
                   0
                   0
                   0
                   0
                   0
                   0
                   0
                   0
                   0
                   0
                   0
                   0
                  13
                   0
                   0
                   0
                   0
                   0
                   0
                   0
                   0
                   0
                   0
                   0
                   0
                   0
                   4
                   0
                   0
                   0
                   0
                   5
                   0
                   0
                   0
                  11
                   8
                   0
                   0
                   0
                  10
                   0
                   0
                   0
                   0
                   0
                   0
                   0
                   0
                   0
                   0
                   0
                  11
                  11
                   0
                   0
                   0
                   0
                   0
                   0
                   0
                   1
                  12
                   5
                   6
                   0
                   0
                   0
                   8
                   0
                   2
                   0
                   0
                   0
                   0
                   0
                   6
                   0
                   0
                   0
                   6
                   7
                   0
                   0
                   0
                  10
                   0
                   0
                   0
                  13
                   0
                   0
                   0
                   0
                   0
                   0
                   0
                   0
                   0
                   0
                   0
                   0
                   0
                  11
                   0
                   0
                   3
                   7
                   0
                   0
                   3
                   0
                   0
                   0
                  12
                   0
                   0
                   0
                   0
                   8
                   0
                   0
                   0
                   4
                   0
                   0
                   0
                   0
                   0
                   0
                   0
                   7
                   0
                   5
                   6
                   3
                   0
                   7
                   0
                   0
                   0
                   0
                   0
                   0
                   0
                   0
                   0
                  13
                   0
                   0
                   6
                   0
                   0
                  11
                   9
                   6
                   0
                   0
                   8
                   8
                   1
                   0
                   0
                   0
                   0
                   0
                   0
                   0
                   0
                   0
                   0
                   0
                   0
                   0
                  11
                   0
                   0
                   0
                   0
                   0
                   0
                   0
                   0
                  10
                   0
                   0
                   0
                   0
                   0
                   0
                   0
                   0
                   9
                   0
                   0
                   0
                   5
                   0
                   0
                   0
                   0
                   0
                   0
                   0
                   0
                   0
                   0
                   0
                   0
                   0
                   0
                   0
                  12
                   0
                   0
                   0
                   0
                  12
                   0
                   0
                   0
                   0
                   0
                   0
                   0
                   0
                   0
                   2
                   0
                   0
                  14
                   0
                  13
                  11
                   0
                  10
                   0
                   0
                   0
                   0
                   0
 2nd Variable Cost Component, Bij
                   0
            50000000
            50000000
            50000000
                  53
            50000000
            50000000
            50000000
            50000000
            50000000
            50000000
            50000000
            50000000
            50000000
            50000000
            50000000
            50000000
                   0
            50000000
            50000000
            50000000
            50000000
            50000000
            50000000
                 169
            50000000
            50000000
            50000000
            50000000
                 154
            50000000
            50000000
            50000000
            50000000
                   0
            50000000
            50000000
            50000000
            50000000
            50000000
            50000000
            50000000
            50000000
                 146
            50000000
            50000000
            50000000
            50000000
            50000000
            50000000
            50000000
                   0
            50000000
            50000000
            50000000
            50000000
            50000000
                  50
            50000000
            50000000
            50000000
            50000000
                  62
            50000000
            50000000
            50000000
                 116
                  91
                   0
            50000000
            50000000
                 115
            50000000
            50000000
            50000000
            50000000
            50000000
                  10
            50000000
            50000000
            50000000
            50000000
            50000000
                 117
                 121
                   0
            50000000
            50000000
            50000000
            50000000
            50000000
            50000000
                  14
                 130
                  57
                  64
            50000000
            50000000
            50000000
                  87
            50000000
                  30
                   0
            50000000
            50000000
            50000000
            50000000
                  67
            50000000
            50000000
            50000000
                  66
                  82
            50000000
            50000000
            50000000
                 115
            50000000
            50000000
                   0
                 142
            50000000
            50000000
            50000000
            50000000
            50000000
            50000000
            50000000
            50000000
            50000000
            50000000
            50000000
            50000000
            50000000
                 123
            50000000
                   0
                  34
                  82
            50000000
            50000000
                  36
            50000000
            50000000
            50000000
                 136
            50000000
            50000000
            50000000
            50000000
                  91
            50000000
            50000000
                   0
                  51
            50000000
            50000000
            50000000
            50000000
            50000000
            50000000
            50000000
                  82
            50000000
                  61
                  69
                  41
            50000000
                  82
            50000000
                   0
            50000000
            50000000
            50000000
            50000000
            50000000
            50000000
            50000000
                 146
            50000000
            50000000
                  72
            50000000
            50000000
                 117
                  98
                  64
                   0
            50000000
                  84
                  91
                  17
            50000000
            50000000
            50000000
            50000000
            50000000
            50000000
            50000000
            50000000
            50000000
            50000000
            50000000
            50000000
                   0
                 123
            50000000
            50000000
            50000000
            50000000
            50000000
            50000000
            50000000
            50000000
                 105
            50000000
            50000000
            50000000
            50000000
            50000000
            50000000
                   0
            50000000
                 100
            50000000
            50000000
            50000000
                  62
            50000000
            50000000
            50000000
            50000000
            50000000
            50000000
            50000000
            50000000
            50000000
            50000000
                   0
            50000000
            50000000
            50000000
            50000000
                 134
            50000000
            50000000
            50000000
            50000000
                 133
            50000000
            50000000
            50000000
            50000000
            50000000
            50000000
                   0
            50000000
            50000000
                  31
            50000000
            50000000
                 154
            50000000
                 140
                 123
            50000000
                 113
            50000000
            50000000
            50000000
            50000000
            50000000
 Fixed Cost Component, Cij
                   0
                   0
                   0
                   0
                2915
                   0
                   0
                   0
                   0
                   0
                   0
                   0
                   0
                   0
                   0
                   0
                   0
                   0
                   0
                   0
                   0
                   0
                   0
                   0
                9295
                   0
                   0
                   0
                   0
                8470
                   0
                   0
                   0
                   0
                   0
                   0
                   0
                   0
                   0
                   0
                   0
                   0
                   0
                8030
                   0
                   0
                   0
                   0
                   0
                   0
                   0
                   0
                   0
                   0
                   0
                   0
                   0
                2750
                   0
                   0
                   0
                   0
                3410
                   0
                   0
                   0
                6380
                5005
                   0
                   0
                   0
                6325
                   0
                   0
                   0
                   0
                   0
                 550
                   0
                   0
                   0
                   0
                   0
                6435
                6655
                   0
                   0
                   0
                   0
                   0
                   0
                   0
                 770
                7150
                3135
                3520
                   0
                   0
                   0
                4785
                   0
                1650
                   0
                   0
                   0
                   0
                   0
                3685
                   0
                   0
                   0
                3630
                4510
                   0
                   0
                   0
                6325
                   0
                   0
                   0
                7810
                   0
                   0
                   0
                   0
                   0
                   0
                   0
                   0
                   0
                   0
                   0
                   0
                   0
                6765
                   0
                   0
                1870
                4510
                   0
                   0
                1980
                   0
                   0
                   0
                7480
                   0
                   0
                   0
                   0
                5005
                   0
                   0
                   0
                2805
                   0
                   0
                   0
                   0
                   0
                   0
                   0
                4510
                   0
                3355
                3795
                2255
                   0
                4510
                   0
                   0
                   0
                   0
                   0
                   0
                   0
                   0
                   0
                8030
                   0
                   0
                3960
                   0
                   0
                6435
                5390
                3520
                   0
                   0
                4620
                5005
                 935
                   0
                   0
                   0
                   0
                   0
                   0
                   0
                   0
                   0
                   0
                   0
                   0
                   0
                6765
                   0
                   0
                   0
                   0
                   0
                   0
                   0
                   0
                5775
                   0
                   0
                   0
                   0
                   0
                   0
                   0
                   0
                5500
                   0
                   0
                   0
                3410
                   0
                   0
                   0
                   0
                   0
                   0
                   0
                   0
                   0
                   0
                   0
                   0
                   0
                   0
                   0
                7370
                   0
                   0
                   0
                   0
                7315
                   0
                   0
                   0
                   0
                   0
                   0
                   0
                   0
                   0
                1705
                   0
                   0
                8470
                   0
                7700
                6765
                   0
                6215
                   0
                   0
                   0
                   0
                   0