          30
           1
           9
           6
           1
           3
           6
           3
           6
           8
           6
           8
           2
           1
           3
           8
           9
           6
           5
           2
          10
           1
           3
           3
           1
           1
           8
           4
           3
           2
 1st Variable Cost Component, Aij
                   0
                   0
                   0
                   0
                   8
                   0
                   0
                   0
                   0
                   0
                   0
                   0
                   0
                   0
                   0
                   0
                   0
                   0
                   0
                   0
                   0
                   0
                   0
                   0
                   0
                   0
                   9
                  16
                   0
                   0
                   0
                   0
                   0
                   0
                   0
                   0
                   0
                   0
                   0
                   0
                   0
                   0
                   0
                   0
                   0
                   0
                   0
                   0
                   0
                   0
                   0
                   0
                   0
                   0
                   0
                   0
                   0
                   0
                   0
                   0
                   0
                   0
                   0
                   0
                   0
                   0
                   0
                   0
                   0
                  11
                   0
                   0
                   3
                   0
                   0
                   0
                   0
                   0
                   0
                   7
                   0
                   0
                   6
                  12
                   5
                   0
                   0
                   0
                   0
                   0
                   0
                  12
                   0
                   0
                   0
                   0
                  15
                   0
                   0
                   0
                   0
                   5
                   0
                   0
                   4
                   7
                   0
                   0
                   0
                   0
                   0
                   0
                   0
                   0
                  16
                   0
                   0
                   0
                   0
                   0
                   0
                   0
                   0
                  16
                   0
                   4
                   0
                   0
                   6
                   0
                   0
                   0
                   0
                   0
                   8
                   0
                   0
                   0
                  13
                   0
                   0
                   0
                   0
                   0
                   0
                   0
                   0
                   0
                   6
                   0
                   0
                   0
                   0
                   0
                   0
                   0
                   0
                   0
                   0
                   0
                  17
                   0
                   0
                   9
                   0
                   0
                   0
                   0
                  12
                  12
                   0
                   0
                   0
                   0
                   0
                   0
                   0
                   0
                   0
                   0
                   0
                   0
                  12
                   0
                   0
                   0
                   0
                   0
                   0
                   0
                   6
                   0
                   0
                   0
                   0
                   0
                  14
                   0
                   0
                   0
                   3
                   0
                   0
                   0
                   0
                   0
                   0
                   0
                   0
                   0
                   0
                   0
                   0
                   0
                   0
                   0
                   0
                   0
                   0
                   0
                   0
                   0
                   0
                   4
                   0
                   0
                   0
                   0
                   0
                   0
                   0
                   0
                   0
                   0
                   8
                   0
                   0
                   0
                   0
                   0
                   0
                   0
                   0
                   0
                   0
                   0
                   0
                   0
                   0
                   0
                  12
                   0
                   0
                   0
                   0
                   2
                   3
                   0
                   0
                   0
                   0
                   0
                   0
                   0
                   0
                   0
                   0
                   0
                  18
                   0
                   0
                   0
                   0
                   0
                   0
                   0
                   0
                   0
                  16
                   0
                   0
                  15
                   0
                  15
                   0
                   0
                  16
                   0
                   0
                   0
                   0
                   0
                   0
                  16
                   0
                   0
                   0
                   0
                   0
                   0
                   0
                   0
                   0
                  13
                  10
                   0
                   0
                  16
                  12
                   0
                   0
                   0
                   0
                   0
                   0
                   0
                   0
                  14
                   0
                   0
                   0
                   0
                   0
                   0
                   0
                   0
                   0
                   0
                  15
                  18
                   0
                   0
                   0
                   0
                   0
                   0
                   0
                   0
                   0
                   0
                   0
                   0
                   0
                   0
                   0
                   0
                   0
                   0
                   0
                   5
                   4
                   0
                   0
                  10
                   0
                   0
                   0
                   0
                  10
                   0
                   0
                   0
                   0
                   0
                   0
                  10
                   1
                   0
                   0
                   0
                   0
                   0
                   8
                   8
                   3
                   0
                   0
                   0
                  11
                   0
                   0
                   0
                   0
                   0
                   0
                   0
                   0
                   0
                   0
                   0
                   0
                   0
                   0
                   0
                   0
                   7
                   0
                   0
                   0
                   0
                   0
                   0
                   0
                   0
                   0
                   0
                   0
                   0
                   0
                   0
                   0
                   0
                   0
                   0
                   0
                   0
                   0
                   0
                   0
                   0
                   0
                   0
                   0
                   6
                   0
                   0
                   0
                   0
                   0
                   0
                   0
                   0
                   0
                   0
                   0
                   0
                   0
                   0
                  13
                   2
                   0
                   0
                   0
                   0
                   1
                   0
                   0
                   0
                   0
                   0
                   0
                   0
                   0
                   0
                   0
                   0
                  13
                   0
                   0
                   0
                   0
                   0
                   0
                   2
                  12
                   0
                   0
                   0
                   8
                   0
                   0
                   0
                   0
                   0
                   0
                   0
                   0
                   0
                   0
                   0
                   0
                   0
                   0
                   0
                  11
                   0
                   0
                   0
                   0
                   0
                   0
                   4
                   6
                   0
                   0
                   0
                   0
                   0
                   0
                   0
                   0
                   4
                   0
                   0
                   0
                   0
                   0
                   6
                   0
                   0
                   0
                   0
                  13
                   0
                   0
                   8
                   0
                   0
                   0
                   0
                  19
                   0
                   0
                   0
                   0
                   0
                   0
                   0
                   0
                   0
                   0
                   0
                   0
                   6
                   0
                   0
                   0
                   8
                   0
                   0
                   0
                   0
                   0
                   0
                   6
                   0
                   0
                   0
                   0
                   0
                   0
                   0
                   0
                   0
                  12
                   0
                  15
                   0
                   0
                   0
                   0
                   0
                   0
                   0
                   0
                   0
                   0
                   0
                   0
                   0
                   0
                   0
                   0
                   0
                   0
                   0
                   0
                   0
                   0
                   0
                   0
                   0
                   0
                   0
                   0
                   0
                   0
                   0
                   0
                   0
                   0
                   0
                   0
                   0
                   0
                   0
                   0
                   0
                   0
                   0
                   0
                   0
                   0
                   0
                   0
                   0
                   0
                   0
                   0
                   0
                   0
                   0
                   4
                   0
                   0
                  12
                  10
                   3
                   0
                   0
                   0
                   0
                   0
                   0
                  13
                   0
                   0
                   0
                  11
                   0
                   0
                   0
                   0
                   2
                   0
                   0
                   0
                   0
                   0
                   0
                   0
                   0
                  13
                   2
                   0
                   0
                   0
                   0
                   0
                   1
                   0
                   0
                   0
                   0
                   0
                   0
                   0
                   0
                   0
                   0
                   0
                   0
                   0
                   0
                   0
                   0
                  12
                   0
                   0
                   0
                   0
                   0
                  12
                   0
                   0
                   0
                   0
                   0
                   0
                   0
                   2
                   0
                   0
                   0
                   0
                   0
                   0
                   0
                   2
                   0
                   0
                   0
                   0
                   0
                   0
                   9
                   0
                   0
                   6
                   0
                   0
                   0
                  10
                   0
                   0
                   0
                   0
                   0
                   8
                   0
                   0
                   0
                   0
                   0
                   0
                   0
                   0
                   0
                   0
                   0
                   0
                  10
                   0
                   0
                   0
                  10
                  10
                   0
                   5
                   0
                   0
                   0
                   0
                  13
                   0
                   0
                   0
                   0
                   0
                   0
                   0
                   0
                   0
                   0
                   0
                   0
                   9
                   0
                  11
                   0
                   0
                   0
                   0
                   0
                   0
                   0
                   0
                   0
                   0
                   0
                   0
                   0
                   0
                   0
                   0
                   0
                   3
                   0
                   0
                   0
                   0
                   0
                   0
                   0
                   0
                   0
                   0
                   0
                   0
                   0
                   0
                   0
                   0
                   0
                   0
                   0
                   0
                   0
                   0
                   0
                   0
                  20
                   0
                   0
                  13
                   8
                   0
                   0
                  10
                   0
                   0
                   0
                   0
                   0
                   0
                   0
                   0
                   0
                   0
                   0
                   0
                   0
                   0
                   0
                   0
                   0
                   0
                   0
                   0
                   0
                   0
                   0
                   0
                   0
                   0
                   0
                   0
                   0
                   0
                   0
                   0
                   0
                   0
                   0
                   0
                   9
                   0
                  13
                   0
                   0
                   0
                   0
                   0
                   0
                   0
                   0
                   0
                   0
                   1
                   0
                   0
                   0
                   0
                  11
                  10
                  11
                   0
                   0
                   0
                   0
                   0
                   0
                   0
                   0
                   0
                   0
                   0
                   0
                  16
                   0
 2nd Variable Cost Component, Bij
                   0
            50000000
            50000000
            50000000
                  76
            50000000
            50000000
            50000000
            50000000
            50000000
            50000000
            50000000
            50000000
            50000000
            50000000
            50000000
            50000000
            50000000
            50000000
            50000000
            50000000
            50000000
            50000000
            50000000
            50000000
            50000000
                  88
                 148
            50000000
            50000000
                   0
            50000000
            50000000
            50000000
            50000000
            50000000
            50000000
            50000000
            50000000
            50000000
            50000000
            50000000
            50000000
            50000000
            50000000
            50000000
            50000000
            50000000
            50000000
            50000000
            50000000
            50000000
            50000000
            50000000
            50000000
            50000000
            50000000
            50000000
            50000000
            50000000
                   0
            50000000
            50000000
            50000000
            50000000
            50000000
            50000000
            50000000
            50000000
                 101
            50000000
            50000000
                  33
            50000000
            50000000
            50000000
            50000000
            50000000
            50000000
                  71
            50000000
            50000000
                  56
                 111
                  45
            50000000
            50000000
            50000000
            50000000
            50000000
                   0
                 110
            50000000
            50000000
            50000000
            50000000
                 136
            50000000
            50000000
            50000000
            50000000
                  52
            50000000
            50000000
                  40
                  71
            50000000
            50000000
            50000000
            50000000
            50000000
            50000000
            50000000
            50000000
                 144
            50000000
            50000000
            50000000
            50000000
            50000000
                   0
            50000000
            50000000
                 148
            50000000
                  38
            50000000
            50000000
                  57
            50000000
            50000000
            50000000
            50000000
            50000000
                  73
            50000000
            50000000
            50000000
                 122
            50000000
            50000000
            50000000
            50000000
            50000000
            50000000
            50000000
            50000000
            50000000
                  59
            50000000
                   0
            50000000
                   6
            50000000
            50000000
            50000000
            50000000
            50000000
            50000000
            50000000
                 154
            50000000
            50000000
                  82
            50000000
            50000000
            50000000
            50000000
                 111
                 109
            50000000
            50000000
            50000000
            50000000
            50000000
            50000000
            50000000
            50000000
            50000000
            50000000
                   0
            50000000
                 114
            50000000
            50000000
            50000000
            50000000
            50000000
            50000000
            50000000
                  60
            50000000
            50000000
            50000000
            50000000
            50000000
                 125
            50000000
            50000000
            50000000
                  30
            50000000
            50000000
            50000000
            50000000
            50000000
            50000000
            50000000
            50000000
            50000000
                   0
            50000000
            50000000
            50000000
            50000000
            50000000
            50000000
            50000000
            50000000
            50000000
            50000000
            50000000
            50000000
                  36
            50000000
            50000000
            50000000
            50000000
            50000000
            50000000
            50000000
            50000000
            50000000
            50000000
                  76
            50000000
            50000000
            50000000
            50000000
            50000000
                   0
            50000000
            50000000
            50000000
            50000000
            50000000
            50000000
            50000000
            50000000
            50000000
                 111
            50000000
            50000000
            50000000
            50000000
                  25
                  28
            50000000
            50000000
            50000000
            50000000
            50000000
            50000000
            50000000
            50000000
            50000000
            50000000
            50000000
                 164
            50000000
                   0
            50000000
            50000000
            50000000
            50000000
            50000000
            50000000
            50000000
                 146
            50000000
            50000000
                 137
            50000000
                 139
            50000000
            50000000
                 146
            50000000
            50000000
            50000000
            50000000
            50000000
            50000000
                 148
            50000000
            50000000
            50000000
            50000000
            50000000
            50000000
                   0
            50000000
            50000000
                 116
                  96
            50000000
            50000000
                 144
                 113
            50000000
            50000000
            50000000
            50000000
            50000000
            50000000
            50000000
            50000000
                 133
            50000000
            50000000
            50000000
            50000000
            50000000
            50000000
            50000000
            50000000
            50000000
            50000000
                 135
                 162
                   0
            50000000
            50000000
            50000000
            50000000
            50000000
            50000000
            50000000
            50000000
            50000000
            50000000
            50000000
            50000000
            50000000
            50000000
            50000000
            50000000
            50000000
            50000000
                  47
                  44
            50000000
            50000000
                  94
            50000000
            50000000
            50000000
            50000000
                  97
            50000000
                   0
            50000000
            50000000
            50000000
            50000000
                  94
                  17
            50000000
            50000000
            50000000
            50000000
            50000000
                  73
                  79
                  32
            50000000
            50000000
            50000000
                 106
            50000000
            50000000
            50000000
            50000000
            50000000
            50000000
            50000000
            50000000
            50000000
            50000000
            50000000
                   0
            50000000
            50000000
            50000000
            50000000
                  67
            50000000
            50000000
            50000000
            50000000
            50000000
            50000000
            50000000
            50000000
            50000000
            50000000
            50000000
            50000000
            50000000
            50000000
            50000000
            50000000
            50000000
            50000000
            50000000
            50000000
            50000000
            50000000
            50000000
            50000000
                   0
            50000000
            50000000
                  59
            50000000
            50000000
            50000000
            50000000
            50000000
            50000000
            50000000
            50000000
            50000000
            50000000
            50000000
            50000000
            50000000
            50000000
                 124
                  24
            50000000
            50000000
            50000000
            50000000
                  15
            50000000
            50000000
            50000000
            50000000
            50000000
                   0
            50000000
            50000000
            50000000
            50000000
            50000000
                 116
            50000000
            50000000
            50000000
            50000000
            50000000
            50000000
                  21
                 111
            50000000
            50000000
            50000000
                  73
            50000000
            50000000
            50000000
            50000000
            50000000
            50000000
            50000000
            50000000
            50000000
            50000000
            50000000
                   0
            50000000
            50000000
            50000000
                 104
            50000000
            50000000
            50000000
            50000000
            50000000
            50000000
                  37
                  60
            50000000
            50000000
            50000000
            50000000
            50000000
            50000000
            50000000
            50000000
                  39
            50000000
            50000000
            50000000
            50000000
            50000000
                  59
            50000000
            50000000
                   0
            50000000
                 117
            50000000
            50000000
                  78
            50000000
            50000000
            50000000
            50000000
                 172
            50000000
            50000000
            50000000
            50000000
            50000000
            50000000
            50000000
            50000000
            50000000
            50000000
            50000000
            50000000
                  56
            50000000
            50000000
            50000000
                  74
            50000000
            50000000
                   0
            50000000
            50000000
            50000000
                  61
            50000000
            50000000
            50000000
            50000000
            50000000
            50000000
            50000000
            50000000
            50000000
                 108
            50000000
                 139
            50000000
            50000000
            50000000
            50000000
            50000000
            50000000
            50000000
            50000000
            50000000
            50000000
            50000000
            50000000
            50000000
                   0
            50000000
            50000000
            50000000
            50000000
            50000000
            50000000
            50000000
            50000000
            50000000
            50000000
            50000000
            50000000
            50000000
            50000000
            50000000
            50000000
            50000000
            50000000
            50000000
            50000000
            50000000
            50000000
            50000000
            50000000
            50000000
            50000000
            50000000
            50000000
            50000000
                   0
            50000000
            50000000
            50000000
            50000000
            50000000
            50000000
            50000000
            50000000
            50000000
            50000000
            50000000
                  38
            50000000
            50000000
                 109
                  94
                  34
            50000000
            50000000
            50000000
            50000000
            50000000
            50000000
                 116
            50000000
            50000000
            50000000
                 101
            50000000
                   0
            50000000
            50000000
                  18
            50000000
            50000000
            50000000
            50000000
            50000000
            50000000
            50000000
            50000000
                 122
                  26
            50000000
            50000000
            50000000
            50000000
            50000000
                   9
            50000000
            50000000
            50000000
            50000000
            50000000
            50000000
            50000000
            50000000
            50000000
            50000000
                   0
            50000000
            50000000
            50000000
            50000000
            50000000
                 114
            50000000
            50000000
            50000000
            50000000
            50000000
                 111
            50000000
            50000000
            50000000
            50000000
            50000000
            50000000
            50000000
                  22
            50000000
            50000000
            50000000
            50000000
            50000000
            50000000
            50000000
                  18
            50000000
                   0
            50000000
            50000000
            50000000
            50000000
                  83
            50000000
            50000000
                  56
            50000000
            50000000
            50000000
                  94
            50000000
            50000000
            50000000
            50000000
            50000000
                  73
            50000000
            50000000
            50000000
            50000000
            50000000
            50000000
            50000000
            50000000
            50000000
            50000000
            50000000
                   0
                  95
            50000000
            50000000
            50000000
                  94
                  96
            50000000
                  48
            50000000
            50000000
            50000000
            50000000
                 120
            50000000
            50000000
            50000000
            50000000
            50000000
            50000000
            50000000
            50000000
            50000000
            50000000
            50000000
            50000000
                  86
            50000000
                  98
            50000000
                   0
            50000000
            50000000
            50000000
            50000000
            50000000
            50000000
            50000000
            50000000
            50000000
            50000000
            50000000
            50000000
            50000000
            50000000
            50000000
                  32
            50000000
            50000000
            50000000
            50000000
            50000000
            50000000
            50000000
            50000000
            50000000
            50000000
            50000000
            50000000
            50000000
                   0
            50000000
            50000000
            50000000
            50000000
            50000000
            50000000
            50000000
            50000000
            50000000
            50000000
                 180
            50000000
            50000000
                 116
                  80
            50000000
            50000000
                  89
            50000000
            50000000
            50000000
            50000000
            50000000
            50000000
            50000000
            50000000
            50000000
            50000000
            50000000
                   0
            50000000
            50000000
            50000000
            50000000
            50000000
            50000000
            50000000
            50000000
            50000000
            50000000
            50000000
            50000000
            50000000
            50000000
            50000000
            50000000
            50000000
            50000000
            50000000
            50000000
            50000000
            50000000
            50000000
            50000000
                  83
            50000000
                 122
            50000000
            50000000
                   0
            50000000
            50000000
            50000000
            50000000
            50000000
            50000000
            50000000
                   9
            50000000
            50000000
            50000000
            50000000
                 104
                  95
                 105
            50000000
            50000000
            50000000
            50000000
            50000000
            50000000
            50000000
            50000000
            50000000
            50000000
            50000000
            50000000
                 148
            50000000
 Fixed Cost Component, Cij
                   0
                   0
                   0
                   0
                 418
                   0
                   0
                   0
                   0
                   0
                   0
                   0
                   0
                   0
                   0
                   0
                   0
                   0
                   0
                   0
                   0
                   0
                   0
                   0
                   0
                   0
                 484
                 814
                   0
                   0
                   0
                   0
                   0
                   0
                   0
                   0
                   0
                   0
                   0
                   0
                   0
                   0
                   0
                   0
                   0
                   0
                   0
                   0
                   0
                   0
                   0
                   0
                   0
                   0
                   0
                   0
                   0
                   0
                   0
                   0
                   0
                   0
                   0
                   0
                   0
                   0
                   0
                   0
                   0
                 555
                   0
                   0
                 181
                   0
                   0
                   0
                   0
                   0
                   0
                 390
                   0
                   0
                 308
                 610
                 247
                   0
                   0
                   0
                   0
                   0
                   0
                 605
                   0
                   0
                   0
                   0
                 748
                   0
                   0
                   0
                   0
                 286
                   0
                   0
                 220
                 390
                   0
                   0
                   0
                   0
                   0
                   0
                   0
                   0
                 792
                   0
                   0
                   0
                   0
                   0
                   0
                   0
                   0
                 814
                   0
                 209
                   0
                   0
                 313
                   0
                   0
                   0
                   0
                   0
                 401
                   0
                   0
                   0
                 671
                   0
                   0
                   0
                   0
                   0
                   0
                   0
                   0
                   0
                 324
                   0
                   0
                   0
                  33
                   0
                   0
                   0
                   0
                   0
                   0
                   0
                 847
                   0
                   0
                 451
                   0
                   0
                   0
                   0
                 610
                 599
                   0
                   0
                   0
                   0
                   0
                   0
                   0
                   0
                   0
                   0
                   0
                   0
                 627
                   0
                   0
                   0
                   0
                   0
                   0
                   0
                 330
                   0
                   0
                   0
                   0
                   0
                 687
                   0
                   0
                   0
                 165
                   0
                   0
                   0
                   0
                   0
                   0
                   0
                   0
                   0
                   0
                   0
                   0
                   0
                   0
                   0
                   0
                   0
                   0
                   0
                   0
                   0
                   0
                 198
                   0
                   0
                   0
                   0
                   0
                   0
                   0
                   0
                   0
                   0
                 418
                   0
                   0
                   0
                   0
                   0
                   0
                   0
                   0
                   0
                   0
                   0
                   0
                   0
                   0
                   0
                 610
                   0
                   0
                   0
                   0
                 137
                 154
                   0
                   0
                   0
                   0
                   0
                   0
                   0
                   0
                   0
                   0
                   0
                 902
                   0
                   0
                   0
                   0
                   0
                   0
                   0
                   0
                   0
                 803
                   0
                   0
                 753
                   0
                 764
                   0
                   0
                 803
                   0
                   0
                   0
                   0
                   0
                   0
                 814
                   0
                   0
                   0
                   0
                   0
                   0
                   0
                   0
                   0
                 638
                 528
                   0
                   0
                 792
                 621
                   0
                   0
                   0
                   0
                   0
                   0
                   0
                   0
                 731
                   0
                   0
                   0
                   0
                   0
                   0
                   0
                   0
                   0
                   0
                 742
                 891
                   0
                   0
                   0
                   0
                   0
                   0
                   0
                   0
                   0
                   0
                   0
                   0
                   0
                   0
                   0
                   0
                   0
                   0
                   0
                 258
                 242
                   0
                   0
                 517
                   0
                   0
                   0
                   0
                 533
                   0
                   0
                   0
                   0
                   0
                   0
                 517
                  93
                   0
                   0
                   0
                   0
                   0
                 401
                 434
                 176
                   0
                   0
                   0
                 583
                   0
                   0
                   0
                   0
                   0
                   0
                   0
                   0
                   0
                   0
                   0
                   0
                   0
                   0
                   0
                   0
                 368
                   0
                   0
                   0
                   0
                   0
                   0
                   0
                   0
                   0
                   0
                   0
                   0
                   0
                   0
                   0
                   0
                   0
                   0
                   0
                   0
                   0
                   0
                   0
                   0
                   0
                   0
                   0
                 324
                   0
                   0
                   0
                   0
                   0
                   0
                   0
                   0
                   0
                   0
                   0
                   0
                   0
                   0
                 682
                 132
                   0
                   0
                   0
                   0
                  82
                   0
                   0
                   0
                   0
                   0
                   0
                   0
                   0
                   0
                   0
                   0
                 638
                   0
                   0
                   0
                   0
                   0
                   0
                 115
                 610
                   0
                   0
                   0
                 401
                   0
                   0
                   0
                   0
                   0
                   0
                   0
                   0
                   0
                   0
                   0
                   0
                   0
                   0
                   0
                 572
                   0
                   0
                   0
                   0
                   0
                   0
                 203
                 330
                   0
                   0
                   0
                   0
                   0
                   0
                   0
                   0
                 214
                   0
                   0
                   0
                   0
                   0
                 324
                   0
                   0
                   0
                   0
                 643
                   0
                   0
                 429
                   0
                   0
                   0
                   0
                 946
                   0
                   0
                   0
                   0
                   0
                   0
                   0
                   0
                   0
                   0
                   0
                   0
                 308
                   0
                   0
                   0
                 407
                   0
                   0
                   0
                   0
                   0
                   0
                 335
                   0
                   0
                   0
                   0
                   0
                   0
                   0
                   0
                   0
                 594
                   0
                 764
                   0
                   0
                   0
                   0
                   0
                   0
                   0
                   0
                   0
                   0
                   0
                   0
                   0
                   0
                   0
                   0
                   0
                   0
                   0
                   0
                   0
                   0
                   0
                   0
                   0
                   0
                   0
                   0
                   0
                   0
                   0
                   0
                   0
                   0
                   0
                   0
                   0
                   0
                   0
                   0
                   0
                   0
                   0
                   0
                   0
                   0
                   0
                   0
                   0
                   0
                   0
                   0
                   0
                   0
                   0
                 209
                   0
                   0
                 599
                 517
                 187
                   0
                   0
                   0
                   0
                   0
                   0
                 638
                   0
                   0
                   0
                 555
                   0
                   0
                   0
                   0
                  99
                   0
                   0
                   0
                   0
                   0
                   0
                   0
                   0
                 671
                 143
                   0
                   0
                   0
                   0
                   0
                  49
                   0
                   0
                   0
                   0
                   0
                   0
                   0
                   0
                   0
                   0
                   0
                   0
                   0
                   0
                   0
                   0
                 627
                   0
                   0
                   0
                   0
                   0
                 610
                   0
                   0
                   0
                   0
                   0
                   0
                   0
                 121
                   0
                   0
                   0
                   0
                   0
                   0
                   0
                  99
                   0
                   0
                   0
                   0
                   0
                   0
                 456
                   0
                   0
                 308
                   0
                   0
                   0
                 517
                   0
                   0
                   0
                   0
                   0
                 401
                   0
                   0
                   0
                   0
                   0
                   0
                   0
                   0
                   0
                   0
                   0
                   0
                 522
                   0
                   0
                   0
                 517
                 528
                   0
                 264
                   0
                   0
                   0
                   0
                 660
                   0
                   0
                   0
                   0
                   0
                   0
                   0
                   0
                   0
                   0
                   0
                   0
                 473
                   0
                 539
                   0
                   0
                   0
                   0
                   0
                   0
                   0
                   0
                   0
                   0
                   0
                   0
                   0
                   0
                   0
                   0
                   0
                 176
                   0
                   0
                   0
                   0
                   0
                   0
                   0
                   0
                   0
                   0
                   0
                   0
                   0
                   0
                   0
                   0
                   0
                   0
                   0
                   0
                   0
                   0
                   0
                   0
                 990
                   0
                   0
                 638
                 440
                   0
                   0
                 489
                   0
                   0
                   0
                   0
                   0
                   0
                   0
                   0
                   0
                   0
                   0
                   0
                   0
                   0
                   0
                   0
                   0
                   0
                   0
                   0
                   0
                   0
                   0
                   0
                   0
                   0
                   0
                   0
                   0
                   0
                   0
                   0
                   0
                   0
                   0
                   0
                 456
                   0
                 671
                   0
                   0
                   0
                   0
                   0
                   0
                   0
                   0
                   0
                   0
                  49
                   0
                   0
                   0
                   0
                 572
                 522
                 577
                   0
                   0
                   0
                   0
                   0
                   0
                   0
                   0
                   0
                   0
                   0
                   0
                 814
                   0