          30
           2
           1
           4
           5
           8
           9
           9
           6
           9
           5
           9
           5
           6
           6
           6
           4
           5
           3
           2
           2
           9
           6
           4
           1
           6
           8
           1
           8
           2
 1st Variable Cost Component, Aij
                   0
                   0
                   0
                   0
                   0
                   0
                   0
                   0
                  15
                   0
                   0
                   0
                   0
                   0
                   0
                   0
                   0
                   0
                  11
                   0
                   0
                   0
                   0
                   0
                   0
                  16
                   0
                   0
                   0
                  10
                   0
                   0
                   0
                   0
                   0
                   7
                   0
                   0
                   0
                   8
                   3
                   0
                   0
                   0
                  14
                   0
                   0
                   0
                   0
                   0
                   0
                   0
                   0
                   0
                   0
                   0
                   0
                   0
                   0
                  17
                   0
                   0
                   0
                   0
                   0
                   0
                   0
                   0
                   0
                   0
                   0
                   0
                   0
                   0
                   0
                   0
                  12
                   0
                   0
                   0
                   0
                   0
                   0
                   0
                   0
                  11
                   0
                   0
                   0
                   0
                   0
                   0
                   0
                   0
                   0
                   0
                   0
                   0
                   0
                   0
                   0
                   0
                   0
                   0
                   0
                   0
                   0
                   0
                   0
                   0
                   0
                   0
                   0
                   0
                   0
                   0
                   0
                   0
                   0
                   0
                   0
                   0
                   0
                   0
                   0
                   0
                   7
                   0
                   0
                   0
                   0
                   0
                   3
                   0
                   0
                   3
                   0
                   0
                   3
                   7
                   0
                   0
                   5
                   0
                   0
                   0
                   0
                   7
                   0
                   0
                   0
                   0
                   3
                   0
                   0
                   0
                   0
                   0
                   0
                   0
                   0
                   0
                   0
                   0
                   0
                   3
                   8
                   0
                   0
                   0
                   0
                   0
                   0
                   0
                   0
                   7
                   0
                   0
                   0
                   5
                   0
                   0
                   0
                   0
                   0
                   0
                   0
                   0
                   0
                   0
                   0
                   4
                   0
                   0
                   2
                   0
                   0
                   0
                   0
                   0
                   0
                   9
                   0
                   0
                   0
                   0
                   4
                   0
                   0
                   0
                   0
                   0
                   0
                   0
                  11
                   0
                   0
                   0
                   0
                   0
                   0
                   0
                   0
                   0
                   0
                   0
                   0
                   0
                   0
                   0
                   0
                   5
                   0
                   0
                   0
                   0
                   0
                   0
                   0
                   0
                   0
                   0
                   0
                   0
                   0
                   0
                   0
                   0
                   0
                   0
                   0
                   0
                   0
                   0
                   0
                   0
                   0
                   0
                   0
                   0
                   0
                   0
                   0
                   0
                   0
                   0
                   0
                   0
                   0
                   0
                   0
                  12
                   0
                   0
                   0
                   0
                   0
                   0
                   0
                   0
                   0
                   0
                   0
                   0
                   0
                   0
                   0
                   0
                   0
                   0
                   2
                   0
                   0
                   0
                   0
                   0
                   0
                  14
                   0
                   0
                   0
                   5
                   0
                   0
                   0
                   0
                   0
                   0
                   0
                   0
                   0
                   0
                   0
                   0
                  10
                   0
                   0
                   0
                   0
                   0
                   0
                   0
                   0
                   0
                   0
                   0
                   0
                   0
                   0
                   0
                   0
                   0
                   0
                   0
                   0
                   0
                   0
                   0
                   0
                   0
                   8
                   5
                   0
                   0
                   0
                   0
                   0
                   0
                   0
                   0
                   0
                   0
                   6
                   0
                   0
                   0
                   0
                   0
                   0
                   0
                   0
                   0
                   0
                   0
                   0
                   0
                   3
                   0
                   0
                   0
                   0
                   0
                   0
                   0
                   0
                   0
                   0
                   0
                   0
                   0
                   0
                   0
                   0
                   0
                   0
                   0
                  13
                   0
                   2
                   0
                   0
                   0
                   0
                   0
                   0
                   0
                   0
                   0
                   0
                   0
                   0
                   0
                   0
                  11
                   0
                   0
                   0
                   0
                   0
                   0
                   0
                   0
                   0
                   0
                  14
                   7
                   5
                   0
                   0
                   0
                   0
                   0
                   0
                   0
                   0
                   9
                   0
                   0
                   0
                   0
                   0
                   0
                   0
                   0
                   0
                   0
                   0
                   0
                   0
                   0
                   0
                   0
                   0
                   0
                   0
                   0
                   0
                   0
                  11
                   0
                   0
                   0
                   0
                   0
                   0
                   0
                   0
                   0
                  13
                   0
                   0
                   0
                   0
                   0
                   0
                   0
                   0
                   0
                   0
                   3
                   0
                   0
                   0
                   0
                   0
                   8
                   0
                   0
                   0
                   0
                   0
                   0
                   0
                   0
                   0
                   0
                   0
                   0
                   0
                   0
                   0
                   0
                   0
                   0
                   0
                   0
                   3
                   0
                   0
                   0
                   0
                   0
                   0
                   0
                   0
                   0
                   0
                   0
                   0
                   0
                   0
                   0
                   0
                   0
                   0
                   0
                   0
                   0
                  10
                   0
                   0
                   0
                   0
                   8
                   0
                   0
                   0
                   0
                   0
                   0
                   0
                   0
                   0
                   0
                   0
                   0
                  10
                   0
                   0
                   0
                   0
                   0
                   0
                   0
                   0
                   0
                   0
                   5
                   0
                   0
                   0
                   0
                   0
                   0
                   0
                   0
                   0
                   0
                   0
                   0
                   0
                   0
                   0
                   0
                   0
                   0
                   0
                   0
                   0
                   0
                   0
                   0
                   0
                   0
                   0
                   0
                   0
                   0
                   0
                   0
                   0
                   0
                   9
                   0
                   0
                   0
                   0
                   0
                   0
                   8
                  10
                   0
                   0
                   6
                   0
                   0
                   0
                   0
                   0
                   0
                   0
                   0
                   0
                   0
                   7
                   0
                   0
                  10
                   0
                   0
                  11
                   0
                   0
                   0
                   8
                   7
                   0
                   0
                   6
                   0
                   8
                   0
                   9
                   0
                   0
                   0
                   4
                   0
                   0
                   0
                   0
                   0
                   0
                   0
                   0
                   0
                   3
                   0
                   0
                   0
                   0
                   0
                   0
                   0
                   0
                   0
                  11
                   0
                   0
                   0
                   0
                   0
                   0
                   0
                   0
                   3
                   0
                   0
                   0
                   0
                   0
                   5
                   0
                   0
                   0
                   0
                   0
                   0
                   0
                   0
                   0
                   0
                   0
                   0
                   0
                   0
                   0
                   0
                   0
                   0
                   0
                   0
                   0
                   0
                   0
                   0
                   0
                   0
                   0
                   0
                   0
                   0
                   0
                   0
                   0
                   0
                   0
                   0
                   0
                   0
                   0
                   0
                   0
                   0
                   0
                   0
                   0
                   0
                   0
                   0
                   0
                  10
                   0
                   0
                   0
                   0
                   0
                   0
                   0
                   0
                   0
                   0
                   0
                   0
                   0
                   0
                   0
                   0
                   0
                   0
                   6
                   0
                   0
                   1
                   0
                   0
                   0
                   0
                   0
                   0
                   0
                   0
                   0
                   0
                   0
                   0
                   0
                   0
                   0
                   9
                   0
                   0
                   0
                   0
                   0
                   0
                   0
                   0
                   5
                   0
                   0
                   0
                   0
                   0
                   0
                   0
                   0
                   0
                   0
                   0
                   0
                   0
                   0
                   0
                   0
                   0
                   0
                   0
                   0
                   0
                   0
                   0
                   0
                   1
                   0
                   0
                   0
                   0
                  11
                   0
                   0
                   0
                   0
                   3
                   0
                  14
                   0
                   2
                   0
                   0
                   0
                   0
                   0
                   0
                   0
                   4
                   4
                  13
                   0
                   7
                   0
                   0
                   0
                   6
                   0
                   0
                   0
                   0
                   0
                   0
                   0
                   0
                   0
                   0
                   0
                   0
                   0
                   0
                   0
                   0
                   0
                   0
                   0
                   0
                   0
                  10
                   0
                   0
                   0
                   0
                   0
                   0
                   0
                   0
                   0
                   0
                   6
                   8
                   3
                   0
                   0
                   0
                   0
                   0
                   0
                  16
                   0
                   0
                   0
                   0
                   0
                   0
                  14
                   0
                   0
                   0
                   0
                   0
                  17
                   0
 2nd Variable Cost Component, Bij
                   0
            50000000
            50000000
            50000000
            50000000
            50000000
            50000000
            50000000
                 162
            50000000
            50000000
            50000000
            50000000
            50000000
            50000000
            50000000
            50000000
            50000000
                 117
            50000000
            50000000
            50000000
            50000000
            50000000
            50000000
                 173
            50000000
            50000000
            50000000
                 105
                   0
            50000000
            50000000
            50000000
            50000000
                  77
            50000000
            50000000
            50000000
                  87
                  32
            50000000
            50000000
            50000000
                 146
            50000000
            50000000
            50000000
            50000000
            50000000
            50000000
            50000000
            50000000
            50000000
            50000000
            50000000
            50000000
            50000000
            50000000
                 186
                   0
            50000000
            50000000
            50000000
            50000000
            50000000
            50000000
            50000000
            50000000
            50000000
            50000000
            50000000
            50000000
            50000000
            50000000
            50000000
                 127
            50000000
            50000000
            50000000
            50000000
            50000000
            50000000
            50000000
            50000000
                 115
            50000000
            50000000
            50000000
            50000000
                   0
            50000000
            50000000
            50000000
            50000000
            50000000
            50000000
            50000000
            50000000
            50000000
            50000000
            50000000
            50000000
            50000000
            50000000
            50000000
            50000000
            50000000
            50000000
            50000000
            50000000
            50000000
            50000000
            50000000
            50000000
            50000000
            50000000
            50000000
            50000000
            50000000
                   0
            50000000
            50000000
            50000000
            50000000
            50000000
                  82
            50000000
            50000000
            50000000
            50000000
            50000000
                  39
            50000000
            50000000
                  40
            50000000
            50000000
                  36
                  78
            50000000
            50000000
                  62
            50000000
            50000000
            50000000
            50000000
                  79
            50000000
            50000000
                   0
            50000000
                  34
            50000000
            50000000
            50000000
            50000000
            50000000
            50000000
            50000000
            50000000
            50000000
            50000000
            50000000
            50000000
                  32
                  86
            50000000
            50000000
            50000000
            50000000
            50000000
            50000000
            50000000
            50000000
                  77
            50000000
            50000000
            50000000
                  54
                   0
            50000000
            50000000
            50000000
            50000000
            50000000
            50000000
            50000000
            50000000
            50000000
            50000000
                  51
            50000000
            50000000
                  22
            50000000
            50000000
            50000000
            50000000
            50000000
            50000000
                 102
            50000000
            50000000
            50000000
            50000000
                  49
            50000000
            50000000
            50000000
                   0
            50000000
            50000000
            50000000
                 118
            50000000
            50000000
            50000000
            50000000
            50000000
            50000000
            50000000
            50000000
            50000000
            50000000
            50000000
            50000000
            50000000
            50000000
            50000000
            50000000
                  58
            50000000
            50000000
            50000000
            50000000
            50000000
            50000000
            50000000
            50000000
                   0
            50000000
            50000000
            50000000
            50000000
            50000000
            50000000
            50000000
            50000000
            50000000
            50000000
            50000000
            50000000
            50000000
            50000000
            50000000
            50000000
            50000000
            50000000
            50000000
            50000000
            50000000
            50000000
            50000000
            50000000
            50000000
            50000000
            50000000
            50000000
            50000000
                   0
                 126
            50000000
            50000000
            50000000
            50000000
            50000000
            50000000
            50000000
            50000000
            50000000
            50000000
            50000000
            50000000
            50000000
            50000000
            50000000
            50000000
            50000000
            50000000
                  24
            50000000
            50000000
            50000000
            50000000
            50000000
            50000000
                 148
            50000000
            50000000
                   0
                  58
            50000000
            50000000
            50000000
            50000000
            50000000
            50000000
            50000000
            50000000
            50000000
            50000000
            50000000
            50000000
                 111
            50000000
            50000000
            50000000
            50000000
            50000000
            50000000
            50000000
            50000000
            50000000
            50000000
            50000000
            50000000
            50000000
            50000000
            50000000
                   0
            50000000
            50000000
            50000000
            50000000
            50000000
            50000000
            50000000
            50000000
            50000000
                  89
                  60
            50000000
            50000000
            50000000
            50000000
            50000000
            50000000
            50000000
            50000000
            50000000
            50000000
                  67
            50000000
            50000000
            50000000
            50000000
            50000000
            50000000
            50000000
                   0
            50000000
            50000000
            50000000
            50000000
            50000000
                  32
            50000000
            50000000
            50000000
            50000000
            50000000
            50000000
            50000000
            50000000
            50000000
            50000000
            50000000
            50000000
            50000000
            50000000
            50000000
            50000000
            50000000
            50000000
            50000000
                 140
            50000000
                  25
            50000000
                   0
            50000000
            50000000
            50000000
            50000000
            50000000
            50000000
            50000000
            50000000
            50000000
            50000000
            50000000
            50000000
                 115
            50000000
            50000000
            50000000
            50000000
            50000000
            50000000
            50000000
            50000000
            50000000
            50000000
                 150
                  76
                  55
            50000000
            50000000
            50000000
                   0
            50000000
            50000000
            50000000
            50000000
                 100
            50000000
            50000000
            50000000
            50000000
            50000000
            50000000
            50000000
            50000000
            50000000
            50000000
            50000000
            50000000
            50000000
            50000000
            50000000
            50000000
            50000000
            50000000
            50000000
            50000000
            50000000
            50000000
                 119
            50000000
                   0
            50000000
            50000000
            50000000
            50000000
            50000000
            50000000
            50000000
                 140
            50000000
            50000000
            50000000
            50000000
            50000000
            50000000
            50000000
            50000000
            50000000
            50000000
                  32
            50000000
            50000000
            50000000
            50000000
            50000000
                  91
            50000000
            50000000
            50000000
            50000000
                   0
            50000000
            50000000
            50000000
            50000000
            50000000
            50000000
            50000000
            50000000
            50000000
            50000000
            50000000
            50000000
            50000000
            50000000
            50000000
                  35
            50000000
            50000000
            50000000
            50000000
            50000000
            50000000
            50000000
            50000000
            50000000
            50000000
            50000000
            50000000
            50000000
                   0
            50000000
            50000000
            50000000
            50000000
            50000000
            50000000
            50000000
                 106
            50000000
            50000000
            50000000
            50000000
                  84
            50000000
            50000000
            50000000
            50000000
            50000000
            50000000
            50000000
            50000000
            50000000
            50000000
            50000000
            50000000
                 111
            50000000
            50000000
            50000000
                   0
            50000000
            50000000
            50000000
            50000000
            50000000
            50000000
                  60
            50000000
            50000000
            50000000
            50000000
            50000000
            50000000
            50000000
            50000000
            50000000
            50000000
            50000000
            50000000
            50000000
            50000000
            50000000
            50000000
            50000000
            50000000
            50000000
            50000000
            50000000
            50000000
                   0
            50000000
            50000000
            50000000
            50000000
            50000000
            50000000
            50000000
            50000000
            50000000
            50000000
            50000000
                 102
            50000000
            50000000
            50000000
            50000000
            50000000
            50000000
                  87
                 110
            50000000
            50000000
                  70
            50000000
            50000000
            50000000
            50000000
            50000000
            50000000
                   0
            50000000
            50000000
            50000000
                  76
            50000000
            50000000
                 110
            50000000
            50000000
                 120
            50000000
            50000000
            50000000
                  86
                  78
            50000000
            50000000
                  63
            50000000
                  89
            50000000
                  98
            50000000
            50000000
            50000000
                  42
            50000000
            50000000
            50000000
                   0
            50000000
            50000000
            50000000
            50000000
            50000000
                  37
            50000000
            50000000
            50000000
            50000000
            50000000
            50000000
            50000000
            50000000
            50000000
                 118
            50000000
            50000000
            50000000
            50000000
            50000000
            50000000
            50000000
            50000000
                  40
            50000000
            50000000
            50000000
            50000000
                   0
                  53
            50000000
            50000000
            50000000
            50000000
            50000000
            50000000
            50000000
            50000000
            50000000
            50000000
            50000000
            50000000
            50000000
            50000000
            50000000
            50000000
            50000000
            50000000
            50000000
            50000000
            50000000
            50000000
            50000000
            50000000
            50000000
            50000000
            50000000
            50000000
                   0
            50000000
            50000000
            50000000
            50000000
            50000000
            50000000
            50000000
            50000000
            50000000
            50000000
            50000000
            50000000
            50000000
            50000000
            50000000
            50000000
            50000000
            50000000
            50000000
            50000000
                 111
            50000000
            50000000
            50000000
            50000000
            50000000
            50000000
            50000000
            50000000
                   0
            50000000
            50000000
            50000000
            50000000
            50000000
            50000000
            50000000
            50000000
            50000000
                  67
            50000000
            50000000
                  12
            50000000
            50000000
            50000000
            50000000
            50000000
            50000000
            50000000
            50000000
            50000000
            50000000
            50000000
            50000000
            50000000
            50000000
            50000000
                  99
                   0
            50000000
            50000000
            50000000
            50000000
            50000000
            50000000
            50000000
                  62
            50000000
            50000000
            50000000
            50000000
            50000000
            50000000
            50000000
            50000000
            50000000
            50000000
            50000000
            50000000
            50000000
            50000000
            50000000
            50000000
            50000000
            50000000
            50000000
            50000000
            50000000
                   0
            50000000
            50000000
                  16
            50000000
            50000000
            50000000
            50000000
                 121
            50000000
            50000000
            50000000
            50000000
                  40
            50000000
                 152
            50000000
                  21
            50000000
            50000000
            50000000
            50000000
            50000000
            50000000
            50000000
                  48
                  47
                 136
            50000000
                  75
                   0
            50000000
            50000000
                  70
            50000000
            50000000
            50000000
            50000000
            50000000
            50000000
            50000000
            50000000
            50000000
            50000000
            50000000
            50000000
            50000000
            50000000
            50000000
            50000000
            50000000
            50000000
            50000000
            50000000
            50000000
                 111
            50000000
            50000000
            50000000
            50000000
                   0
            50000000
            50000000
            50000000
            50000000
            50000000
                  72
                  90
                  40
            50000000
            50000000
            50000000
            50000000
            50000000
            50000000
                 170
            50000000
            50000000
            50000000
            50000000
            50000000
            50000000
                 154
            50000000
            50000000
            50000000
            50000000
            50000000
                 185
            50000000
 Fixed Cost Component, Cij
                   0
                   0
                   0
                   0
                   0
                   0
                   0
                   0
                 445
                   0
                   0
                   0
                   0
                   0
                   0
                   0
                   0
                   0
                 321
                   0
                   0
                   0
                   0
                   0
                   0
                 475
                   0
                   0
                   0
                 288
                   0
                   0
                   0
                   0
                   0
                 211
                   0
                   0
                   0
                 239
                  88
                   0
                   0
                   0
                 401
                   0
                   0
                   0
                   0
                   0
                   0
                   0
                   0
                   0
                   0
                   0
                   0
                   0
                   0
                 511
                   0
                   0
                   0
                   0
                   0
                   0
                   0
                   0
                   0
                   0
                   0
                   0
                   0
                   0
                   0
                   0
                 349
                   0
                   0
                   0
                   0
                   0
                   0
                   0
                   0
                 316
                   0
                   0
                   0
                   0
                   0
                   0
                   0
                   0
                   0
                   0
                   0
                   0
                   0
                   0
                   0
                   0
                   0
                   0
                   0
                   0
                   0
                   0
                   0
                   0
                   0
                   0
                   0
                   0
                   0
                   0
                   0
                   0
                   0
                   0
                   0
                   0
                   0
                   0
                   0
                   0
                 225
                   0
                   0
                   0
                   0
                   0
                 107
                   0
                   0
                 110
                   0
                   0
                  99
                 214
                   0
                   0
                 170
                   0
                   0
                   0
                   0
                 217
                   0
                   0
                   0
                   0
                  93
                   0
                   0
                   0
                   0
                   0
                   0
                   0
                   0
                   0
                   0
                   0
                   0
                  88
                 236
                   0
                   0
                   0
                   0
                   0
                   0
                   0
                   0
                 211
                   0
                   0
                   0
                 148
                   0
                   0
                   0
                   0
                   0
                   0
                   0
                   0
                   0
                   0
                   0
                 140
                   0
                   0
                  60
                   0
                   0
                   0
                   0
                   0
                   0
                 280
                   0
                   0
                   0
                   0
                 134
                   0
                   0
                   0
                   0
                   0
                   0
                   0
                 324
                   0
                   0
                   0
                   0
                   0
                   0
                   0
                   0
                   0
                   0
                   0
                   0
                   0
                   0
                   0
                   0
                 159
                   0
                   0
                   0
                   0
                   0
                   0
                   0
                   0
                   0
                   0
                   0
                   0
                   0
                   0
                   0
                   0
                   0
                   0
                   0
                   0
                   0
                   0
                   0
                   0
                   0
                   0
                   0
                   0
                   0
                   0
                   0
                   0
                   0
                   0
                   0
                   0
                   0
                   0
                   0
                 346
                   0
                   0
                   0
                   0
                   0
                   0
                   0
                   0
                   0
                   0
                   0
                   0
                   0
                   0
                   0
                   0
                   0
                   0
                  66
                   0
                   0
                   0
                   0
                   0
                   0
                 407
                   0
                   0
                   0
                 159
                   0
                   0
                   0
                   0
                   0
                   0
                   0
                   0
                   0
                   0
                   0
                   0
                 305
                   0
                   0
                   0
                   0
                   0
                   0
                   0
                   0
                   0
                   0
                   0
                   0
                   0
                   0
                   0
                   0
                   0
                   0
                   0
                   0
                   0
                   0
                   0
                   0
                   0
                 244
                 165
                   0
                   0
                   0
                   0
                   0
                   0
                   0
                   0
                   0
                   0
                 184
                   0
                   0
                   0
                   0
                   0
                   0
                   0
                   0
                   0
                   0
                   0
                   0
                   0
                  88
                   0
                   0
                   0
                   0
                   0
                   0
                   0
                   0
                   0
                   0
                   0
                   0
                   0
                   0
                   0
                   0
                   0
                   0
                   0
                 385
                   0
                  68
                   0
                   0
                   0
                   0
                   0
                   0
                   0
                   0
                   0
                   0
                   0
                   0
                   0
                   0
                 316
                   0
                   0
                   0
                   0
                   0
                   0
                   0
                   0
                   0
                   0
                 412
                 209
                 151
                   0
                   0
                   0
                   0
                   0
                   0
                   0
                   0
                 275
                   0
                   0
                   0
                   0
                   0
                   0
                   0
                   0
                   0
                   0
                   0
                   0
                   0
                   0
                   0
                   0
                   0
                   0
                   0
                   0
                   0
                   0
                 327
                   0
                   0
                   0
                   0
                   0
                   0
                   0
                   0
                   0
                 385
                   0
                   0
                   0
                   0
                   0
                   0
                   0
                   0
                   0
                   0
                  88
                   0
                   0
                   0
                   0
                   0
                 250
                   0
                   0
                   0
                   0
                   0
                   0
                   0
                   0
                   0
                   0
                   0
                   0
                   0
                   0
                   0
                   0
                   0
                   0
                   0
                   0
                  96
                   0
                   0
                   0
                   0
                   0
                   0
                   0
                   0
                   0
                   0
                   0
                   0
                   0
                   0
                   0
                   0
                   0
                   0
                   0
                   0
                   0
                 291
                   0
                   0
                   0
                   0
                 231
                   0
                   0
                   0
                   0
                   0
                   0
                   0
                   0
                   0
                   0
                   0
                   0
                 305
                   0
                   0
                   0
                   0
                   0
                   0
                   0
                   0
                   0
                   0
                 165
                   0
                   0
                   0
                   0
                   0
                   0
                   0
                   0
                   0
                   0
                   0
                   0
                   0
                   0
                   0
                   0
                   0
                   0
                   0
                   0
                   0
                   0
                   0
                   0
                   0
                   0
                   0
                   0
                   0
                   0
                   0
                   0
                   0
                   0
                 280
                   0
                   0
                   0
                   0
                   0
                   0
                 239
                 302
                   0
                   0
                 192
                   0
                   0
                   0
                   0
                   0
                   0
                   0
                   0
                   0
                   0
                 209
                   0
                   0
                 302
                   0
                   0
                 330
                   0
                   0
                   0
                 236
                 214
                   0
                   0
                 173
                   0
                 244
                   0
                 269
                   0
                   0
                   0
                 115
                   0
                   0
                   0
                   0
                   0
                   0
                   0
                   0
                   0
                 101
                   0
                   0
                   0
                   0
                   0
                   0
                   0
                   0
                   0
                 324
                   0
                   0
                   0
                   0
                   0
                   0
                   0
                   0
                 110
                   0
                   0
                   0
                   0
                   0
                 145
                   0
                   0
                   0
                   0
                   0
                   0
                   0
                   0
                   0
                   0
                   0
                   0
                   0
                   0
                   0
                   0
                   0
                   0
                   0
                   0
                   0
                   0
                   0
                   0
                   0
                   0
                   0
                   0
                   0
                   0
                   0
                   0
                   0
                   0
                   0
                   0
                   0
                   0
                   0
                   0
                   0
                   0
                   0
                   0
                   0
                   0
                   0
                   0
                   0
                 305
                   0
                   0
                   0
                   0
                   0
                   0
                   0
                   0
                   0
                   0
                   0
                   0
                   0
                   0
                   0
                   0
                   0
                   0
                 184
                   0
                   0
                  33
                   0
                   0
                   0
                   0
                   0
                   0
                   0
                   0
                   0
                   0
                   0
                   0
                   0
                   0
                   0
                 272
                   0
                   0
                   0
                   0
                   0
                   0
                   0
                   0
                 170
                   0
                   0
                   0
                   0
                   0
                   0
                   0
                   0
                   0
                   0
                   0
                   0
                   0
                   0
                   0
                   0
                   0
                   0
                   0
                   0
                   0
                   0
                   0
                   0
                  44
                   0
                   0
                   0
                   0
                 332
                   0
                   0
                   0
                   0
                 110
                   0
                 418
                   0
                  57
                   0
                   0
                   0
                   0
                   0
                   0
                   0
                 132
                 129
                 374
                   0
                 206
                   0
                   0
                   0
                 192
                   0
                   0
                   0
                   0
                   0
                   0
                   0
                   0
                   0
                   0
                   0
                   0
                   0
                   0
                   0
                   0
                   0
                   0
                   0
                   0
                   0
                 305
                   0
                   0
                   0
                   0
                   0
                   0
                   0
                   0
                   0
                   0
                 198
                 247
                 110
                   0
                   0
                   0
                   0
                   0
                   0
                 467
                   0
                   0
                   0
                   0
                   0
                   0
                 423
                   0
                   0
                   0
                   0
                   0
                 508
                   0