          30
           4
           5
           4
           4
           4
           2
           4
           2
           3
           4
           4
           3
           1
           2
           4
           3
           1
           3
           1
           4
           1
           4
           1
           4
           1
           3
           4
           1
           4
 1st Variable Cost Component, Aij
                   0
                   0
                   0
                   0
                   0
                  14
                   0
                   0
                   0
                   0
                   0
                   0
                   0
                   0
                   0
                   0
                   0
                   0
                   0
                   0
                   0
                   0
                   0
                   0
                   0
                   0
                   0
                   0
                   0
                   0
                   0
                   0
                   0
                   0
                   0
                   0
                   0
                  17
                   0
                  14
                  11
                   0
                   0
                  16
                   0
                   0
                   0
                   0
                   0
                   0
                   0
                   0
                   0
                   0
                   0
                   0
                   0
                   0
                   0
                   5
                   0
                   0
                   0
                  14
                   0
                   0
                   0
                   0
                   0
                   0
                   0
                   0
                   0
                   9
                   0
                   0
                   0
                   0
                   0
                   0
                   0
                   0
                   0
                   0
                   0
                  16
                   0
                   0
                   0
                   0
                   0
                   0
                   0
                   0
                   0
                   0
                   0
                   0
                   0
                   0
                   0
                   0
                   0
                   0
                   0
                   0
                   0
                   0
                   0
                   9
                   0
                   0
                   0
                   0
                   0
                   0
                   0
                  15
                   0
                  13
                   0
                   0
                   0
                   5
                   0
                   0
                   0
                   0
                   0
                   0
                   0
                   0
                  28
                   0
                  15
                   0
                   0
                  25
                   0
                   0
                   0
                   0
                   0
                  20
                  21
                   0
                   9
                   0
                   0
                  22
                   0
                   0
                   0
                   0
                   0
                   0
                   0
                   0
                   4
                   0
                   0
                   0
                   0
                   0
                  14
                   0
                   0
                   0
                   0
                   0
                   0
                   0
                   0
                   0
                   0
                   0
                   0
                   0
                   0
                   0
                   0
                   0
                   0
                   0
                   0
                   0
                   0
                   0
                   0
                   0
                   0
                   0
                   0
                   0
                   0
                  11
                   0
                   0
                   0
                   0
                   0
                   0
                   0
                   0
                   0
                   0
                   0
                   0
                   0
                   0
                   0
                  11
                   0
                   0
                   2
                   0
                   0
                   0
                   0
                   0
                   0
                   0
                   0
                   6
                   0
                   0
                   0
                   0
                  14
                   0
                   0
                  15
                   0
                   0
                   0
                   0
                   0
                  26
                  16
                  11
                   0
                   0
                   0
                   0
                   0
                   0
                   0
                   0
                   0
                   0
                   0
                   0
                   0
                   0
                   0
                   0
                   0
                   0
                   0
                   0
                   0
                   0
                   0
                   0
                   0
                   0
                   0
                   0
                   0
                   0
                   0
                   0
                   0
                   0
                   0
                   0
                   0
                   0
                   0
                   0
                   0
                   0
                   0
                   0
                   0
                   0
                   0
                   0
                   0
                   0
                   0
                  14
                   0
                   0
                   0
                   0
                   0
                   4
                   0
                   0
                   0
                   0
                   0
                  22
                   0
                   6
                   0
                   0
                   0
                   0
                   0
                   0
                   0
                   0
                   0
                   0
                   0
                   0
                   0
                   0
                   0
                   0
                   0
                   0
                   0
                   0
                   0
                   0
                   0
                   0
                   0
                  19
                   0
                   0
                   0
                  24
                   0
                   0
                   0
                   0
                   0
                   0
                   0
                   0
                   0
                   0
                   0
                   0
                   0
                   0
                   0
                  13
                   0
                   0
                   0
                   0
                   0
                   0
                   0
                   0
                   0
                   0
                   0
                   0
                   0
                  10
                   0
                   0
                   0
                   0
                   0
                   7
                   0
                   7
                   0
                   0
                   0
                   0
                   0
                   0
                  11
                  22
                   0
                   8
                  17
                   0
                   0
                   0
                   0
                   0
                   0
                   0
                  22
                  15
                   0
                   0
                   0
                   0
                   0
                   0
                   0
                   0
                   0
                   0
                   0
                   0
                   0
                   0
                   0
                   0
                   0
                   0
                   0
                   0
                   0
                   3
                  25
                   0
                  13
                   0
                   0
                   0
                   0
                   0
                   0
                   0
                  18
                   0
                   0
                   0
                   0
                   0
                   0
                   0
                   0
                   0
                   0
                   0
                  10
                   0
                   0
                   0
                   0
                   0
                   0
                   0
                   0
                   0
                   0
                   0
                   0
                   0
                   0
                   0
                   0
                   0
                   0
                   0
                  16
                   0
                   0
                   0
                   0
                   0
                   0
                   0
                   0
                  14
                   0
                  19
                   0
                   0
                   0
                   0
                   0
                   0
                   0
                  15
                   1
                   0
                   0
                   0
                   0
                   0
                   0
                   0
                   0
                   0
                   0
                   0
                   0
                   0
                   0
                   0
                   0
                   0
                   0
                   0
                  18
                   0
                   0
                   0
                   0
                   0
                   0
                   0
                   0
                   0
                  16
                   0
                   0
                   0
                   0
                   0
                   0
                   0
                   0
                   0
                   0
                   0
                   0
                   0
                   0
                   0
                   0
                   2
                   0
                   0
                   0
                   0
                   0
                   0
                  13
                   0
                   0
                   0
                  11
                  10
                  12
                   0
                   0
                   0
                   7
                   0
                   0
                  10
                   0
                   0
                   0
                   0
                   0
                   0
                   0
                   0
                   0
                  11
                   0
                   0
                   0
                  12
                   0
                   0
                   0
                   0
                   0
                   0
                   0
                   0
                   0
                   0
                   0
                   0
                   0
                   0
                   0
                  11
                   0
                   0
                   0
                   0
                   0
                  12
                   0
                   0
                   0
                  21
                   0
                   0
                   0
                   0
                   0
                   0
                   0
                   0
                   0
                   0
                  19
                   0
                   0
                   0
                   0
                   0
                   0
                   0
                   0
                   8
                   0
                  10
                   0
                   0
                   0
                   0
                   0
                   0
                   0
                   0
                   0
                   0
                   0
                   0
                  22
                   0
                   0
                   0
                   0
                   0
                   3
                   0
                   0
                   0
                   0
                   0
                   0
                   0
                  16
                   0
                   0
                   0
                   0
                   0
                  10
                   9
                   0
                   0
                   0
                   0
                   0
                   0
                   0
                   0
                   0
                   0
                   0
                   0
                   0
                   0
                   0
                   0
                   0
                   0
                   0
                   0
                   0
                   0
                   0
                   8
                   0
                   0
                  17
                   0
                   0
                   0
                   0
                   0
                   0
                   0
                   0
                   0
                   0
                   0
                   0
                   0
                   0
                   0
                   0
                   0
                   0
                   0
                   0
                   0
                   0
                   0
                  14
                  18
                   0
                   0
                   0
                   0
                   0
                   0
                  14
                   0
                   0
                   0
                   0
                   0
                   0
                   0
                   7
                   0
                   0
                   0
                   0
                   0
                   0
                  11
                   0
                   0
                   0
                   0
                   0
                   0
                   0
                   0
                   0
                  15
                  20
                   0
                   0
                   0
                   0
                   0
                   0
                   0
                  22
                   0
                   0
                   0
                   0
                   0
                   7
                   0
                   0
                   0
                   0
                   0
                   0
                   0
                   0
                   0
                   0
                   0
                   4
                   0
                   0
                   0
                   0
                   0
                   0
                   0
                   0
                   0
                   0
                   0
                   0
                   0
                   0
                   9
                   0
                   0
                  17
                  14
                   7
                   0
                   0
                   0
                   0
                   0
                   0
                   0
                   0
                   0
                   0
                   0
                   0
                   0
                   0
                   0
                   0
                   0
                   0
                   6
                   0
                   0
                   0
                   0
                   0
                   0
                   9
                   0
                   0
                   0
                   0
                   0
                   0
                   0
                   0
                   0
                   0
                   0
                   0
                   0
                   0
                   0
                   0
                   8
                  21
                   0
                   0
                  15
                   0
                   0
                   0
                  17
                   0
                   0
                   0
                   0
                   0
                   2
                   0
                   0
                   0
                   0
                   0
                   0
                   0
                   0
                   0
                   0
                   0
                   0
                   0
                   0
                   0
                   3
                   0
                   0
                   0
                   0
                   0
                   0
                   0
                   0
                   0
                  31
                   0
                   0
                   0
                  19
                  14
                  13
                  29
                   0
                   0
                   0
                   0
                  16
                  22
                  24
 2nd Variable Cost Component, Bij
                   0
            50000000
            50000000
            50000000
            50000000
                  84
            50000000
            50000000
            50000000
            50000000
            50000000
            50000000
            50000000
            50000000
            50000000
            50000000
            50000000
            50000000
            50000000
            50000000
            50000000
            50000000
            50000000
            50000000
            50000000
            50000000
            50000000
            50000000
            50000000
            50000000
                   0
            50000000
            50000000
            50000000
            50000000
            50000000
            50000000
                 103
            50000000
                  87
                  65
            50000000
            50000000
                  94
            50000000
            50000000
            50000000
            50000000
            50000000
            50000000
            50000000
            50000000
            50000000
            50000000
            50000000
            50000000
            50000000
            50000000
            50000000
                  32
                   0
            50000000
            50000000
                  84
            50000000
            50000000
            50000000
            50000000
            50000000
            50000000
            50000000
            50000000
            50000000
                  58
            50000000
            50000000
            50000000
            50000000
            50000000
            50000000
            50000000
            50000000
            50000000
            50000000
            50000000
                  99
            50000000
            50000000
            50000000
            50000000
                   0
            50000000
            50000000
            50000000
            50000000
            50000000
            50000000
            50000000
            50000000
            50000000
            50000000
            50000000
            50000000
            50000000
            50000000
            50000000
            50000000
            50000000
            50000000
                  58
            50000000
            50000000
            50000000
            50000000
            50000000
            50000000
            50000000
                  89
            50000000
                  81
                   0
            50000000
            50000000
                  35
            50000000
            50000000
            50000000
            50000000
            50000000
            50000000
            50000000
            50000000
                 166
            50000000
                  93
            50000000
            50000000
                 151
            50000000
            50000000
            50000000
            50000000
            50000000
                 119
                 126
            50000000
                  55
            50000000
            50000000
                 132
                   0
            50000000
            50000000
            50000000
            50000000
            50000000
            50000000
            50000000
                  25
            50000000
            50000000
            50000000
            50000000
            50000000
                  87
            50000000
            50000000
            50000000
            50000000
            50000000
            50000000
            50000000
            50000000
            50000000
            50000000
            50000000
            50000000
            50000000
            50000000
            50000000
                   0
            50000000
            50000000
            50000000
            50000000
            50000000
            50000000
            50000000
            50000000
            50000000
            50000000
            50000000
            50000000
            50000000
            50000000
                  67
            50000000
            50000000
            50000000
            50000000
            50000000
            50000000
            50000000
            50000000
            50000000
            50000000
            50000000
            50000000
            50000000
            50000000
                   0
                  65
            50000000
            50000000
                  13
            50000000
            50000000
            50000000
            50000000
            50000000
            50000000
            50000000
            50000000
                  36
            50000000
            50000000
            50000000
            50000000
                  84
            50000000
            50000000
                  91
            50000000
            50000000
            50000000
            50000000
            50000000
                 157
                  98
                  65
                   0
            50000000
            50000000
            50000000
            50000000
            50000000
            50000000
            50000000
            50000000
            50000000
            50000000
            50000000
            50000000
            50000000
            50000000
            50000000
            50000000
            50000000
            50000000
            50000000
            50000000
            50000000
            50000000
            50000000
            50000000
            50000000
            50000000
            50000000
            50000000
            50000000
                   0
            50000000
            50000000
            50000000
            50000000
            50000000
            50000000
            50000000
            50000000
            50000000
            50000000
            50000000
            50000000
            50000000
            50000000
            50000000
            50000000
            50000000
            50000000
            50000000
            50000000
                  87
            50000000
            50000000
            50000000
            50000000
            50000000
                  28
            50000000
            50000000
                   0
            50000000
            50000000
                 132
            50000000
                  38
            50000000
            50000000
            50000000
            50000000
            50000000
            50000000
            50000000
            50000000
            50000000
            50000000
            50000000
            50000000
            50000000
            50000000
            50000000
            50000000
            50000000
            50000000
            50000000
            50000000
            50000000
            50000000
            50000000
            50000000
                   0
                 112
            50000000
            50000000
            50000000
                 142
            50000000
            50000000
            50000000
            50000000
            50000000
            50000000
            50000000
            50000000
            50000000
            50000000
            50000000
            50000000
            50000000
            50000000
            50000000
                  81
            50000000
            50000000
            50000000
            50000000
            50000000
            50000000
            50000000
            50000000
                   0
            50000000
            50000000
            50000000
            50000000
                  64
            50000000
            50000000
            50000000
            50000000
            50000000
                  43
            50000000
                  45
            50000000
            50000000
            50000000
            50000000
            50000000
            50000000
                  70
                 132
            50000000
                  47
                 104
            50000000
            50000000
            50000000
            50000000
            50000000
                   0
            50000000
                 129
                  88
            50000000
            50000000
            50000000
            50000000
            50000000
            50000000
            50000000
            50000000
            50000000
            50000000
            50000000
            50000000
            50000000
            50000000
            50000000
            50000000
            50000000
            50000000
            50000000
            50000000
            50000000
                  23
                 148
            50000000
                  82
            50000000
                   0
            50000000
            50000000
            50000000
            50000000
            50000000
                 107
            50000000
            50000000
            50000000
            50000000
            50000000
            50000000
            50000000
            50000000
            50000000
            50000000
            50000000
                  59
            50000000
            50000000
            50000000
            50000000
            50000000
            50000000
            50000000
            50000000
            50000000
            50000000
            50000000
                   0
            50000000
            50000000
            50000000
            50000000
            50000000
            50000000
            50000000
                  96
            50000000
            50000000
            50000000
            50000000
            50000000
            50000000
            50000000
            50000000
                  86
            50000000
                 113
            50000000
            50000000
            50000000
            50000000
            50000000
            50000000
            50000000
                  88
                  10
            50000000
                   0
            50000000
            50000000
            50000000
            50000000
            50000000
            50000000
            50000000
            50000000
            50000000
            50000000
            50000000
            50000000
            50000000
            50000000
            50000000
            50000000
            50000000
                 111
            50000000
            50000000
            50000000
            50000000
            50000000
            50000000
            50000000
            50000000
            50000000
                  95
            50000000
                   0
            50000000
            50000000
            50000000
            50000000
            50000000
            50000000
            50000000
            50000000
            50000000
            50000000
            50000000
            50000000
            50000000
            50000000
                  17
            50000000
            50000000
            50000000
            50000000
            50000000
            50000000
                  79
            50000000
            50000000
            50000000
                  70
                  59
                  74
            50000000
                   0
            50000000
                  43
            50000000
            50000000
                  64
            50000000
            50000000
            50000000
            50000000
            50000000
            50000000
            50000000
            50000000
            50000000
                  66
            50000000
            50000000
            50000000
                  71
            50000000
            50000000
            50000000
            50000000
            50000000
            50000000
            50000000
            50000000
            50000000
            50000000
                   0
            50000000
            50000000
            50000000
            50000000
                  69
            50000000
            50000000
            50000000
            50000000
            50000000
                  71
            50000000
            50000000
            50000000
                 125
            50000000
            50000000
            50000000
            50000000
            50000000
            50000000
            50000000
            50000000
            50000000
            50000000
                 113
            50000000
            50000000
            50000000
                   0
            50000000
            50000000
            50000000
            50000000
                  51
            50000000
                  59
            50000000
            50000000
            50000000
            50000000
            50000000
            50000000
            50000000
            50000000
            50000000
            50000000
            50000000
            50000000
                 129
            50000000
            50000000
            50000000
            50000000
            50000000
                  20
            50000000
            50000000
            50000000
                   0
            50000000
            50000000
            50000000
                  99
            50000000
            50000000
            50000000
            50000000
            50000000
                  61
                  58
            50000000
            50000000
            50000000
            50000000
            50000000
            50000000
            50000000
            50000000
            50000000
            50000000
            50000000
            50000000
            50000000
            50000000
            50000000
            50000000
            50000000
            50000000
                   0
            50000000
            50000000
            50000000
            50000000
                  49
            50000000
            50000000
                 103
            50000000
            50000000
            50000000
            50000000
            50000000
            50000000
            50000000
            50000000
            50000000
            50000000
            50000000
            50000000
            50000000
            50000000
            50000000
            50000000
            50000000
            50000000
            50000000
            50000000
            50000000
                   0
            50000000
                  87
                 109
            50000000
            50000000
            50000000
            50000000
            50000000
            50000000
                  87
            50000000
            50000000
            50000000
            50000000
            50000000
            50000000
            50000000
                  46
            50000000
            50000000
            50000000
            50000000
            50000000
            50000000
                  69
            50000000
            50000000
            50000000
            50000000
                   0
            50000000
            50000000
            50000000
            50000000
                  89
                 119
            50000000
            50000000
            50000000
            50000000
            50000000
            50000000
            50000000
                 132
            50000000
            50000000
            50000000
            50000000
            50000000
                  42
            50000000
            50000000
            50000000
            50000000
            50000000
            50000000
            50000000
            50000000
            50000000
                   0
            50000000
                  28
            50000000
            50000000
            50000000
            50000000
            50000000
            50000000
            50000000
            50000000
            50000000
            50000000
            50000000
            50000000
            50000000
            50000000
                  57
            50000000
            50000000
                 103
                  84
                  45
            50000000
            50000000
            50000000
            50000000
            50000000
            50000000
            50000000
                   0
            50000000
            50000000
            50000000
            50000000
            50000000
            50000000
            50000000
            50000000
            50000000
            50000000
                  37
            50000000
            50000000
            50000000
            50000000
            50000000
            50000000
                  57
            50000000
            50000000
            50000000
            50000000
            50000000
            50000000
            50000000
            50000000
            50000000
            50000000
            50000000
                   0
            50000000
            50000000
            50000000
            50000000
                  50
                 126
            50000000
            50000000
                  91
            50000000
            50000000
            50000000
                 103
            50000000
            50000000
            50000000
            50000000
            50000000
                  13
            50000000
            50000000
            50000000
            50000000
            50000000
            50000000
            50000000
            50000000
            50000000
            50000000
                   0
            50000000
            50000000
            50000000
            50000000
                  20
            50000000
            50000000
            50000000
            50000000
            50000000
            50000000
            50000000
            50000000
            50000000
                 182
            50000000
            50000000
            50000000
                 112
                  86
                  81
                 170
            50000000
            50000000
            50000000
            50000000
                  95
                 133
                 146
 Fixed Cost Component, Cij
                   0
                   0
                   0
                   0
                   0
                 252
                   0
                   0
                   0
                   0
                   0
                   0
                   0
                   0
                   0
                   0
                   0
                   0
                   0
                   0
                   0
                   0
                   0
                   0
                   0
                   0
                   0
                   0
                   0
                   0
                   0
                   0
                   0
                   0
                   0
                   0
                   0
                 309
                   0
                 261
                 195
                   0
                   0
                 282
                   0
                   0
                   0
                   0
                   0
                   0
                   0
                   0
                   0
                   0
                   0
                   0
                   0
                   0
                   0
                  96
                   0
                   0
                   0
                 252
                   0
                   0
                   0
                   0
                   0
                   0
                   0
                   0
                   0
                 174
                   0
                   0
                   0
                   0
                   0
                   0
                   0
                   0
                   0
                   0
                   0
                 297
                   0
                   0
                   0
                   0
                   0
                   0
                   0
                   0
                   0
                   0
                   0
                   0
                   0
                   0
                   0
                   0
                   0
                   0
                   0
                   0
                   0
                   0
                   0
                 174
                   0
                   0
                   0
                   0
                   0
                   0
                   0
                 267
                   0
                 243
                   0
                   0
                   0
                 105
                   0
                   0
                   0
                   0
                   0
                   0
                   0
                   0
                 498
                   0
                 279
                   0
                   0
                 453
                   0
                   0
                   0
                   0
                   0
                 357
                 378
                   0
                 165
                   0
                   0
                 396
                   0
                   0
                   0
                   0
                   0
                   0
                   0
                   0
                  75
                   0
                   0
                   0
                   0
                   0
                 261
                   0
                   0
                   0
                   0
                   0
                   0
                   0
                   0
                   0
                   0
                   0
                   0
                   0
                   0
                   0
                   0
                   0
                   0
                   0
                   0
                   0
                   0
                   0
                   0
                   0
                   0
                   0
                   0
                   0
                   0
                 201
                   0
                   0
                   0
                   0
                   0
                   0
                   0
                   0
                   0
                   0
                   0
                   0
                   0
                   0
                   0
                 195
                   0
                   0
                  39
                   0
                   0
                   0
                   0
                   0
                   0
                   0
                   0
                 108
                   0
                   0
                   0
                   0
                 252
                   0
                   0
                 273
                   0
                   0
                   0
                   0
                   0
                 471
                 294
                 195
                   0
                   0
                   0
                   0
                   0
                   0
                   0
                   0
                   0
                   0
                   0
                   0
                   0
                   0
                   0
                   0
                   0
                   0
                   0
                   0
                   0
                   0
                   0
                   0
                   0
                   0
                   0
                   0
                   0
                   0
                   0
                   0
                   0
                   0
                   0
                   0
                   0
                   0
                   0
                   0
                   0
                   0
                   0
                   0
                   0
                   0
                   0
                   0
                   0
                   0
                   0
                 261
                   0
                   0
                   0
                   0
                   0
                  84
                   0
                   0
                   0
                   0
                   0
                 396
                   0
                 114
                   0
                   0
                   0
                   0
                   0
                   0
                   0
                   0
                   0
                   0
                   0
                   0
                   0
                   0
                   0
                   0
                   0
                   0
                   0
                   0
                   0
                   0
                   0
                   0
                   0
                 336
                   0
                   0
                   0
                 426
                   0
                   0
                   0
                   0
                   0
                   0
                   0
                   0
                   0
                   0
                   0
                   0
                   0
                   0
                   0
                 243
                   0
                   0
                   0
                   0
                   0
                   0
                   0
                   0
                   0
                   0
                   0
                   0
                   0
                 192
                   0
                   0
                   0
                   0
                   0
                 129
                   0
                 135
                   0
                   0
                   0
                   0
                   0
                   0
                 210
                 396
                   0
                 141
                 312
                   0
                   0
                   0
                   0
                   0
                   0
                   0
                 387
                 264
                   0
                   0
                   0
                   0
                   0
                   0
                   0
                   0
                   0
                   0
                   0
                   0
                   0
                   0
                   0
                   0
                   0
                   0
                   0
                   0
                   0
                  69
                 444
                   0
                 246
                   0
                   0
                   0
                   0
                   0
                   0
                   0
                 321
                   0
                   0
                   0
                   0
                   0
                   0
                   0
                   0
                   0
                   0
                   0
                 177
                   0
                   0
                   0
                   0
                   0
                   0
                   0
                   0
                   0
                   0
                   0
                   0
                   0
                   0
                   0
                   0
                   0
                   0
                   0
                 288
                   0
                   0
                   0
                   0
                   0
                   0
                   0
                   0
                 258
                   0
                 339
                   0
                   0
                   0
                   0
                   0
                   0
                   0
                 264
                  30
                   0
                   0
                   0
                   0
                   0
                   0
                   0
                   0
                   0
                   0
                   0
                   0
                   0
                   0
                   0
                   0
                   0
                   0
                   0
                 333
                   0
                   0
                   0
                   0
                   0
                   0
                   0
                   0
                   0
                 285
                   0
                   0
                   0
                   0
                   0
                   0
                   0
                   0
                   0
                   0
                   0
                   0
                   0
                   0
                   0
                   0
                  51
                   0
                   0
                   0
                   0
                   0
                   0
                 237
                   0
                   0
                   0
                 210
                 177
                 222
                   0
                   0
                   0
                 129
                   0
                   0
                 192
                   0
                   0
                   0
                   0
                   0
                   0
                   0
                   0
                   0
                 198
                   0
                   0
                   0
                 213
                   0
                   0
                   0
                   0
                   0
                   0
                   0
                   0
                   0
                   0
                   0
                   0
                   0
                   0
                   0
                 207
                   0
                   0
                   0
                   0
                   0
                 213
                   0
                   0
                   0
                 375
                   0
                   0
                   0
                   0
                   0
                   0
                   0
                   0
                   0
                   0
                 339
                   0
                   0
                   0
                   0
                   0
                   0
                   0
                   0
                 153
                   0
                 177
                   0
                   0
                   0
                   0
                   0
                   0
                   0
                   0
                   0
                   0
                   0
                   0
                 387
                   0
                   0
                   0
                   0
                   0
                  60
                   0
                   0
                   0
                   0
                   0
                   0
                   0
                 297
                   0
                   0
                   0
                   0
                   0
                 183
                 174
                   0
                   0
                   0
                   0
                   0
                   0
                   0
                   0
                   0
                   0
                   0
                   0
                   0
                   0
                   0
                   0
                   0
                   0
                   0
                   0
                   0
                   0
                   0
                 147
                   0
                   0
                 309
                   0
                   0
                   0
                   0
                   0
                   0
                   0
                   0
                   0
                   0
                   0
                   0
                   0
                   0
                   0
                   0
                   0
                   0
                   0
                   0
                   0
                   0
                   0
                 261
                 327
                   0
                   0
                   0
                   0
                   0
                   0
                 261
                   0
                   0
                   0
                   0
                   0
                   0
                   0
                 138
                   0
                   0
                   0
                   0
                   0
                   0
                 207
                   0
                   0
                   0
                   0
                   0
                   0
                   0
                   0
                   0
                 267
                 357
                   0
                   0
                   0
                   0
                   0
                   0
                   0
                 396
                   0
                   0
                   0
                   0
                   0
                 126
                   0
                   0
                   0
                   0
                   0
                   0
                   0
                   0
                   0
                   0
                   0
                  84
                   0
                   0
                   0
                   0
                   0
                   0
                   0
                   0
                   0
                   0
                   0
                   0
                   0
                   0
                 171
                   0
                   0
                 309
                 252
                 135
                   0
                   0
                   0
                   0
                   0
                   0
                   0
                   0
                   0
                   0
                   0
                   0
                   0
                   0
                   0
                   0
                   0
                   0
                 111
                   0
                   0
                   0
                   0
                   0
                   0
                 171
                   0
                   0
                   0
                   0
                   0
                   0
                   0
                   0
                   0
                   0
                   0
                   0
                   0
                   0
                   0
                   0
                 150
                 378
                   0
                   0
                 273
                   0
                   0
                   0
                 309
                   0
                   0
                   0
                   0
                   0
                  39
                   0
                   0
                   0
                   0
                   0
                   0
                   0
                   0
                   0
                   0
                   0
                   0
                   0
                   0
                   0
                  60
                   0
                   0
                   0
                   0
                   0
                   0
                   0
                   0
                   0
                 546
                   0
                   0
                   0
                 336
                 258
                 243
                 510
                   0
                   0
                   0
                   0
                 285
                 399
                 438