          25
           3
           4
           4
           3
           5
           4
           3
           3
           1
           2
           2
           2
           3
           4
           1
           5
           1
           2
           2
           2
           2
           4
           3
           3
 1st Variable Cost Component, Aij
                   0
                   0
                   0
                   0
                   0
                  30
                   0
                  21
                   0
                   0
                   0
                   0
                   0
                   7
                  16
                   0
                   0
                  21
                   0
                   0
                   0
                   0
                  21
                   0
                   0
                   0
                   1
                   0
                   0
                   0
                   0
                   0
                   0
                   0
                   0
                   0
                   0
                   0
                   0
                   0
                   0
                   0
                   7
                   0
                   0
                   0
                   0
                   0
                  14
                   1
                   0
                   0
                  15
                   0
                  10
                   0
                   0
                   0
                   9
                   0
                   0
                   0
                   0
                   0
                   0
                   0
                   0
                   0
                   0
                   0
                  18
                   0
                   0
                   0
                   0
                   0
                   0
                   0
                   0
                   0
                   0
                   0
                   0
                   0
                   0
                   0
                   0
                   0
                   0
                   0
                   0
                   0
                   0
                   0
                   0
                   0
                   0
                   0
                   0
                  10
                   0
                   0
                   0
                   0
                   0
                   0
                   0
                   4
                   0
                   0
                   0
                   9
                   0
                   0
                   0
                   0
                   0
                   0
                   0
                   0
                   0
                   0
                   0
                   0
                   0
                   0
                   0
                   9
                   0
                   7
                   0
                   0
                   0
                   0
                   0
                   0
                   0
                   0
                   0
                   0
                   0
                   0
                   0
                   0
                   0
                   0
                   0
                   0
                   0
                  20
                   0
                   0
                   0
                   0
                   0
                   0
                   0
                   0
                   0
                  14
                   0
                   0
                   0
                   0
                  11
                  14
                  11
                   0
                   0
                   0
                   0
                   0
                   0
                   0
                   0
                   0
                  20
                   0
                   0
                   9
                   0
                  13
                   0
                   0
                   0
                   0
                   0
                   0
                   0
                   0
                   0
                   0
                   0
                   0
                   0
                   0
                   0
                   0
                   0
                   0
                   0
                   0
                   6
                   0
                   0
                   0
                   0
                   0
                   0
                  20
                   0
                   0
                   0
                   0
                   0
                   0
                  23
                   0
                   0
                   0
                  13
                   0
                   0
                   0
                   0
                   0
                   0
                   0
                   5
                   0
                   0
                   0
                   0
                   0
                   0
                   0
                   0
                   0
                   0
                   0
                   0
                   0
                   0
                   0
                   9
                   0
                   0
                   0
                   0
                   0
                   0
                   0
                   0
                   0
                   0
                   0
                   5
                   0
                   0
                   0
                   0
                   0
                   0
                   9
                   0
                  19
                   0
                  11
                   4
                  17
                   0
                   0
                   0
                   0
                   0
                   0
                   0
                   0
                   6
                   0
                   0
                   0
                  12
                   0
                   0
                   0
                   6
                   0
                   0
                   0
                   0
                   0
                   0
                   0
                   0
                   0
                   0
                   0
                   0
                   0
                   0
                   0
                  10
                   0
                   0
                   0
                   0
                   0
                   0
                   0
                   0
                   0
                   0
                   0
                   0
                   0
                   0
                   0
                   0
                   0
                   0
                   0
                   0
                  12
                  19
                   0
                   9
                   0
                   0
                   0
                   0
                   0
                   0
                   0
                   0
                   0
                   0
                   0
                   0
                   0
                   0
                   0
                   7
                   0
                   0
                   7
                   0
                   0
                  10
                   0
                   0
                   0
                   0
                   0
                   0
                   0
                   0
                   0
                   4
                   0
                   0
                   0
                   0
                   0
                   0
                   0
                   0
                   0
                   0
                   0
                   0
                   5
                   0
                   0
                   9
                   0
                   0
                   0
                   0
                  20
                   0
                   0
                   0
                   0
                   0
                   8
                   0
                   0
                   0
                   0
                   3
                  10
                  11
                   0
                   0
                   0
                   0
                   0
                   0
                  16
                   0
                   0
                   0
                   0
                   0
                   0
                   0
                   0
                  21
                   0
                  24
                   0
                   0
                   0
                   0
                   0
                  20
                   0
                   0
                   0
                   0
                   0
                   0
                   0
                   0
                   0
                   0
                   0
                   0
                   2
                   0
                   0
                   0
                   0
                   0
                   0
                  10
                   0
                   0
                   0
                   0
                   0
                   0
                   0
                   0
                   0
                   0
                   0
                   3
                   0
                   0
                   0
                  16
                   0
                   0
                   1
                   0
                   0
                   0
                   0
                   0
                   0
                   0
                   0
                   0
                   0
                   0
                  17
                   0
                   0
                   0
                   0
                   9
                   0
                   0
                   0
                   0
                   0
                   0
                   0
                   0
                   0
                   0
                   0
                   0
                   0
                   0
                   0
                   0
                   0
                   0
                   0
                   0
                   0
                  18
                   0
                   0
                   0
                   0
                   0
                   0
                   0
                   0
                   0
                  22
                   0
                   0
                   0
                   0
                   0
                   0
                   0
                   0
                   0
                   0
                   0
                   0
                   0
                   0
                   0
                   0
                   0
                   0
                   0
                   0
                   0
                   0
                   0
                   0
                   0
                   0
                   0
                   0
                   0
                   0
                   0
                   0
                   0
                   0
                   0
                   5
                  14
                   0
                   0
                  12
                   0
                   0
                   0
                   0
                   0
                   0
                   0
                   0
                   0
                   0
                   1
                   0
                   0
                   7
                   0
                   0
                   0
                   9
                   0
                  14
                   7
                   0
                   0
                   0
                   0
                   0
                   0
                   0
                   0
                   0
                   0
                   0
                   0
                  24
                   0
                   0
                   0
                   0
                  11
                   0
                   0
                   0
                   0
                   7
                   0
                   0
                  17
                  21
                  20
                   0
                   0
                  34
                   0
                   0
                   0
 2nd Variable Cost Component, Bij
                   0
            50000000
            50000000
            50000000
            50000000
                 172
            50000000
                 120
            50000000
            50000000
            50000000
            50000000
            50000000
                  44
                  94
            50000000
            50000000
                 123
            50000000
            50000000
            50000000
            50000000
                 120
            50000000
            50000000
                   0
                   7
            50000000
            50000000
            50000000
            50000000
            50000000
            50000000
            50000000
            50000000
            50000000
            50000000
            50000000
            50000000
            50000000
            50000000
            50000000
                  40
            50000000
            50000000
            50000000
            50000000
            50000000
                  81
                   7
                   0
            50000000
                  89
            50000000
                  60
            50000000
            50000000
            50000000
                  54
            50000000
            50000000
            50000000
            50000000
            50000000
            50000000
            50000000
            50000000
            50000000
            50000000
            50000000
                 104
            50000000
            50000000
            50000000
            50000000
                   0
            50000000
            50000000
            50000000
            50000000
            50000000
            50000000
            50000000
            50000000
            50000000
            50000000
            50000000
            50000000
            50000000
            50000000
            50000000
            50000000
            50000000
            50000000
            50000000
            50000000
            50000000
            50000000
            50000000
                  62
                   0
            50000000
            50000000
            50000000
            50000000
            50000000
            50000000
                  28
            50000000
            50000000
            50000000
                  56
            50000000
            50000000
            50000000
            50000000
            50000000
            50000000
            50000000
            50000000
            50000000
            50000000
            50000000
            50000000
            50000000
                   0
            50000000
                  52
            50000000
                  40
            50000000
            50000000
            50000000
            50000000
            50000000
            50000000
            50000000
            50000000
            50000000
            50000000
            50000000
            50000000
            50000000
            50000000
            50000000
            50000000
            50000000
            50000000
            50000000
                 117
                   0
            50000000
            50000000
            50000000
            50000000
            50000000
            50000000
            50000000
            50000000
                  81
            50000000
            50000000
            50000000
            50000000
                  65
                  84
                  67
            50000000
            50000000
            50000000
            50000000
            50000000
            50000000
            50000000
            50000000
                   0
                 116
            50000000
            50000000
                  54
            50000000
                  78
            50000000
            50000000
            50000000
            50000000
            50000000
            50000000
            50000000
            50000000
            50000000
            50000000
            50000000
            50000000
            50000000
            50000000
            50000000
            50000000
            50000000
            50000000
                   0
            50000000
                  35
            50000000
            50000000
            50000000
            50000000
            50000000
            50000000
                 114
            50000000
            50000000
            50000000
            50000000
            50000000
            50000000
                 131
            50000000
            50000000
            50000000
                  79
            50000000
            50000000
            50000000
            50000000
                   0
            50000000
            50000000
                  32
            50000000
            50000000
            50000000
            50000000
            50000000
            50000000
            50000000
            50000000
            50000000
            50000000
            50000000
            50000000
            50000000
            50000000
            50000000
                  51
            50000000
            50000000
            50000000
            50000000
            50000000
                   0
            50000000
            50000000
            50000000
            50000000
            50000000
                  30
            50000000
            50000000
            50000000
            50000000
            50000000
            50000000
                  53
            50000000
                 112
            50000000
                  67
                  28
                  98
            50000000
            50000000
            50000000
            50000000
            50000000
                   0
            50000000
            50000000
                  34
            50000000
            50000000
            50000000
                  73
            50000000
            50000000
            50000000
                  34
            50000000
            50000000
            50000000
            50000000
            50000000
            50000000
            50000000
            50000000
            50000000
            50000000
            50000000
            50000000
            50000000
                   0
            50000000
                  57
            50000000
            50000000
            50000000
            50000000
            50000000
            50000000
            50000000
            50000000
            50000000
            50000000
            50000000
            50000000
            50000000
            50000000
            50000000
            50000000
            50000000
            50000000
            50000000
            50000000
                  69
                 111
                   0
                  55
            50000000
            50000000
            50000000
            50000000
            50000000
            50000000
            50000000
            50000000
            50000000
            50000000
            50000000
            50000000
            50000000
            50000000
            50000000
                  40
            50000000
            50000000
                  41
            50000000
            50000000
                  57
            50000000
                   0
            50000000
            50000000
            50000000
            50000000
            50000000
            50000000
            50000000
                  28
            50000000
            50000000
            50000000
            50000000
            50000000
            50000000
            50000000
            50000000
            50000000
            50000000
            50000000
            50000000
                  29
            50000000
            50000000
                  56
                   0
            50000000
            50000000
            50000000
                 118
            50000000
            50000000
            50000000
            50000000
            50000000
                  48
            50000000
            50000000
            50000000
            50000000
                  19
                  61
                  63
            50000000
            50000000
            50000000
            50000000
            50000000
            50000000
                  92
                   0
            50000000
            50000000
            50000000
            50000000
            50000000
            50000000
            50000000
                 123
            50000000
                 141
            50000000
            50000000
            50000000
            50000000
            50000000
                 114
            50000000
            50000000
            50000000
            50000000
            50000000
            50000000
            50000000
            50000000
                   0
            50000000
            50000000
            50000000
                  16
            50000000
            50000000
            50000000
            50000000
            50000000
            50000000
                  62
            50000000
            50000000
            50000000
            50000000
            50000000
            50000000
            50000000
            50000000
            50000000
            50000000
            50000000
                  19
            50000000
                   0
            50000000
                  94
            50000000
            50000000
                   8
            50000000
            50000000
            50000000
            50000000
            50000000
            50000000
            50000000
            50000000
            50000000
            50000000
            50000000
                  97
            50000000
            50000000
            50000000
            50000000
                  53
            50000000
            50000000
                   0
            50000000
            50000000
            50000000
            50000000
            50000000
            50000000
            50000000
            50000000
            50000000
            50000000
            50000000
            50000000
            50000000
            50000000
            50000000
            50000000
            50000000
            50000000
                 103
            50000000
            50000000
            50000000
            50000000
            50000000
                   0
            50000000
            50000000
            50000000
                 127
            50000000
            50000000
            50000000
            50000000
            50000000
            50000000
            50000000
            50000000
            50000000
            50000000
            50000000
            50000000
            50000000
            50000000
            50000000
            50000000
            50000000
            50000000
            50000000
            50000000
                   0
            50000000
            50000000
            50000000
            50000000
            50000000
            50000000
            50000000
            50000000
            50000000
            50000000
            50000000
            50000000
            50000000
            50000000
                  33
                  83
            50000000
            50000000
                  70
            50000000
            50000000
            50000000
            50000000
            50000000
                   0
            50000000
            50000000
            50000000
            50000000
                  10
            50000000
            50000000
                  40
            50000000
            50000000
            50000000
                  53
            50000000
                  83
                  43
            50000000
            50000000
            50000000
            50000000
            50000000
            50000000
            50000000
            50000000
            50000000
                   0
            50000000
            50000000
                 140
            50000000
            50000000
            50000000
            50000000
                  65
            50000000
            50000000
            50000000
            50000000
                  41
            50000000
            50000000
                 101
                 124
                 118
            50000000
            50000000
                 194
            50000000
            50000000
            50000000
 Fixed Cost Component, Cij
                   0
                   0
                   0
                   0
                   0
               51600
                   0
               36000
                   0
                   0
                   0
                   0
                   0
               13200
               28200
                   0
                   0
               36900
                   0
                   0
                   0
                   0
               36000
                   0
                   0
                   0
                2100
                   0
                   0
                   0
                   0
                   0
                   0
                   0
                   0
                   0
                   0
                   0
                   0
                   0
                   0
                   0
               12000
                   0
                   0
                   0
                   0
                   0
               24300
                2100
                   0
                   0
               26700
                   0
               18000
                   0
                   0
                   0
               16200
                   0
                   0
                   0
                   0
                   0
                   0
                   0
                   0
                   0
                   0
                   0
               31200
                   0
                   0
                   0
                   0
                   0
                   0
                   0
                   0
                   0
                   0
                   0
                   0
                   0
                   0
                   0
                   0
                   0
                   0
                   0
                   0
                   0
                   0
                   0
                   0
                   0
                   0
                   0
                   0
               18600
                   0
                   0
                   0
                   0
                   0
                   0
                   0
                8400
                   0
                   0
                   0
               16800
                   0
                   0
                   0
                   0
                   0
                   0
                   0
                   0
                   0
                   0
                   0
                   0
                   0
                   0
                   0
               15600
                   0
               12000
                   0
                   0
                   0
                   0
                   0
                   0
                   0
                   0
                   0
                   0
                   0
                   0
                   0
                   0
                   0
                   0
                   0
                   0
                   0
               35100
                   0
                   0
                   0
                   0
                   0
                   0
                   0
                   0
                   0
               24300
                   0
                   0
                   0
                   0
               19500
               25200
               20100
                   0
                   0
                   0
                   0
                   0
                   0
                   0
                   0
                   0
               34800
                   0
                   0
               16200
                   0
               23400
                   0
                   0
                   0
                   0
                   0
                   0
                   0
                   0
                   0
                   0
                   0
                   0
                   0
                   0
                   0
                   0
                   0
                   0
                   0
                   0
               10500
                   0
                   0
                   0
                   0
                   0
                   0
               34200
                   0
                   0
                   0
                   0
                   0
                   0
               39300
                   0
                   0
                   0
               23700
                   0
                   0
                   0
                   0
                   0
                   0
                   0
                9600
                   0
                   0
                   0
                   0
                   0
                   0
                   0
                   0
                   0
                   0
                   0
                   0
                   0
                   0
                   0
               15300
                   0
                   0
                   0
                   0
                   0
                   0
                   0
                   0
                   0
                   0
                   0
                9000
                   0
                   0
                   0
                   0
                   0
                   0
               15900
                   0
               33600
                   0
               20100
                8400
               29400
                   0
                   0
                   0
                   0
                   0
                   0
                   0
                   0
               10200
                   0
                   0
                   0
               21900
                   0
                   0
                   0
               10200
                   0
                   0
                   0
                   0
                   0
                   0
                   0
                   0
                   0
                   0
                   0
                   0
                   0
                   0
                   0
               17100
                   0
                   0
                   0
                   0
                   0
                   0
                   0
                   0
                   0
                   0
                   0
                   0
                   0
                   0
                   0
                   0
                   0
                   0
                   0
                   0
               20700
               33300
                   0
               16500
                   0
                   0
                   0
                   0
                   0
                   0
                   0
                   0
                   0
                   0
                   0
                   0
                   0
                   0
                   0
               12000
                   0
                   0
               12300
                   0
                   0
               17100
                   0
                   0
                   0
                   0
                   0
                   0
                   0
                   0
                   0
                8400
                   0
                   0
                   0
                   0
                   0
                   0
                   0
                   0
                   0
                   0
                   0
                   0
                8700
                   0
                   0
               16800
                   0
                   0
                   0
                   0
               35400
                   0
                   0
                   0
                   0
                   0
               14400
                   0
                   0
                   0
                   0
                5700
               18300
               18900
                   0
                   0
                   0
                   0
                   0
                   0
               27600
                   0
                   0
                   0
                   0
                   0
                   0
                   0
                   0
               36900
                   0
               42300
                   0
                   0
                   0
                   0
                   0
               34200
                   0
                   0
                   0
                   0
                   0
                   0
                   0
                   0
                   0
                   0
                   0
                   0
                4800
                   0
                   0
                   0
                   0
                   0
                   0
               18600
                   0
                   0
                   0
                   0
                   0
                   0
                   0
                   0
                   0
                   0
                   0
                5700
                   0
                   0
                   0
               28200
                   0
                   0
                2400
                   0
                   0
                   0
                   0
                   0
                   0
                   0
                   0
                   0
                   0
                   0
               29100
                   0
                   0
                   0
                   0
               15900
                   0
                   0
                   0
                   0
                   0
                   0
                   0
                   0
                   0
                   0
                   0
                   0
                   0
                   0
                   0
                   0
                   0
                   0
                   0
                   0
                   0
               30900
                   0
                   0
                   0
                   0
                   0
                   0
                   0
                   0
                   0
               38100
                   0
                   0
                   0
                   0
                   0
                   0
                   0
                   0
                   0
                   0
                   0
                   0
                   0
                   0
                   0
                   0
                   0
                   0
                   0
                   0
                   0
                   0
                   0
                   0
                   0
                   0
                   0
                   0
                   0
                   0
                   0
                   0
                   0
                   0
                   0
                9900
               24900
                   0
                   0
               21000
                   0
                   0
                   0
                   0
                   0
                   0
                   0
                   0
                   0
                   0
                3000
                   0
                   0
               12000
                   0
                   0
                   0
               15900
                   0
               24900
               12900
                   0
                   0
                   0
                   0
                   0
                   0
                   0
                   0
                   0
                   0
                   0
                   0
               42000
                   0
                   0
                   0
                   0
               19500
                   0
                   0
                   0
                   0
               12300
                   0
                   0
               30300
               37200
               35400
                   0
                   0
               58200
                   0
                   0
                   0