          25
           1
           4
           2
           2
           2
           3
           3
           2
           3
           1
           3
           2
           5
           3
           4
           2
           1
           3
           3
           2
           3
           3
           1
           2
 1st Variable Cost Component, Aij
                   0
                  17
                  10
                   0
                   0
                   0
                   0
                   0
                   0
                   0
                   0
                  17
                   0
                  17
                   0
                   0
                   0
                   0
                   0
                   0
                   0
                   0
                   0
                   0
                  17
                   0
                  13
                   0
                   0
                   0
                   0
                   0
                   0
                  20
                   5
                   0
                   0
                   0
                  13
                   0
                   0
                   0
                   0
                  12
                   0
                   0
                   0
                   0
                   0
                   0
                   0
                   0
                   0
                  13
                   0
                   0
                   0
                   0
                   0
                   0
                   0
                   0
                   0
                   0
                   0
                   0
                   0
                   0
                   0
                   0
                   0
                   0
                  26
                   0
                   0
                   0
                  11
                  30
                   0
                   0
                  14
                   0
                  27
                   0
                   0
                   0
                   0
                   0
                  22
                   0
                   0
                   0
                  22
                   0
                   0
                   0
                   0
                   0
                  14
                   0
                   0
                   0
                  18
                  10
                   0
                   0
                   0
                   0
                   0
                  16
                   0
                   0
                  19
                   0
                   0
                   0
                   0
                   0
                  19
                   0
                   0
                   0
                   0
                   0
                   0
                   0
                   0
                   0
                   0
                   0
                   0
                   0
                   0
                   0
                   0
                   0
                   0
                   0
                   0
                   8
                   0
                   0
                   0
                   0
                  25
                   0
                   0
                   9
                   0
                  27
                   0
                   0
                   0
                   4
                  20
                   0
                   0
                   0
                   0
                   0
                   0
                   0
                   0
                   0
                   0
                   0
                   0
                   0
                  21
                   0
                   0
                   0
                   0
                  24
                   7
                   0
                   0
                   0
                   0
                   0
                   0
                   0
                   0
                   0
                   0
                   0
                   9
                   0
                   0
                   0
                   0
                  12
                   0
                   0
                   4
                   0
                   0
                   0
                   0
                   0
                   0
                   0
                   0
                   0
                   0
                   0
                   0
                   0
                   0
                   0
                   0
                   0
                   0
                   0
                   0
                   0
                  24
                   0
                   0
                   0
                  14
                   0
                   4
                   4
                  12
                   0
                   0
                   0
                   0
                   0
                   0
                  11
                  17
                   0
                  13
                   0
                  16
                   0
                  10
                   0
                   0
                   0
                  17
                   0
                  31
                   0
                   0
                   0
                   0
                   0
                   0
                   0
                   0
                   0
                  19
                   0
                   0
                   0
                   0
                   0
                   0
                  22
                   0
                  25
                   0
                   0
                   0
                   0
                   0
                   0
                   0
                   0
                   0
                   0
                   0
                   0
                   0
                   0
                   0
                   0
                   0
                   0
                   0
                   0
                   0
                   0
                   0
                   0
                   0
                   0
                   0
                   0
                   0
                   0
                   0
                   0
                   0
                   0
                   0
                   0
                   0
                   0
                   0
                   0
                   0
                   0
                   0
                   0
                   0
                   0
                   0
                   0
                   0
                   0
                   0
                  13
                   0
                   0
                   0
                   8
                   0
                   0
                  15
                   0
                   0
                   0
                  16
                   0
                   0
                   0
                   0
                   0
                   0
                   0
                   3
                   0
                   0
                  13
                   0
                   0
                   0
                   0
                   0
                  21
                   0
                   0
                   0
                   0
                   0
                   0
                   0
                   0
                   0
                  18
                  21
                   0
                   0
                   0
                   0
                  31
                   0
                   0
                   0
                   0
                   0
                   0
                   0
                   0
                   0
                   0
                   0
                   0
                   0
                   0
                   0
                   0
                   0
                   0
                   0
                   0
                   0
                   0
                   0
                   0
                   0
                   0
                   0
                   0
                   0
                   0
                  18
                   0
                   0
                   0
                   0
                   0
                   9
                   0
                   0
                   0
                   0
                   0
                   0
                   3
                   0
                   0
                   0
                   0
                   0
                  18
                   0
                   9
                   0
                   0
                   9
                   0
                   0
                   0
                   0
                   0
                   0
                   0
                   0
                   0
                   0
                   0
                   0
                  12
                   0
                   0
                   0
                   0
                   0
                   0
                   0
                   0
                   0
                   0
                  16
                   0
                   8
                   0
                   0
                   0
                   0
                   0
                   0
                   2
                   0
                   0
                   0
                   0
                  24
                   0
                   0
                   0
                   0
                   0
                   0
                   0
                   0
                   0
                   0
                   0
                   8
                   0
                   0
                   0
                   0
                   0
                   0
                   0
                   0
                   0
                   0
                   0
                   0
                   0
                   0
                   0
                  20
                   0
                  13
                   0
                   0
                  18
                   0
                   0
                   0
                   0
                   0
                   0
                   0
                   0
                   0
                   0
                   0
                   0
                   0
                   0
                   0
                  18
                   0
                   0
                  31
                   0
                   0
                   0
                   0
                  32
                   0
                   0
                   0
                   0
                   0
                   0
                   0
                   0
                   0
                   0
                   0
                   0
                   0
                   0
                  18
                   0
                   0
                   0
                   0
                   9
                   0
                   0
                   0
                   0
                   0
                   0
                   0
                  10
                   0
                   0
                   0
                   0
                   0
                   0
                   0
                   0
                   0
                  12
                   6
                  15
                   0
                   0
                   0
                   0
                   0
                   0
                   0
                  33
                   0
                   0
                   0
                   0
                   0
                   0
                   0
                   0
                   0
                  19
                   0
                   0
                   0
                   0
                   0
                   3
                   0
                   0
                   0
                  31
                   0
                   0
                   5
                  28
                   0
                  15
                   0
                  19
                  36
                   0
                   0
                  21
                   0
                   0
                   0
                   0
                   6
                  21
                   0
                  28
                  24
                  26
 2nd Variable Cost Component, Bij
                   0
                  86
                  53
            50000000
            50000000
            50000000
            50000000
            50000000
            50000000
            50000000
            50000000
                  85
            50000000
                  87
            50000000
            50000000
            50000000
            50000000
            50000000
            50000000
            50000000
            50000000
            50000000
            50000000
                  86
                   0
                  67
            50000000
            50000000
            50000000
            50000000
            50000000
            50000000
                 103
                  28
            50000000
            50000000
            50000000
                  69
            50000000
            50000000
            50000000
            50000000
                  64
            50000000
            50000000
            50000000
            50000000
            50000000
            50000000
                   0
            50000000
            50000000
                  66
            50000000
            50000000
            50000000
            50000000
            50000000
            50000000
            50000000
            50000000
            50000000
            50000000
            50000000
            50000000
            50000000
            50000000
            50000000
            50000000
            50000000
            50000000
                 134
            50000000
            50000000
                   0
                  59
                 151
            50000000
            50000000
                  70
            50000000
                 139
            50000000
            50000000
            50000000
            50000000
            50000000
                 110
            50000000
            50000000
            50000000
                 113
            50000000
            50000000
            50000000
            50000000
            50000000
                  73
            50000000
                   0
            50000000
                  90
                  52
            50000000
            50000000
            50000000
            50000000
            50000000
                  83
            50000000
            50000000
                  99
            50000000
            50000000
            50000000
            50000000
            50000000
                  98
            50000000
            50000000
            50000000
            50000000
            50000000
            50000000
                   0
            50000000
            50000000
            50000000
            50000000
            50000000
            50000000
            50000000
            50000000
            50000000
            50000000
            50000000
            50000000
            50000000
                  41
            50000000
            50000000
            50000000
            50000000
                 128
            50000000
            50000000
                  45
            50000000
                 136
                   0
            50000000
            50000000
                  20
                 100
            50000000
            50000000
            50000000
            50000000
            50000000
            50000000
            50000000
            50000000
            50000000
            50000000
            50000000
            50000000
            50000000
                 105
            50000000
            50000000
            50000000
            50000000
                 121
                  38
                   0
            50000000
            50000000
            50000000
            50000000
            50000000
            50000000
            50000000
            50000000
            50000000
            50000000
                  46
            50000000
            50000000
            50000000
            50000000
                  61
            50000000
            50000000
                  24
            50000000
            50000000
            50000000
            50000000
            50000000
                   0
            50000000
            50000000
            50000000
            50000000
            50000000
            50000000
            50000000
            50000000
            50000000
            50000000
            50000000
            50000000
            50000000
            50000000
            50000000
                 120
            50000000
            50000000
            50000000
                  70
            50000000
                  20
                  20
                  60
                   0
            50000000
            50000000
            50000000
            50000000
            50000000
                  59
                  89
            50000000
                  65
            50000000
                  84
            50000000
                  54
            50000000
            50000000
            50000000
                  89
            50000000
                 156
            50000000
            50000000
            50000000
            50000000
            50000000
                   0
            50000000
            50000000
            50000000
                  97
            50000000
            50000000
            50000000
            50000000
            50000000
            50000000
                 113
            50000000
                 125
            50000000
            50000000
            50000000
            50000000
            50000000
            50000000
            50000000
            50000000
            50000000
            50000000
            50000000
                   0
            50000000
            50000000
            50000000
            50000000
            50000000
            50000000
            50000000
            50000000
            50000000
            50000000
            50000000
            50000000
            50000000
            50000000
            50000000
            50000000
            50000000
            50000000
            50000000
            50000000
            50000000
            50000000
            50000000
            50000000
                   0
            50000000
            50000000
            50000000
            50000000
            50000000
            50000000
            50000000
            50000000
            50000000
            50000000
            50000000
            50000000
            50000000
            50000000
                  69
            50000000
            50000000
            50000000
                  41
            50000000
            50000000
                  75
            50000000
            50000000
                   0
                  83
            50000000
            50000000
            50000000
            50000000
            50000000
            50000000
            50000000
                  15
            50000000
            50000000
                  69
            50000000
            50000000
            50000000
            50000000
            50000000
                 109
            50000000
            50000000
            50000000
            50000000
            50000000
            50000000
                   0
            50000000
            50000000
                  93
                 109
            50000000
            50000000
            50000000
            50000000
                 158
            50000000
            50000000
            50000000
            50000000
            50000000
            50000000
            50000000
            50000000
            50000000
            50000000
            50000000
            50000000
            50000000
            50000000
            50000000
                   0
            50000000
            50000000
            50000000
            50000000
            50000000
            50000000
            50000000
            50000000
            50000000
            50000000
            50000000
            50000000
            50000000
            50000000
                  93
            50000000
            50000000
            50000000
            50000000
            50000000
                  47
            50000000
            50000000
            50000000
                   0
            50000000
            50000000
                  17
            50000000
            50000000
            50000000
            50000000
            50000000
                  92
            50000000
                  47
            50000000
            50000000
                  48
            50000000
            50000000
            50000000
            50000000
            50000000
            50000000
            50000000
            50000000
            50000000
            50000000
                   0
            50000000
                  64
            50000000
            50000000
            50000000
            50000000
            50000000
            50000000
            50000000
            50000000
            50000000
            50000000
                  84
            50000000
                  41
            50000000
            50000000
            50000000
            50000000
            50000000
            50000000
                  10
            50000000
            50000000
                   0
            50000000
                 123
            50000000
            50000000
            50000000
            50000000
            50000000
            50000000
            50000000
            50000000
            50000000
            50000000
            50000000
                  44
            50000000
            50000000
            50000000
            50000000
            50000000
            50000000
            50000000
            50000000
            50000000
            50000000
                   0
            50000000
            50000000
            50000000
            50000000
                 103
            50000000
                  68
            50000000
            50000000
                  92
            50000000
            50000000
            50000000
            50000000
            50000000
            50000000
            50000000
            50000000
            50000000
            50000000
            50000000
            50000000
            50000000
            50000000
                   0
                  91
            50000000
            50000000
                 158
            50000000
            50000000
            50000000
            50000000
                 163
            50000000
            50000000
            50000000
            50000000
            50000000
            50000000
            50000000
            50000000
            50000000
            50000000
            50000000
            50000000
            50000000
            50000000
                  91
                   0
            50000000
            50000000
            50000000
                  49
            50000000
            50000000
            50000000
            50000000
            50000000
            50000000
            50000000
                  54
            50000000
            50000000
            50000000
            50000000
            50000000
            50000000
            50000000
            50000000
            50000000
                  60
                  34
                  75
                   0
            50000000
            50000000
            50000000
            50000000
            50000000
            50000000
                 168
            50000000
            50000000
            50000000
            50000000
            50000000
            50000000
            50000000
            50000000
            50000000
                  99
            50000000
            50000000
            50000000
            50000000
            50000000
                  15
            50000000
                   0
            50000000
                 159
            50000000
            50000000
                  26
                 142
            50000000
                  79
            50000000
                  96
                 180
            50000000
            50000000
                 108
            50000000
            50000000
            50000000
            50000000
                  34
                 106
            50000000
                 140
                 122
                 130
 Fixed Cost Component, Cij
                   0
               25800
               15900
                   0
                   0
                   0
                   0
                   0
                   0
                   0
                   0
               25500
                   0
               26100
                   0
                   0
                   0
                   0
                   0
                   0
                   0
                   0
                   0
                   0
               25800
                   0
               20100
                   0
                   0
                   0
                   0
                   0
                   0
               30900
                8400
                   0
                   0
                   0
               20700
                   0
                   0
                   0
                   0
               19200
                   0
                   0
                   0
                   0
                   0
                   0
                   0
                   0
                   0
               19800
                   0
                   0
                   0
                   0
                   0
                   0
                   0
                   0
                   0
                   0
                   0
                   0
                   0
                   0
                   0
                   0
                   0
                   0
               40200
                   0
                   0
                   0
               17700
               45300
                   0
                   0
               21000
                   0
               41700
                   0
                   0
                   0
                   0
                   0
               33000
                   0
                   0
                   0
               33900
                   0
                   0
                   0
                   0
                   0
               21900
                   0
                   0
                   0
               27000
               15600
                   0
                   0
                   0
                   0
                   0
               24900
                   0
                   0
               29700
                   0
                   0
                   0
                   0
                   0
               29400
                   0
                   0
                   0
                   0
                   0
                   0
                   0
                   0
                   0
                   0
                   0
                   0
                   0
                   0
                   0
                   0
                   0
                   0
                   0
                   0
               12300
                   0
                   0
                   0
                   0
               38400
                   0
                   0
               13500
                   0
               40800
                   0
                   0
                   0
                6000
               30000
                   0
                   0
                   0
                   0
                   0
                   0
                   0
                   0
                   0
                   0
                   0
                   0
                   0
               31500
                   0
                   0
                   0
                   0
               36300
               11400
                   0
                   0
                   0
                   0
                   0
                   0
                   0
                   0
                   0
                   0
                   0
               13800
                   0
                   0
                   0
                   0
               18300
                   0
                   0
                7200
                   0
                   0
                   0
                   0
                   0
                   0
                   0
                   0
                   0
                   0
                   0
                   0
                   0
                   0
                   0
                   0
                   0
                   0
                   0
                   0
                   0
               36000
                   0
                   0
                   0
               21000
                   0
                6000
                6000
               18000
                   0
                   0
                   0
                   0
                   0
                   0
               17700
               26700
                   0
               19500
                   0
               25200
                   0
               16200
                   0
                   0
                   0
               26700
                   0
               46800
                   0
                   0
                   0
                   0
                   0
                   0
                   0
                   0
                   0
               29100
                   0
                   0
                   0
                   0
                   0
                   0
               33900
                   0
               37500
                   0
                   0
                   0
                   0
                   0
                   0
                   0
                   0
                   0
                   0
                   0
                   0
                   0
                   0
                   0
                   0
                   0
                   0
                   0
                   0
                   0
                   0
                   0
                   0
                   0
                   0
                   0
                   0
                   0
                   0
                   0
                   0
                   0
                   0
                   0
                   0
                   0
                   0
                   0
                   0
                   0
                   0
                   0
                   0
                   0
                   0
                   0
                   0
                   0
                   0
                   0
               20700
                   0
                   0
                   0
               12300
                   0
                   0
               22500
                   0
                   0
                   0
               24900
                   0
                   0
                   0
                   0
                   0
                   0
                   0
                4500
                   0
                   0
               20700
                   0
                   0
                   0
                   0
                   0
               32700
                   0
                   0
                   0
                   0
                   0
                   0
                   0
                   0
                   0
               27900
               32700
                   0
                   0
                   0
                   0
               47400
                   0
                   0
                   0
                   0
                   0
                   0
                   0
                   0
                   0
                   0
                   0
                   0
                   0
                   0
                   0
                   0
                   0
                   0
                   0
                   0
                   0
                   0
                   0
                   0
                   0
                   0
                   0
                   0
                   0
                   0
               27900
                   0
                   0
                   0
                   0
                   0
               14100
                   0
                   0
                   0
                   0
                   0
                   0
                5100
                   0
                   0
                   0
                   0
                   0
               27600
                   0
               14100
                   0
                   0
               14400
                   0
                   0
                   0
                   0
                   0
                   0
                   0
                   0
                   0
                   0
                   0
                   0
               19200
                   0
                   0
                   0
                   0
                   0
                   0
                   0
                   0
                   0
                   0
               25200
                   0
               12300
                   0
                   0
                   0
                   0
                   0
                   0
                3000
                   0
                   0
                   0
                   0
               36900
                   0
                   0
                   0
                   0
                   0
                   0
                   0
                   0
                   0
                   0
                   0
               13200
                   0
                   0
                   0
                   0
                   0
                   0
                   0
                   0
                   0
                   0
                   0
                   0
                   0
                   0
                   0
               30900
                   0
               20400
                   0
                   0
               27600
                   0
                   0
                   0
                   0
                   0
                   0
                   0
                   0
                   0
                   0
                   0
                   0
                   0
                   0
                   0
               27300
                   0
                   0
               47400
                   0
                   0
                   0
                   0
               48900
                   0
                   0
                   0
                   0
                   0
                   0
                   0
                   0
                   0
                   0
                   0
                   0
                   0
                   0
               27300
                   0
                   0
                   0
                   0
               14700
                   0
                   0
                   0
                   0
                   0
                   0
                   0
               16200
                   0
                   0
                   0
                   0
                   0
                   0
                   0
                   0
                   0
               18000
               10200
               22500
                   0
                   0
                   0
                   0
                   0
                   0
                   0
               50400
                   0
                   0
                   0
                   0
                   0
                   0
                   0
                   0
                   0
               29700
                   0
                   0
                   0
                   0
                   0
                4500
                   0
                   0
                   0
               47700
                   0
                   0
                7800
               42600
                   0
               23700
                   0
               28800
               54000
                   0
                   0
               32400
                   0
                   0
                   0
                   0
               10200
               31800
                   0
               42000
               36600
               39000