          25
           1
           3
           1
           1
          10
           4
           7
           3
           9
           7
           8
           7
           2
           6
           7
           4
           8
           9
           8
           8
           1
           2
           9
           2
 1st Variable Cost Component, Aij
                   0
                   0
                   0
                   0
                   0
                   0
                   0
                   0
                   0
                   0
                   0
                   0
                   0
                   0
                   0
                   0
                   0
                   0
                   0
                   0
                   5
                   0
                   5
                   0
                   5
                   0
                   0
                   0
                   0
                   0
                   0
                   0
                   0
                   0
                   0
                   0
                  11
                   0
                   0
                   0
                   0
                   0
                   0
                   0
                   0
                   0
                   0
                   2
                   0
                   9
                   0
                   7
                   0
                   0
                   0
                   0
                   5
                  11
                   6
                   0
                   0
                   0
                  11
                   0
                   0
                   0
                   0
                   0
                   0
                   9
                   9
                   6
                   0
                   5
                   0
                   0
                   5
                   0
                   7
                   0
                   0
                   9
                   0
                   0
                   0
                   4
                   0
                   8
                   0
                   0
                   0
                   0
                   4
                   0
                   0
                   0
                   0
                   0
                   0
                   0
                   0
                   2
                   0
                   0
                   0
                   0
                   0
                   0
                   9
                   0
                   0
                   0
                   0
                   0
                   0
                   0
                   0
                   0
                   0
                   0
                   6
                   0
                   0
                   0
                   0
                   0
                   0
                   0
                   0
                   0
                   8
                   0
                   0
                   0
                   0
                   0
                  10
                   0
                   0
                   0
                   0
                   0
                   0
                   0
                   0
                   0
                   0
                   0
                   0
                   0
                   0
                   0
                   0
                   0
                   0
                   0
                   0
                   0
                   0
                   0
                   0
                   0
                   0
                   0
                   0
                   0
                   0
                   0
                   0
                   0
                   0
                  12
                   0
                   0
                   0
                   0
                  13
                   0
                   0
                   0
                   0
                  10
                   0
                   0
                   0
                   0
                   0
                   0
                   0
                   0
                   8
                   0
                   0
                   0
                   5
                   0
                   0
                   0
                   0
                   0
                   0
                   0
                   0
                   0
                   0
                   0
                   0
                   0
                   0
                   0
                   0
                   0
                   0
                   0
                   0
                   0
                   8
                   0
                   0
                   0
                   3
                   0
                   0
                   0
                   0
                   0
                   0
                   0
                   7
                   0
                   0
                   0
                   0
                   0
                   0
                   0
                   0
                   0
                   0
                   0
                   0
                   0
                   6
                   0
                   0
                   0
                   0
                   0
                   0
                   0
                   0
                   0
                   0
                   0
                   0
                   0
                   0
                   0
                   9
                   0
                  13
                   0
                   0
                   0
                   0
                   7
                   0
                   0
                   0
                   0
                   0
                   0
                   0
                   0
                   0
                   0
                   0
                   0
                   0
                   0
                   0
                   0
                   0
                   0
                   0
                   0
                   0
                   0
                   0
                   0
                   0
                   0
                   0
                   0
                   0
                   0
                  15
                   0
                   0
                   0
                   0
                   0
                   0
                   0
                   0
                   0
                   0
                   0
                   0
                   0
                   0
                   0
                   0
                   0
                   0
                   0
                   0
                   0
                   3
                  10
                   3
                   0
                   0
                   0
                   0
                   0
                   0
                  10
                   0
                   0
                   0
                   0
                   8
                   7
                   0
                   0
                   0
                   3
                   0
                   0
                   0
                   0
                   0
                   0
                   0
                   0
                   0
                   0
                   0
                   0
                   0
                   0
                   0
                  11
                  10
                   0
                   0
                   0
                   0
                   0
                   0
                   0
                  12
                   0
                   0
                   0
                   0
                   0
                   0
                   0
                   0
                   0
                  10
                  10
                   0
                   0
                   0
                   0
                   0
                   0
                   0
                   3
                   0
                   0
                   0
                   0
                   6
                   2
                   0
                   0
                   0
                   0
                   1
                   0
                  12
                   0
                   0
                   0
                   0
                   0
                   0
                   0
                   0
                   0
                   0
                   0
                   0
                   0
                   0
                   0
                   0
                   0
                   0
                   0
                   0
                   0
                   0
                   0
                   0
                   0
                  13
                   0
                   0
                   0
                   0
                   0
                   0
                   0
                   0
                   0
                   0
                   0
                   0
                   0
                   0
                  12
                   0
                   0
                   0
                   0
                   0
                   0
                   0
                   0
                   0
                   0
                  10
                   0
                  14
                   0
                   0
                  11
                   0
                   0
                   0
                   0
                   0
                   0
                   0
                   0
                   0
                   0
                   0
                   0
                   0
                   9
                   0
                   0
                   0
                   1
                   0
                   0
                   0
                   0
                   0
                   0
                   6
                   0
                   0
                   0
                   0
                   0
                   0
                   0
                   0
                   0
                   9
                   0
                   0
                   0
                   0
                   0
                   0
                   0
                   0
                   0
                   0
                   0
                   0
                   0
                   0
                   5
                   0
                   0
                   6
                   0
                   0
                   0
                   0
                   0
                   0
                   0
                   8
                   0
                   0
                   7
                   0
                   0
                   5
                   0
                   0
                   0
                   0
                   6
                   5
                   0
                   0
                   0
                   0
                   0
                   0
                   0
                   0
                   0
                   0
                   0
                   0
                   0
                   0
                   0
                   0
                   0
                   0
                   0
                   0
                   0
                   0
                   5
                   0
                   0
                   0
                   0
                   0
                   0
                   0
                   0
                   0
                   0
                   0
                   0
                   5
                   0
                   8
                   0
                   0
                   0
                   0
                   0
                   6
                   6
                   0
                   0
                   0
                   3
                   0
                   0
                   0
                  14
                   0
                  13
                   0
                  12
                   0
                   0
                   0
                  14
                   4
                   0
                   0
                   8
                   0
                  15
                   0
                   0
                   0
                   0
                   0
                  12
                   0
                   0
 2nd Variable Cost Component, Bij
                   0
            50000000
            50000000
            50000000
            50000000
            50000000
            50000000
            50000000
            50000000
            50000000
            50000000
            50000000
            50000000
            50000000
            50000000
            50000000
            50000000
            50000000
            50000000
            50000000
                  58
            50000000
                  55
            50000000
                  53
                   0
            50000000
            50000000
            50000000
            50000000
            50000000
            50000000
            50000000
            50000000
            50000000
            50000000
                 122
            50000000
            50000000
            50000000
            50000000
            50000000
            50000000
            50000000
            50000000
            50000000
            50000000
                  31
            50000000
                 101
                   0
                  78
            50000000
            50000000
            50000000
            50000000
                  57
                 122
                  68
            50000000
            50000000
            50000000
                 119
            50000000
            50000000
            50000000
            50000000
            50000000
            50000000
                  97
                  97
                  70
            50000000
                  56
            50000000
                   0
                  63
            50000000
                  81
            50000000
            50000000
                 104
            50000000
            50000000
            50000000
                  52
            50000000
                  93
            50000000
            50000000
            50000000
            50000000
                  52
            50000000
            50000000
            50000000
            50000000
            50000000
            50000000
            50000000
                   0
                  24
            50000000
            50000000
            50000000
            50000000
            50000000
            50000000
                 105
            50000000
            50000000
            50000000
            50000000
            50000000
            50000000
            50000000
            50000000
            50000000
            50000000
            50000000
                  72
            50000000
            50000000
            50000000
            50000000
                   0
            50000000
            50000000
            50000000
            50000000
                  91
            50000000
            50000000
            50000000
            50000000
            50000000
                 108
            50000000
            50000000
            50000000
            50000000
            50000000
            50000000
            50000000
            50000000
            50000000
            50000000
            50000000
            50000000
            50000000
                   0
            50000000
            50000000
            50000000
            50000000
            50000000
            50000000
            50000000
            50000000
            50000000
            50000000
            50000000
            50000000
            50000000
            50000000
            50000000
            50000000
            50000000
            50000000
            50000000
            50000000
                 135
            50000000
            50000000
            50000000
                   0
                 140
            50000000
            50000000
            50000000
            50000000
                 113
            50000000
            50000000
            50000000
            50000000
            50000000
            50000000
            50000000
            50000000
                  89
            50000000
            50000000
            50000000
                  57
            50000000
            50000000
            50000000
            50000000
            50000000
                   0
            50000000
            50000000
            50000000
            50000000
            50000000
            50000000
            50000000
            50000000
            50000000
            50000000
            50000000
            50000000
            50000000
            50000000
            50000000
                  95
            50000000
            50000000
            50000000
                  41
            50000000
            50000000
            50000000
            50000000
                   0
            50000000
            50000000
                  81
            50000000
            50000000
            50000000
            50000000
            50000000
            50000000
            50000000
            50000000
            50000000
            50000000
            50000000
            50000000
            50000000
                  68
            50000000
            50000000
            50000000
            50000000
            50000000
            50000000
            50000000
                   0
            50000000
            50000000
            50000000
            50000000
            50000000
            50000000
            50000000
                 101
            50000000
                 146
            50000000
            50000000
            50000000
            50000000
                  76
            50000000
            50000000
            50000000
            50000000
            50000000
            50000000
            50000000
            50000000
            50000000
                   0
            50000000
            50000000
            50000000
            50000000
            50000000
            50000000
            50000000
            50000000
            50000000
            50000000
            50000000
            50000000
            50000000
            50000000
            50000000
            50000000
            50000000
            50000000
            50000000
            50000000
                 165
            50000000
            50000000
            50000000
                   0
            50000000
            50000000
            50000000
            50000000
            50000000
            50000000
            50000000
            50000000
            50000000
            50000000
            50000000
            50000000
            50000000
            50000000
            50000000
            50000000
            50000000
                  39
                 113
                  34
            50000000
            50000000
            50000000
            50000000
                   0
            50000000
                 111
            50000000
            50000000
            50000000
            50000000
                  92
                  83
            50000000
            50000000
            50000000
                  32
            50000000
            50000000
            50000000
            50000000
            50000000
            50000000
            50000000
            50000000
            50000000
            50000000
            50000000
            50000000
                   0
            50000000
            50000000
                 120
                 116
            50000000
                   5
            50000000
            50000000
            50000000
            50000000
            50000000
                 128
            50000000
            50000000
            50000000
            50000000
            50000000
            50000000
            50000000
            50000000
            50000000
                 107
                 111
            50000000
                   0
            50000000
            50000000
            50000000
            50000000
            50000000
                  32
            50000000
            50000000
            50000000
            50000000
                  71
                  30
            50000000
            50000000
            50000000
            50000000
                  14
            50000000
                 133
            50000000
            50000000
            50000000
            50000000
            50000000
                   0
            50000000
            50000000
            50000000
            50000000
            50000000
            50000000
            50000000
            50000000
            50000000
            50000000
            50000000
            50000000
            50000000
            50000000
            50000000
            50000000
            50000000
            50000000
            50000000
                 138
            50000000
            50000000
            50000000
            50000000
                   0
            50000000
            50000000
            50000000
            50000000
            50000000
            50000000
            50000000
            50000000
            50000000
                 134
            50000000
            50000000
            50000000
            50000000
            50000000
            50000000
            50000000
            50000000
            50000000
            50000000
                 116
            50000000
                 157
            50000000
                   0
                 119
            50000000
            50000000
            50000000
            50000000
            50000000
            50000000
            50000000
            50000000
            50000000
            50000000
            50000000
            50000000
            50000000
                  97
            50000000
            50000000
            50000000
                  19
            50000000
            50000000
            50000000
            50000000
            50000000
                   0
                  73
            50000000
            50000000
            50000000
            50000000
            50000000
            50000000
            50000000
            50000000
            50000000
                 104
            50000000
            50000000
            50000000
            50000000
            50000000
            50000000
            50000000
            50000000
            50000000
            50000000
            50000000
            50000000
            50000000
                   0
                  56
            50000000
            50000000
                  66
            50000000
            50000000
            50000000
            50000000
            50000000
            50000000
            50000000
                  94
            50000000
            50000000
                  83
            50000000
            50000000
                  60
            50000000
            50000000
            50000000
            50000000
                  69
                  56
                   0
            50000000
            50000000
            50000000
            50000000
            50000000
            50000000
            50000000
            50000000
            50000000
            50000000
            50000000
            50000000
            50000000
            50000000
            50000000
            50000000
            50000000
            50000000
            50000000
            50000000
            50000000
                  62
            50000000
            50000000
                   0
            50000000
            50000000
            50000000
            50000000
            50000000
            50000000
            50000000
            50000000
            50000000
                  61
            50000000
                  95
            50000000
            50000000
            50000000
            50000000
            50000000
                  70
                  72
            50000000
            50000000
            50000000
                  33
            50000000
                   0
            50000000
                 149
            50000000
                 139
            50000000
                 127
            50000000
            50000000
            50000000
                 151
                  45
            50000000
            50000000
                  88
            50000000
                 167
            50000000
            50000000
            50000000
            50000000
            50000000
                 135
            50000000
            50000000
 Fixed Cost Component, Cij
                   0
                   0
                   0
                   0
                   0
                   0
                   0
                   0
                   0
                   0
                   0
                   0
                   0
                   0
                   0
                   0
                   0
                   0
                   0
                   0
                 319
                   0
                 302
                   0
                 291
                   0
                   0
                   0
                   0
                   0
                   0
                   0
                   0
                   0
                   0
                   0
                 671
                   0
                   0
                   0
                   0
                   0
                   0
                   0
                   0
                   0
                   0
                 170
                   0
                 555
                   0
                 429
                   0
                   0
                   0
                   0
                 313
                 671
                 374
                   0
                   0
                   0
                 654
                   0
                   0
                   0
                   0
                   0
                   0
                 533
                 533
                 385
                   0
                 308
                   0
                   0
                 346
                   0
                 445
                   0
                   0
                 572
                   0
                   0
                   0
                 286
                   0
                 511
                   0
                   0
                   0
                   0
                 286
                   0
                   0
                   0
                   0
                   0
                   0
                   0
                   0
                 132
                   0
                   0
                   0
                   0
                   0
                   0
                 577
                   0
                   0
                   0
                   0
                   0
                   0
                   0
                   0
                   0
                   0
                   0
                 396
                   0
                   0
                   0
                   0
                   0
                   0
                   0
                   0
                   0
                 500
                   0
                   0
                   0
                   0
                   0
                 594
                   0
                   0
                   0
                   0
                   0
                   0
                   0
                   0
                   0
                   0
                   0
                   0
                   0
                   0
                   0
                   0
                   0
                   0
                   0
                   0
                   0
                   0
                   0
                   0
                   0
                   0
                   0
                   0
                   0
                   0
                   0
                   0
                   0
                   0
                 742
                   0
                   0
                   0
                   0
                 770
                   0
                   0
                   0
                   0
                 621
                   0
                   0
                   0
                   0
                   0
                   0
                   0
                   0
                 489
                   0
                   0
                   0
                 313
                   0
                   0
                   0
                   0
                   0
                   0
                   0
                   0
                   0
                   0
                   0
                   0
                   0
                   0
                   0
                   0
                   0
                   0
                   0
                   0
                   0
                 522
                   0
                   0
                   0
                 225
                   0
                   0
                   0
                   0
                   0
                   0
                   0
                 445
                   0
                   0
                   0
                   0
                   0
                   0
                   0
                   0
                   0
                   0
                   0
                   0
                   0
                 374
                   0
                   0
                   0
                   0
                   0
                   0
                   0
                   0
                   0
                   0
                   0
                   0
                   0
                   0
                   0
                 555
                   0
                 803
                   0
                   0
                   0
                   0
                 418
                   0
                   0
                   0
                   0
                   0
                   0
                   0
                   0
                   0
                   0
                   0
                   0
                   0
                   0
                   0
                   0
                   0
                   0
                   0
                   0
                   0
                   0
                   0
                   0
                   0
                   0
                   0
                   0
                   0
                   0
                 907
                   0
                   0
                   0
                   0
                   0
                   0
                   0
                   0
                   0
                   0
                   0
                   0
                   0
                   0
                   0
                   0
                   0
                   0
                   0
                   0
                   0
                 214
                 621
                 187
                   0
                   0
                   0
                   0
                   0
                   0
                 610
                   0
                   0
                   0
                   0
                 506
                 456
                   0
                   0
                   0
                 176
                   0
                   0
                   0
                   0
                   0
                   0
                   0
                   0
                   0
                   0
                   0
                   0
                   0
                   0
                   0
                 660
                 638
                   0
                  27
                   0
                   0
                   0
                   0
                   0
                 704
                   0
                   0
                   0
                   0
                   0
                   0
                   0
                   0
                   0
                 588
                 610
                   0
                   0
                   0
                   0
                   0
                   0
                   0
                 176
                   0
                   0
                   0
                   0
                 390
                 165
                   0
                   0
                   0
                   0
                  77
                   0
                 731
                   0
                   0
                   0
                   0
                   0
                   0
                   0
                   0
                   0
                   0
                   0
                   0
                   0
                   0
                   0
                   0
                   0
                   0
                   0
                   0
                   0
                   0
                   0
                   0
                   0
                 759
                   0
                   0
                   0
                   0
                   0
                   0
                   0
                   0
                   0
                   0
                   0
                   0
                   0
                   0
                 737
                   0
                   0
                   0
                   0
                   0
                   0
                   0
                   0
                   0
                   0
                 638
                   0
                 863
                   0
                   0
                 654
                   0
                   0
                   0
                   0
                   0
                   0
                   0
                   0
                   0
                   0
                   0
                   0
                   0
                 533
                   0
                   0
                   0
                 104
                   0
                   0
                   0
                   0
                   0
                   0
                 401
                   0
                   0
                   0
                   0
                   0
                   0
                   0
                   0
                   0
                 572
                   0
                   0
                   0
                   0
                   0
                   0
                   0
                   0
                   0
                   0
                   0
                   0
                   0
                   0
                 308
                   0
                   0
                 363
                   0
                   0
                   0
                   0
                   0
                   0
                   0
                 517
                   0
                   0
                 456
                   0
                   0
                 330
                   0
                   0
                   0
                   0
                 379
                 308
                   0
                   0
                   0
                   0
                   0
                   0
                   0
                   0
                   0
                   0
                   0
                   0
                   0
                   0
                   0
                   0
                   0
                   0
                   0
                   0
                   0
                   0
                 341
                   0
                   0
                   0
                   0
                   0
                   0
                   0
                   0
                   0
                   0
                   0
                   0
                 335
                   0
                 522
                   0
                   0
                   0
                   0
                   0
                 385
                 396
                   0
                   0
                   0
                 181
                   0
                   0
                   0
                 819
                   0
                 764
                   0
                 698
                   0
                   0
                   0
                 830
                 247
                   0
                   0
                 484
                   0
                 918
                   0
                   0
                   0
                   0
                   0
                 742
                   0
                   0