          25
           2
           2
           6
          10
           4
           4
           5
           6
           2
           1
           1
           1
           6
           7
           2
           8
           4
           4
           2
           3
          10
           8
          10
           3
 1st Variable Cost Component, Aij
                   0
                   0
                   0
                   1
                   0
                   1
                   0
                  11
                   0
                   5
                   0
                   0
                   0
                   0
                   0
                   0
                   0
                   0
                   0
                   6
                   0
                   5
                   7
                   0
                   0
                   0
                   0
                   0
                   0
                   0
                   0
                   0
                   0
                   0
                   0
                   0
                   0
                   0
                   0
                   0
                   0
                   0
                   0
                   0
                   0
                   0
                   0
                   0
                   0
                   0
                   0
                   0
                   0
                   0
                   0
                   0
                   0
                   0
                   0
                   0
                   0
                   0
                   8
                  12
                   0
                   0
                   0
                   0
                   0
                   0
                   0
                   0
                   0
                   1
                   0
                   0
                   5
                   0
                   0
                   0
                   8
                   0
                   0
                   0
                   0
                   0
                   0
                   0
                   0
                   0
                   0
                   0
                   0
                   0
                   0
                   0
                   0
                   0
                   0
                   0
                   0
                   0
                   0
                   0
                   0
                   0
                   0
                   0
                   0
                   0
                   0
                   0
                   0
                   0
                   0
                   0
                   0
                   0
                   0
                   0
                   0
                   0
                   0
                   0
                   0
                   0
                   0
                   0
                   0
                   0
                   0
                   0
                   0
                   0
                   0
                   0
                   0
                   0
                   3
                   0
                   0
                   0
                   0
                   0
                   0
                   0
                   0
                   0
                   0
                   0
                   0
                   9
                   0
                   0
                   0
                   0
                   0
                   0
                   0
                   0
                   0
                   0
                   0
                   0
                   0
                  11
                   0
                  10
                  11
                   0
                   0
                  10
                   0
                   0
                   0
                   0
                  13
                   0
                   0
                   0
                   0
                   0
                   0
                   0
                   6
                   0
                   0
                   0
                   0
                   0
                   7
                   0
                   0
                   6
                   0
                   0
                   0
                   0
                   7
                   0
                   0
                   0
                   0
                   0
                   7
                   0
                   0
                   0
                   7
                   0
                   0
                   0
                   0
                   0
                   0
                   0
                   0
                   0
                   0
                   0
                   0
                   0
                   0
                   0
                   7
                   0
                   0
                   9
                   0
                   0
                   0
                   0
                   0
                   0
                   3
                   0
                   0
                   0
                   0
                   0
                   0
                   0
                   0
                   0
                   0
                   0
                   0
                   0
                   0
                   0
                   0
                   0
                   0
                   0
                   0
                   0
                   0
                   0
                   0
                   0
                   0
                   0
                   0
                   0
                   4
                   0
                   0
                   0
                   0
                   4
                   0
                   0
                   0
                   9
                   0
                   0
                   0
                   0
                   0
                   0
                   0
                   0
                   0
                   9
                   0
                   0
                   8
                   0
                   0
                   0
                   0
                   0
                   0
                   0
                   0
                   0
                   0
                   0
                   0
                   0
                   0
                   6
                   9
                   0
                   0
                   0
                   0
                   0
                   0
                   0
                   0
                   2
                   0
                   0
                   0
                   0
                   0
                   0
                   0
                   0
                   0
                   0
                   0
                   0
                   0
                   0
                   0
                   0
                   6
                   0
                   1
                   0
                   4
                   0
                   2
                   0
                   0
                   0
                   0
                   0
                   0
                   0
                   0
                   4
                   0
                   0
                   0
                   0
                   0
                   6
                   0
                   0
                   0
                   0
                   0
                   0
                   0
                   0
                   0
                   9
                   0
                   0
                   0
                   0
                   0
                   0
                   0
                   0
                   0
                   0
                   0
                   0
                   0
                   9
                   0
                   0
                   0
                   0
                   0
                   0
                   0
                   0
                   0
                   0
                   0
                   0
                   0
                   0
                   0
                   7
                   5
                   6
                   0
                   0
                   0
                   0
                   8
                   6
                   0
                   0
                   0
                   0
                   0
                   8
                   0
                   0
                   0
                   0
                   0
                   0
                   0
                   0
                   0
                   1
                   0
                  12
                   0
                   0
                   0
                   0
                   2
                   0
                   0
                   0
                   0
                   0
                   0
                   0
                   0
                   0
                   0
                   0
                   0
                   0
                   0
                   3
                   0
                   0
                   0
                   0
                   0
                   0
                   0
                   0
                   0
                   0
                   0
                   0
                   0
                   0
                   0
                   9
                   0
                   0
                   0
                   0
                   0
                   0
                  16
                   6
                  12
                   0
                   0
                   0
                   0
                   0
                  14
                   0
                   0
                   0
                   0
                   0
                   8
                   7
                   0
                   0
                   0
                   0
                  13
                   0
                   0
                   0
                   0
                   0
                   0
                   0
                   0
                   0
                   0
                   0
                   0
                   0
                   0
                   0
                   0
                   0
                   0
                   3
                   0
                   0
                   0
                   0
                   0
                   0
                   0
                   0
                   0
                   0
                   2
                   0
                   0
                   0
                  10
                   0
                   0
                   0
                   0
                   0
                   0
                   9
                   0
                   5
                   1
                   0
                   0
                   0
                   2
                   0
                   0
                   0
                   0
                   0
                   0
                   0
                   0
                   7
                  13
                   0
                   0
                   8
                   0
                   2
                   0
                   0
                   0
                   0
                   0
                   0
                   0
                   0
                   0
                  10
                   0
                   2
                   0
                   0
                   0
                   0
                   0
                   0
                   0
                   5
                   0
                   6
                   0
                   0
                   0
                   0
                   0
                   0
                   0
                   0
                   0
                   7
                   0
                   0
                   9
                   0
                   0
                   0
                   0
                   0
                   0
                  14
                  17
                   0
                   0
                   0
                   0
                   0
                  15
                   0
                   0
                   7
                   0
                  15
                   0
                   0
                   0
                  12
 2nd Variable Cost Component, Bij
                   0
            50000000
            50000000
                  10
            50000000
                  10
            50000000
                 108
            50000000
                  50
            50000000
            50000000
            50000000
            50000000
            50000000
            50000000
            50000000
            50000000
            50000000
                  58
            50000000
                  50
                  72
            50000000
            50000000
                   0
            50000000
            50000000
            50000000
            50000000
            50000000
            50000000
            50000000
            50000000
            50000000
            50000000
            50000000
            50000000
            50000000
            50000000
            50000000
            50000000
            50000000
            50000000
            50000000
            50000000
            50000000
            50000000
            50000000
            50000000
                   0
            50000000
            50000000
            50000000
            50000000
            50000000
            50000000
            50000000
            50000000
            50000000
            50000000
            50000000
                  75
                 118
            50000000
            50000000
            50000000
            50000000
            50000000
            50000000
            50000000
            50000000
            50000000
                  16
            50000000
                   0
                  52
            50000000
            50000000
            50000000
                  74
            50000000
            50000000
            50000000
            50000000
            50000000
            50000000
            50000000
            50000000
            50000000
            50000000
            50000000
            50000000
            50000000
            50000000
            50000000
            50000000
            50000000
            50000000
            50000000
                   0
            50000000
            50000000
            50000000
            50000000
            50000000
            50000000
            50000000
            50000000
            50000000
            50000000
            50000000
            50000000
            50000000
            50000000
            50000000
            50000000
            50000000
            50000000
            50000000
            50000000
            50000000
            50000000
            50000000
            50000000
                   0
            50000000
            50000000
            50000000
            50000000
            50000000
            50000000
            50000000
            50000000
            50000000
            50000000
            50000000
            50000000
                  36
            50000000
            50000000
            50000000
            50000000
            50000000
            50000000
            50000000
            50000000
            50000000
            50000000
            50000000
                   0
                  89
            50000000
            50000000
            50000000
            50000000
            50000000
            50000000
            50000000
            50000000
            50000000
            50000000
            50000000
            50000000
            50000000
                 108
            50000000
                  95
                 108
            50000000
            50000000
                  98
            50000000
            50000000
            50000000
                   0
                 126
            50000000
            50000000
            50000000
            50000000
            50000000
            50000000
            50000000
                  56
            50000000
            50000000
            50000000
            50000000
            50000000
                  67
            50000000
            50000000
                  58
            50000000
            50000000
            50000000
            50000000
                  73
            50000000
                   0
            50000000
            50000000
            50000000
                  66
            50000000
            50000000
            50000000
                  70
            50000000
            50000000
            50000000
            50000000
            50000000
            50000000
            50000000
            50000000
            50000000
            50000000
            50000000
            50000000
            50000000
            50000000
            50000000
                  66
                   0
            50000000
                  85
            50000000
            50000000
            50000000
            50000000
            50000000
            50000000
                  29
            50000000
            50000000
            50000000
            50000000
            50000000
            50000000
            50000000
            50000000
            50000000
            50000000
            50000000
            50000000
            50000000
            50000000
            50000000
                   0
            50000000
            50000000
            50000000
            50000000
            50000000
            50000000
            50000000
            50000000
            50000000
            50000000
            50000000
            50000000
            50000000
                  38
            50000000
            50000000
            50000000
            50000000
                  38
            50000000
            50000000
            50000000
                  85
            50000000
                   0
            50000000
            50000000
            50000000
            50000000
            50000000
            50000000
            50000000
                  87
            50000000
            50000000
                  81
            50000000
                   6
            50000000
            50000000
            50000000
            50000000
            50000000
            50000000
            50000000
            50000000
            50000000
            50000000
            50000000
                   0
                  63
                  90
            50000000
            50000000
            50000000
            50000000
            50000000
            50000000
            50000000
            50000000
                  25
            50000000
            50000000
            50000000
            50000000
            50000000
            50000000
            50000000
            50000000
            50000000
            50000000
            50000000
            50000000
            50000000
                   0
            50000000
            50000000
                  57
            50000000
                  16
            50000000
                  40
                   8
                  23
            50000000
            50000000
            50000000
            50000000
            50000000
            50000000
            50000000
            50000000
                  44
            50000000
            50000000
            50000000
            50000000
            50000000
                  63
                   0
            50000000
            50000000
            50000000
            50000000
            50000000
            50000000
            50000000
            50000000
                  85
            50000000
            50000000
            50000000
            50000000
            50000000
            50000000
            50000000
            50000000
            50000000
            50000000
            50000000
            50000000
            50000000
                  86
            50000000
                   0
            50000000
            50000000
            50000000
            50000000
            50000000
            50000000
            50000000
            50000000
            50000000
            50000000
            50000000
            50000000
            50000000
                  71
                  49
                  56
            50000000
            50000000
            50000000
            50000000
                  74
                  57
            50000000
            50000000
                   0
            50000000
            50000000
                  80
            50000000
            50000000
            50000000
            50000000
            50000000
            50000000
            50000000
            50000000
            50000000
                  13
            50000000
                 112
            50000000
            50000000
            50000000
            50000000
                  20
            50000000
            50000000
            50000000
            50000000
                   0
            50000000
            50000000
            50000000
            50000000
            50000000
            50000000
            50000000
            50000000
            50000000
                  34
            50000000
            50000000
            50000000
            50000000
            50000000
            50000000
            50000000
            50000000
            50000000
            50000000
            50000000
            50000000
            50000000
            50000000
                   0
                  86
            50000000
            50000000
            50000000
            50000000
            50000000
            50000000
                 148
                  64
                 115
            50000000
            50000000
            50000000
            50000000
            50000000
                 131
            50000000
            50000000
            50000000
            50000000
            50000000
                  80
                  73
            50000000
                   0
            50000000
            50000000
                 122
            50000000
            50000000
            50000000
            50000000
            50000000
            50000000
            50000000
            50000000
            50000000
            50000000
            50000000
            50000000
            50000000
            50000000
            50000000
            50000000
            50000000
            50000000
                  36
            50000000
            50000000
                   0
            50000000
            50000000
            50000000
            50000000
            50000000
            50000000
            50000000
                  26
            50000000
            50000000
            50000000
                 101
            50000000
            50000000
            50000000
            50000000
            50000000
            50000000
                  84
            50000000
                  49
                  12
            50000000
            50000000
                   0
                  25
            50000000
            50000000
            50000000
            50000000
            50000000
            50000000
            50000000
            50000000
                  67
                 126
            50000000
            50000000
                  81
            50000000
                  23
            50000000
            50000000
            50000000
            50000000
            50000000
            50000000
            50000000
            50000000
                   0
                  95
            50000000
                  20
            50000000
            50000000
            50000000
            50000000
            50000000
            50000000
            50000000
                  51
            50000000
                  63
            50000000
            50000000
            50000000
            50000000
            50000000
            50000000
            50000000
            50000000
            50000000
                  71
            50000000
                   0
                  87
            50000000
            50000000
            50000000
            50000000
            50000000
            50000000
                 138
                 158
            50000000
            50000000
            50000000
            50000000
            50000000
                 146
            50000000
            50000000
                  72
            50000000
                 145
            50000000
            50000000
            50000000
                 117
 Fixed Cost Component, Cij
                   0
                   0
                   0
                 550
                   0
                 550
                   0
                5940
                   0
                2750
                   0
                   0
                   0
                   0
                   0
                   0
                   0
                   0
                   0
                3190
                   0
                2750
                3960
                   0
                   0
                   0
                   0
                   0
                   0
                   0
                   0
                   0
                   0
                   0
                   0
                   0
                   0
                   0
                   0
                   0
                   0
                   0
                   0
                   0
                   0
                   0
                   0
                   0
                   0
                   0
                   0
                   0
                   0
                   0
                   0
                   0
                   0
                   0
                   0
                   0
                   0
                   0
                4125
                6490
                   0
                   0
                   0
                   0
                   0
                   0
                   0
                   0
                   0
                 880
                   0
                   0
                2860
                   0
                   0
                   0
                4070
                   0
                   0
                   0
                   0
                   0
                   0
                   0
                   0
                   0
                   0
                   0
                   0
                   0
                   0
                   0
                   0
                   0
                   0
                   0
                   0
                   0
                   0
                   0
                   0
                   0
                   0
                   0
                   0
                   0
                   0
                   0
                   0
                   0
                   0
                   0
                   0
                   0
                   0
                   0
                   0
                   0
                   0
                   0
                   0
                   0
                   0
                   0
                   0
                   0
                   0
                   0
                   0
                   0
                   0
                   0
                   0
                   0
                1980
                   0
                   0
                   0
                   0
                   0
                   0
                   0
                   0
                   0
                   0
                   0
                   0
                4895
                   0
                   0
                   0
                   0
                   0
                   0
                   0
                   0
                   0
                   0
                   0
                   0
                   0
                5940
                   0
                5225
                5940
                   0
                   0
                5390
                   0
                   0
                   0
                   0
                6930
                   0
                   0
                   0
                   0
                   0
                   0
                   0
                3080
                   0
                   0
                   0
                   0
                   0
                3685
                   0
                   0
                3190
                   0
                   0
                   0
                   0
                4015
                   0
                   0
                   0
                   0
                   0
                3630
                   0
                   0
                   0
                3850
                   0
                   0
                   0
                   0
                   0
                   0
                   0
                   0
                   0
                   0
                   0
                   0
                   0
                   0
                   0
                3630
                   0
                   0
                4675
                   0
                   0
                   0
                   0
                   0
                   0
                1595
                   0
                   0
                   0
                   0
                   0
                   0
                   0
                   0
                   0
                   0
                   0
                   0
                   0
                   0
                   0
                   0
                   0
                   0
                   0
                   0
                   0
                   0
                   0
                   0
                   0
                   0
                   0
                   0
                   0
                2090
                   0
                   0
                   0
                   0
                2090
                   0
                   0
                   0
                4675
                   0
                   0
                   0
                   0
                   0
                   0
                   0
                   0
                   0
                4785
                   0
                   0
                4455
                   0
                 330
                   0
                   0
                   0
                   0
                   0
                   0
                   0
                   0
                   0
                   0
                   0
                   0
                3465
                4950
                   0
                   0
                   0
                   0
                   0
                   0
                   0
                   0
                1375
                   0
                   0
                   0
                   0
                   0
                   0
                   0
                   0
                   0
                   0
                   0
                   0
                   0
                   0
                   0
                   0
                3135
                   0
                 880
                   0
                2200
                 440
                1265
                   0
                   0
                   0
                   0
                   0
                   0
                   0
                   0
                2420
                   0
                   0
                   0
                   0
                   0
                3465
                   0
                   0
                   0
                   0
                   0
                   0
                   0
                   0
                   0
                4675
                   0
                   0
                   0
                   0
                   0
                   0
                   0
                   0
                   0
                   0
                   0
                   0
                   0
                4730
                   0
                   0
                   0
                   0
                   0
                   0
                   0
                   0
                   0
                   0
                   0
                   0
                   0
                   0
                   0
                3905
                2695
                3080
                   0
                   0
                   0
                   0
                4070
                3135
                   0
                   0
                   0
                   0
                   0
                4400
                   0
                   0
                   0
                   0
                   0
                   0
                   0
                   0
                   0
                 715
                   0
                6160
                   0
                   0
                   0
                   0
                1100
                   0
                   0
                   0
                   0
                   0
                   0
                   0
                   0
                   0
                   0
                   0
                   0
                   0
                   0
                1870
                   0
                   0
                   0
                   0
                   0
                   0
                   0
                   0
                   0
                   0
                   0
                   0
                   0
                   0
                   0
                4730
                   0
                   0
                   0
                   0
                   0
                   0
                8140
                3520
                6325
                   0
                   0
                   0
                   0
                   0
                7205
                   0
                   0
                   0
                   0
                   0
                4400
                4015
                   0
                   0
                   0
                   0
                6710
                   0
                   0
                   0
                   0
                   0
                   0
                   0
                   0
                   0
                   0
                   0
                   0
                   0
                   0
                   0
                   0
                   0
                   0
                1980
                   0
                   0
                   0
                   0
                   0
                   0
                   0
                   0
                   0
                   0
                1430
                   0
                   0
                   0
                5555
                   0
                   0
                   0
                   0
                   0
                   0
                4620
                   0
                2695
                 660
                   0
                   0
                   0
                1375
                   0
                   0
                   0
                   0
                   0
                   0
                   0
                   0
                3685
                6930
                   0
                   0
                4455
                   0
                1265
                   0
                   0
                   0
                   0
                   0
                   0
                   0
                   0
                   0
                5225
                   0
                1100
                   0
                   0
                   0
                   0
                   0
                   0
                   0
                2805
                   0
                3465
                   0
                   0
                   0
                   0
                   0
                   0
                   0
                   0
                   0
                3905
                   0
                   0
                4785
                   0
                   0
                   0
                   0
                   0
                   0
                7590
                8690
                   0
                   0
                   0
                   0
                   0
                8030
                   0
                   0
                3960
                   0
                7975
                   0
                   0
                   0
                6435