          25
           6
           7
           1
           7
           7
           1
          10
           1
           5
           3
           5
           3
           6
           9
           8
           7
           8
          10
          10
           4
           4
           8
          10
           5
 1st Variable Cost Component, Aij
                   0
                   0
                   0
                   0
                   0
                   0
                   0
                   0
                   9
                   0
                   0
                   0
                   0
                   9
                   0
                   0
                   0
                   0
                   0
                   0
                   0
                   0
                   0
                   0
                   0
                   0
                   0
                   0
                   0
                   0
                   0
                   0
                  10
                   0
                   0
                  10
                   0
                   0
                   0
                   0
                   0
                   0
                   0
                   0
                   0
                   0
                   0
                   0
                   0
                   0
                   0
                   0
                   7
                   0
                   0
                   0
                   0
                   0
                   0
                   3
                   0
                   5
                   0
                   4
                   5
                   0
                   0
                   0
                   0
                   0
                   0
                   8
                   0
                   0
                   0
                   0
                   0
                   0
                   8
                  11
                   8
                   0
                   0
                   0
                   0
                   0
                   0
                   0
                   0
                   0
                   0
                   0
                   1
                   0
                   0
                   0
                   0
                   0
                   0
                   0
                   0
                   0
                   0
                   0
                   0
                   0
                   0
                   0
                   0
                   0
                   0
                   0
                   0
                   7
                   0
                   0
                   0
                   0
                   0
                   0
                   0
                   5
                   0
                   0
                   0
                   0
                   0
                   0
                   0
                   5
                   0
                   0
                   0
                   0
                   0
                   0
                   0
                   0
                   0
                   0
                   0
                   0
                   0
                   5
                   0
                   0
                   0
                   0
                   0
                   0
                   0
                   0
                   5
                   4
                   0
                   0
                   0
                   0
                   0
                   0
                   0
                   0
                   0
                   0
                   0
                   0
                   0
                   0
                   2
                   0
                   0
                  11
                   0
                   6
                   6
                   0
                   0
                   0
                   0
                   0
                   0
                   0
                  10
                   0
                   0
                   0
                   8
                   0
                   0
                   0
                   0
                   0
                   0
                   0
                   0
                   0
                   0
                   0
                   5
                   0
                   0
                   0
                   0
                   6
                   0
                   0
                   0
                   0
                   0
                   0
                   0
                   7
                   0
                   2
                   0
                   0
                   0
                   0
                   0
                   0
                   0
                   0
                   4
                   0
                   0
                   0
                   0
                   0
                   5
                   0
                   0
                   0
                   0
                   0
                   0
                   0
                   0
                   0
                   0
                   0
                   0
                   0
                   0
                   0
                   0
                   0
                   0
                   0
                   0
                   4
                   0
                   0
                   0
                   0
                   0
                   0
                   0
                   0
                   3
                   0
                   0
                   0
                   0
                   0
                   0
                   0
                   3
                   0
                   0
                   0
                   0
                   0
                   0
                   0
                   7
                   0
                   0
                   0
                   0
                   0
                   5
                   0
                   0
                   0
                   0
                   0
                   0
                   0
                   0
                   0
                   0
                   0
                   0
                   0
                   0
                   0
                   0
                   0
                   0
                   0
                   0
                   0
                   0
                   0
                   0
                   0
                   0
                   0
                   0
                   0
                   0
                   0
                   0
                   0
                   0
                   0
                   8
                   0
                   0
                  11
                   0
                   0
                   0
                   0
                   0
                   0
                   0
                   0
                   0
                   0
                   0
                   7
                   0
                   2
                   0
                   0
                   0
                   0
                   0
                   0
                   4
                   4
                   0
                   0
                   3
                   0
                   0
                   0
                   0
                   0
                   0
                   0
                   0
                   0
                   0
                   4
                   0
                   0
                   1
                   0
                   0
                   0
                   0
                   0
                   0
                   0
                   0
                  11
                   0
                   0
                   0
                   0
                   0
                   0
                   0
                   0
                   0
                   0
                   0
                   0
                   0
                   0
                   0
                   0
                   0
                   0
                   0
                   0
                   0
                   0
                   0
                   0
                   0
                  14
                  10
                   0
                   0
                  10
                   0
                   0
                   0
                   0
                   0
                  12
                   0
                  10
                   0
                   0
                   0
                   0
                   0
                   0
                   0
                   0
                   0
                   0
                   0
                   0
                   0
                   0
                   0
                   0
                   0
                   0
                   0
                   0
                   0
                   0
                   0
                   0
                   0
                   0
                   0
                   6
                   7
                   0
                   0
                   0
                   0
                   0
                   0
                   0
                   0
                   0
                   0
                   0
                   0
                   0
                  13
                   0
                   0
                   3
                   0
                   0
                   0
                   1
                   0
                   3
                   0
                   0
                   0
                   0
                   0
                   0
                   0
                   0
                   0
                   0
                   0
                   0
                   0
                   0
                   0
                   7
                   3
                   0
                   0
                   9
                   0
                   5
                   0
                   0
                   0
                   0
                   0
                   8
                   0
                  11
                   0
                   0
                   0
                   0
                   0
                   0
                   0
                   0
                   0
                   0
                   0
                   0
                   0
                   9
                   0
                   0
                   0
                  12
                   7
                   0
                   0
                   0
                   0
                   0
                   0
                   0
                   0
                   0
                   0
                   0
                   0
                   4
                   0
                   0
                   7
                   0
                   0
                   0
                   0
                   0
                   0
                   0
                   0
                   0
                   0
                   0
                   0
                   0
                   0
                   0
                   0
                   0
                   0
                   0
                   0
                   0
                   0
                   0
                   0
                   0
                   0
                   0
                   0
                   2
                   0
                   0
                   0
                   0
                   0
                   0
                   0
                   0
                   0
                   0
                   0
                   0
                   0
                   0
                   0
                   0
                   0
                   0
                   0
                   0
                   0
                   0
                   0
                   0
                   0
                   0
                   9
                   0
                   0
                   0
                   0
                   0
                   5
                   0
                   0
                   0
                   0
                   5
                   9
                   0
                  12
                   0
                   0
                   0
                   0
                   0
                   9
                   0
 2nd Variable Cost Component, Bij
                   0
            50000000
            50000000
            50000000
            50000000
            50000000
            50000000
            50000000
                 118
            50000000
            50000000
            50000000
            50000000
                 113
            50000000
            50000000
            50000000
            50000000
            50000000
            50000000
            50000000
            50000000
            50000000
            50000000
            50000000
                   0
            50000000
            50000000
            50000000
            50000000
            50000000
            50000000
                 125
            50000000
            50000000
                 128
            50000000
            50000000
            50000000
            50000000
            50000000
            50000000
            50000000
            50000000
            50000000
            50000000
            50000000
            50000000
            50000000
            50000000
                   0
            50000000
                  93
            50000000
            50000000
            50000000
            50000000
            50000000
            50000000
                  40
            50000000
                  71
            50000000
                  50
                  66
            50000000
            50000000
            50000000
            50000000
            50000000
            50000000
                 107
            50000000
            50000000
            50000000
                   0
            50000000
            50000000
                 105
                 139
                 107
            50000000
            50000000
            50000000
            50000000
            50000000
            50000000
            50000000
            50000000
            50000000
            50000000
            50000000
                  24
            50000000
            50000000
            50000000
            50000000
            50000000
            50000000
            50000000
                   0
            50000000
            50000000
            50000000
            50000000
            50000000
            50000000
            50000000
            50000000
            50000000
            50000000
            50000000
            50000000
                  94
            50000000
            50000000
            50000000
            50000000
            50000000
            50000000
            50000000
                  69
            50000000
            50000000
            50000000
                   0
            50000000
            50000000
            50000000
                  61
            50000000
            50000000
            50000000
            50000000
            50000000
            50000000
            50000000
            50000000
            50000000
            50000000
            50000000
            50000000
            50000000
                  66
            50000000
            50000000
            50000000
            50000000
            50000000
            50000000
                   0
            50000000
                  66
                  49
            50000000
            50000000
            50000000
            50000000
            50000000
            50000000
            50000000
            50000000
            50000000
            50000000
            50000000
            50000000
            50000000
            50000000
                  28
            50000000
            50000000
                 139
            50000000
                  84
                  79
                   0
            50000000
            50000000
            50000000
            50000000
            50000000
            50000000
                 123
            50000000
            50000000
            50000000
                 107
            50000000
            50000000
            50000000
            50000000
            50000000
            50000000
            50000000
            50000000
            50000000
            50000000
            50000000
                  66
            50000000
                   0
            50000000
            50000000
                  84
            50000000
            50000000
            50000000
            50000000
            50000000
            50000000
            50000000
                  88
            50000000
                  36
            50000000
            50000000
            50000000
            50000000
            50000000
            50000000
            50000000
            50000000
                  49
            50000000
            50000000
                   0
            50000000
            50000000
                  72
            50000000
            50000000
            50000000
            50000000
            50000000
                  12
            50000000
            50000000
            50000000
            50000000
            50000000
            50000000
            50000000
            50000000
            50000000
            50000000
            50000000
            50000000
            50000000
            50000000
                  51
                   0
            50000000
            50000000
            50000000
            50000000
            50000000
            50000000
            50000000
                  41
            50000000
            50000000
            50000000
            50000000
            50000000
            50000000
            50000000
                  40
            50000000
            50000000
            50000000
            50000000
            50000000
            50000000
            50000000
                  88
                   0
            50000000
            50000000
            50000000
            50000000
                  61
            50000000
            50000000
            50000000
            50000000
            50000000
            50000000
            50000000
            50000000
            50000000
            50000000
            50000000
            50000000
            50000000
            50000000
            50000000
            50000000
            50000000
            50000000
            50000000
                   0
            50000000
            50000000
            50000000
            50000000
            50000000
            50000000
            50000000
            50000000
            50000000
            50000000
            50000000
            50000000
            50000000
            50000000
            50000000
                  99
            50000000
            50000000
                 140
            50000000
            50000000
            50000000
            50000000
            50000000
                   0
            50000000
            50000000
            50000000
            50000000
            50000000
                  93
            50000000
                  25
            50000000
            50000000
            50000000
            50000000
            50000000
            50000000
                  57
                  59
            50000000
            50000000
                  48
            50000000
            50000000
            50000000
            50000000
            50000000
                   0
            50000000
            50000000
            50000000
            50000000
                  55
            50000000
            50000000
                  19
            50000000
            50000000
            50000000
            50000000
            50000000
            50000000
            50000000
            50000000
                 141
            50000000
            50000000
            50000000
            50000000
            50000000
            50000000
            50000000
                   0
            50000000
            50000000
            50000000
            50000000
            50000000
            50000000
            50000000
            50000000
            50000000
            50000000
            50000000
            50000000
            50000000
            50000000
            50000000
            50000000
            50000000
                 170
                 123
            50000000
            50000000
                 123
            50000000
            50000000
                   0
            50000000
            50000000
                 149
            50000000
                 131
            50000000
            50000000
            50000000
            50000000
            50000000
            50000000
            50000000
            50000000
            50000000
            50000000
            50000000
            50000000
            50000000
            50000000
            50000000
            50000000
            50000000
            50000000
            50000000
                   0
            50000000
            50000000
            50000000
            50000000
            50000000
            50000000
            50000000
                  82
                  93
            50000000
            50000000
            50000000
            50000000
            50000000
            50000000
            50000000
            50000000
            50000000
            50000000
            50000000
            50000000
            50000000
                 159
            50000000
                   0
                  39
            50000000
            50000000
            50000000
                  23
            50000000
                  43
            50000000
            50000000
            50000000
            50000000
            50000000
            50000000
            50000000
            50000000
            50000000
            50000000
            50000000
            50000000
            50000000
            50000000
            50000000
                  87
                  39
                   0
            50000000
                 118
            50000000
                  62
            50000000
            50000000
            50000000
            50000000
            50000000
                  99
            50000000
                 135
            50000000
            50000000
            50000000
            50000000
            50000000
            50000000
            50000000
            50000000
            50000000
            50000000
            50000000
            50000000
                   0
                 113
            50000000
            50000000
            50000000
                 149
                  89
            50000000
            50000000
            50000000
            50000000
            50000000
            50000000
            50000000
            50000000
            50000000
            50000000
            50000000
            50000000
                  54
            50000000
            50000000
                  91
            50000000
            50000000
                   0
            50000000
            50000000
            50000000
            50000000
            50000000
            50000000
            50000000
            50000000
            50000000
            50000000
            50000000
            50000000
            50000000
            50000000
            50000000
            50000000
            50000000
            50000000
            50000000
            50000000
            50000000
            50000000
            50000000
            50000000
                   0
                  26
            50000000
            50000000
            50000000
            50000000
            50000000
            50000000
            50000000
            50000000
            50000000
            50000000
            50000000
            50000000
            50000000
            50000000
            50000000
            50000000
            50000000
            50000000
            50000000
            50000000
            50000000
            50000000
            50000000
                   0
            50000000
            50000000
                 120
            50000000
            50000000
            50000000
            50000000
            50000000
                  71
            50000000
            50000000
            50000000
            50000000
                  63
                 119
            50000000
                 148
            50000000
            50000000
            50000000
            50000000
            50000000
                 117
            50000000
 Fixed Cost Component, Cij
                   0
                   0
                   0
                   0
                   0
                   0
                   0
                   0
                6490
                   0
                   0
                   0
                   0
                6215
                   0
                   0
                   0
                   0
                   0
                   0
                   0
                   0
                   0
                   0
                   0
                   0
                   0
                   0
                   0
                   0
                   0
                   0
                6875
                   0
                   0
                7040
                   0
                   0
                   0
                   0
                   0
                   0
                   0
                   0
                   0
                   0
                   0
                   0
                   0
                   0
                   0
                   0
                5115
                   0
                   0
                   0
                   0
                   0
                   0
                2200
                   0
                3905
                   0
                2750
                3630
                   0
                   0
                   0
                   0
                   0
                   0
                5885
                   0
                   0
                   0
                   0
                   0
                   0
                5775
                7645
                5885
                   0
                   0
                   0
                   0
                   0
                   0
                   0
                   0
                   0
                   0
                   0
                1320
                   0
                   0
                   0
                   0
                   0
                   0
                   0
                   0
                   0
                   0
                   0
                   0
                   0
                   0
                   0
                   0
                   0
                   0
                   0
                   0
                5170
                   0
                   0
                   0
                   0
                   0
                   0
                   0
                3795
                   0
                   0
                   0
                   0
                   0
                   0
                   0
                3355
                   0
                   0
                   0
                   0
                   0
                   0
                   0
                   0
                   0
                   0
                   0
                   0
                   0
                3630
                   0
                   0
                   0
                   0
                   0
                   0
                   0
                   0
                3630
                2695
                   0
                   0
                   0
                   0
                   0
                   0
                   0
                   0
                   0
                   0
                   0
                   0
                   0
                   0
                1540
                   0
                   0
                7645
                   0
                4620
                4345
                   0
                   0
                   0
                   0
                   0
                   0
                   0
                6765
                   0
                   0
                   0
                5885
                   0
                   0
                   0
                   0
                   0
                   0
                   0
                   0
                   0
                   0
                   0
                3630
                   0
                   0
                   0
                   0
                4620
                   0
                   0
                   0
                   0
                   0
                   0
                   0
                4840
                   0
                1980
                   0
                   0
                   0
                   0
                   0
                   0
                   0
                   0
                2695
                   0
                   0
                   0
                   0
                   0
                3960
                   0
                   0
                   0
                   0
                   0
                 660
                   0
                   0
                   0
                   0
                   0
                   0
                   0
                   0
                   0
                   0
                   0
                   0
                   0
                   0
                2805
                   0
                   0
                   0
                   0
                   0
                   0
                   0
                   0
                2255
                   0
                   0
                   0
                   0
                   0
                   0
                   0
                2200
                   0
                   0
                   0
                   0
                   0
                   0
                   0
                4840
                   0
                   0
                   0
                   0
                   0
                3355
                   0
                   0
                   0
                   0
                   0
                   0
                   0
                   0
                   0
                   0
                   0
                   0
                   0
                   0
                   0
                   0
                   0
                   0
                   0
                   0
                   0
                   0
                   0
                   0
                   0
                   0
                   0
                   0
                   0
                   0
                   0
                   0
                   0
                   0
                   0
                5445
                   0
                   0
                7700
                   0
                   0
                   0
                   0
                   0
                   0
                   0
                   0
                   0
                   0
                   0
                5115
                   0
                1375
                   0
                   0
                   0
                   0
                   0
                   0
                3135
                3245
                   0
                   0
                2640
                   0
                   0
                   0
                   0
                   0
                   0
                   0
                   0
                   0
                   0
                3025
                   0
                   0
                1045
                   0
                   0
                   0
                   0
                   0
                   0
                   0
                   0
                7755
                   0
                   0
                   0
                   0
                   0
                   0
                   0
                   0
                   0
                   0
                   0
                   0
                   0
                   0
                   0
                   0
                   0
                   0
                   0
                   0
                   0
                   0
                   0
                   0
                   0
                9350
                6765
                   0
                   0
                6765
                   0
                   0
                   0
                   0
                   0
                8195
                   0
                7205
                   0
                   0
                   0
                   0
                   0
                   0
                   0
                   0
                   0
                   0
                   0
                   0
                   0
                   0
                   0
                   0
                   0
                   0
                   0
                   0
                   0
                   0
                   0
                   0
                   0
                   0
                   0
                4510
                5115
                   0
                   0
                   0
                   0
                   0
                   0
                   0
                   0
                   0
                   0
                   0
                   0
                   0
                8745
                   0
                   0
                2145
                   0
                   0
                   0
                1265
                   0
                2365
                   0
                   0
                   0
                   0
                   0
                   0
                   0
                   0
                   0
                   0
                   0
                   0
                   0
                   0
                   0
                4785
                2145
                   0
                   0
                6490
                   0
                3410
                   0
                   0
                   0
                   0
                   0
                5445
                   0
                7425
                   0
                   0
                   0
                   0
                   0
                   0
                   0
                   0
                   0
                   0
                   0
                   0
                   0
                6215
                   0
                   0
                   0
                8195
                4895
                   0
                   0
                   0
                   0
                   0
                   0
                   0
                   0
                   0
                   0
                   0
                   0
                2970
                   0
                   0
                5005
                   0
                   0
                   0
                   0
                   0
                   0
                   0
                   0
                   0
                   0
                   0
                   0
                   0
                   0
                   0
                   0
                   0
                   0
                   0
                   0
                   0
                   0
                   0
                   0
                   0
                   0
                   0
                   0
                1430
                   0
                   0
                   0
                   0
                   0
                   0
                   0
                   0
                   0
                   0
                   0
                   0
                   0
                   0
                   0
                   0
                   0
                   0
                   0
                   0
                   0
                   0
                   0
                   0
                   0
                   0
                6600
                   0
                   0
                   0
                   0
                   0
                3905
                   0
                   0
                   0
                   0
                3465
                6545
                   0
                8140
                   0
                   0
                   0
                   0
                   0
                6435
                   0