          25
           2
           3
           1
           3
           5
           5
           1
           2
           5
           3
           1
           1
           4
           1
           5
           2
           1
           4
           2
           3
           3
           5
           1
           2
 1st Variable Cost Component, Aij
                   0
                   0
                  19
                   0
                   0
                   0
                   0
                   0
                   0
                   0
                   0
                   0
                   0
                  19
                   4
                   0
                   0
                   0
                   0
                   0
                   0
                   0
                   0
                   0
                   0
                   0
                  17
                   0
                   0
                   3
                   0
                   0
                   0
                   0
                   0
                   0
                  12
                   7
                   0
                   0
                   0
                   0
                   0
                   0
                  10
                   0
                   0
                   0
                   0
                   0
                   0
                  11
                   0
                   0
                   0
                   0
                   0
                   0
                  25
                  27
                   0
                   0
                   0
                   0
                   0
                   4
                   0
                   0
                   0
                   0
                   0
                   0
                   0
                   0
                  11
                   0
                   0
                   0
                   0
                   0
                   0
                   0
                   0
                  24
                   0
                   4
                   0
                  16
                   0
                   0
                   0
                   3
                   0
                   0
                   6
                  24
                   0
                   0
                   0
                   0
                   0
                   0
                   0
                   0
                   0
                   0
                   0
                   0
                   0
                   0
                   0
                   0
                   0
                   0
                   0
                   0
                   0
                   0
                   0
                   0
                   0
                   0
                   0
                   0
                   0
                   0
                   0
                  17
                   0
                   0
                   0
                   0
                   0
                   4
                  15
                   0
                   0
                  13
                   0
                   0
                   0
                   0
                   0
                  25
                   0
                   0
                   0
                   0
                   0
                   0
                   0
                   0
                   0
                   0
                   0
                   0
                   0
                   0
                   0
                   0
                   0
                   0
                   0
                   0
                   0
                   0
                   0
                   0
                   0
                   0
                   0
                  10
                   0
                   0
                   0
                   0
                   0
                   0
                   0
                   0
                   0
                   0
                   0
                   0
                   0
                   0
                   0
                   0
                   0
                   0
                   0
                  19
                   0
                   0
                   0
                   0
                   0
                   0
                   0
                   0
                   0
                   0
                  12
                   0
                   0
                   0
                   0
                   0
                   0
                   0
                   0
                   0
                   0
                   0
                   0
                   0
                   9
                   0
                  11
                   9
                   0
                   0
                   0
                   0
                   0
                   0
                   0
                   0
                   0
                   0
                   0
                   0
                   0
                   9
                   0
                   0
                   0
                   0
                   0
                   0
                   0
                   0
                   0
                  23
                   0
                   0
                   0
                   0
                   0
                   0
                   0
                   0
                   0
                   0
                   0
                   0
                   0
                   0
                   0
                   0
                   0
                   0
                   0
                   0
                   8
                   0
                   0
                  24
                   0
                   0
                   0
                   0
                   0
                   0
                   0
                   0
                   0
                  22
                   0
                   0
                   0
                  25
                   0
                   0
                   0
                   0
                   0
                   0
                   0
                   0
                   0
                   0
                   0
                   0
                   0
                   0
                   0
                   0
                   0
                   0
                   0
                   0
                   0
                   0
                   0
                   0
                   0
                   0
                   0
                   0
                   0
                   0
                   0
                   0
                   0
                   0
                   0
                   0
                   0
                   0
                  10
                  10
                   0
                  22
                   0
                   0
                   0
                   0
                   0
                   0
                   0
                   0
                   0
                   0
                   0
                   0
                   0
                  12
                   0
                  16
                   5
                   0
                   0
                   0
                   0
                   0
                   0
                   0
                   0
                   0
                   0
                   0
                   0
                   0
                   0
                   0
                   0
                   0
                   0
                   0
                   0
                   0
                   0
                   0
                   0
                   0
                   0
                   0
                   0
                   0
                   0
                   0
                   0
                   0
                   0
                   0
                   0
                   0
                   0
                  14
                   0
                   0
                   0
                   0
                   0
                   0
                   0
                   0
                   0
                   0
                   0
                   0
                   0
                   0
                   0
                   0
                   0
                   0
                   0
                   0
                   0
                   0
                   0
                   0
                   0
                   0
                   0
                  21
                   0
                   0
                   0
                   0
                   0
                   0
                   0
                   0
                   0
                   0
                   0
                   0
                   0
                   0
                   0
                   0
                   0
                   0
                  24
                  10
                   0
                   0
                   0
                   0
                   7
                   0
                   0
                   0
                   0
                   0
                   0
                   0
                   0
                  16
                   0
                  11
                   0
                   0
                   0
                  13
                   0
                  24
                   0
                   0
                   0
                   3
                   0
                   0
                   0
                   6
                   0
                   0
                   0
                   0
                  19
                   0
                   0
                   0
                   0
                   0
                   0
                   0
                   0
                   0
                   0
                   0
                  25
                   0
                  14
                   0
                   0
                   0
                   0
                   0
                   0
                   0
                   0
                   0
                   0
                  16
                   0
                   0
                   0
                   0
                   0
                   0
                   0
                   0
                   0
                   0
                   0
                   0
                   0
                   0
                   0
                   0
                   0
                   0
                   0
                   0
                   0
                   0
                   0
                   0
                   0
                  18
                   7
                   0
                   0
                  28
                   0
                   0
                   0
                   0
                   0
                   0
                   0
                   0
                   0
                   0
                   0
                   0
                   0
                   0
                   0
                   0
                   0
                   0
                   0
                   4
                   0
                  20
                   0
                   0
                   0
                   0
                   3
                   0
                   0
                   0
                   0
                   0
                   0
                   0
                   0
                  22
                   0
                  24
                   0
                   0
                   0
                   0
                  18
                   0
                   0
                   0
                   0
                   0
                   0
                   0
                  21
                   0
                   0
                   0
                   0
                   0
                   0
                   0
                   0
                  18
                  10
                   9
                   0
                  16
                   0
                   0
                  19
                   0
                   0
                   0
                   5
                   0
                   0
                   0
                   0
                   8
                  32
                  12
                   0
                   0
                   0
                  27
 2nd Variable Cost Component, Bij
                   0
            50000000
                 106
            50000000
            50000000
            50000000
            50000000
            50000000
            50000000
            50000000
            50000000
            50000000
            50000000
                 103
                  23
            50000000
            50000000
            50000000
            50000000
            50000000
            50000000
            50000000
            50000000
            50000000
            50000000
                   0
                  95
            50000000
            50000000
                  19
            50000000
            50000000
            50000000
            50000000
            50000000
            50000000
                  70
                  39
            50000000
            50000000
            50000000
            50000000
            50000000
            50000000
                  56
            50000000
            50000000
            50000000
            50000000
            50000000
                   0
                  63
            50000000
            50000000
            50000000
            50000000
            50000000
            50000000
                 137
                 147
            50000000
            50000000
            50000000
            50000000
            50000000
                  22
            50000000
            50000000
            50000000
            50000000
            50000000
            50000000
            50000000
            50000000
                  63
                   0
            50000000
            50000000
            50000000
            50000000
            50000000
            50000000
            50000000
                 130
            50000000
                  26
            50000000
                  88
            50000000
            50000000
            50000000
                  21
            50000000
            50000000
                  34
                 133
            50000000
            50000000
            50000000
            50000000
                   0
            50000000
            50000000
            50000000
            50000000
            50000000
            50000000
            50000000
            50000000
            50000000
            50000000
            50000000
            50000000
            50000000
            50000000
            50000000
            50000000
            50000000
            50000000
            50000000
            50000000
            50000000
            50000000
            50000000
            50000000
                   0
            50000000
                  93
            50000000
            50000000
            50000000
            50000000
            50000000
                  22
                  85
            50000000
            50000000
                  75
            50000000
            50000000
            50000000
            50000000
            50000000
                 139
            50000000
            50000000
            50000000
            50000000
            50000000
            50000000
                   0
            50000000
            50000000
            50000000
            50000000
            50000000
            50000000
            50000000
            50000000
            50000000
            50000000
            50000000
            50000000
            50000000
            50000000
            50000000
            50000000
            50000000
            50000000
            50000000
            50000000
                  57
            50000000
            50000000
            50000000
                   0
            50000000
            50000000
            50000000
            50000000
            50000000
            50000000
            50000000
            50000000
            50000000
            50000000
            50000000
            50000000
            50000000
            50000000
            50000000
                 103
            50000000
            50000000
            50000000
            50000000
            50000000
            50000000
            50000000
            50000000
                   0
            50000000
                  66
            50000000
            50000000
            50000000
            50000000
            50000000
            50000000
            50000000
            50000000
            50000000
            50000000
            50000000
            50000000
            50000000
                  53
            50000000
                  64
                  52
            50000000
            50000000
            50000000
            50000000
            50000000
                   0
            50000000
            50000000
            50000000
            50000000
            50000000
            50000000
            50000000
                  50
            50000000
            50000000
            50000000
            50000000
            50000000
            50000000
            50000000
            50000000
            50000000
                 127
            50000000
            50000000
            50000000
            50000000
            50000000
            50000000
                   0
            50000000
            50000000
            50000000
            50000000
            50000000
            50000000
            50000000
            50000000
            50000000
            50000000
            50000000
            50000000
            50000000
                  45
            50000000
            50000000
                 130
            50000000
            50000000
            50000000
            50000000
            50000000
            50000000
            50000000
                   0
            50000000
                 120
            50000000
            50000000
            50000000
                 137
            50000000
            50000000
            50000000
            50000000
            50000000
            50000000
            50000000
            50000000
            50000000
            50000000
            50000000
            50000000
            50000000
            50000000
            50000000
            50000000
            50000000
            50000000
                   0
            50000000
            50000000
            50000000
            50000000
            50000000
            50000000
            50000000
            50000000
            50000000
            50000000
            50000000
            50000000
            50000000
            50000000
            50000000
            50000000
            50000000
            50000000
            50000000
                  57
                  57
            50000000
                 120
            50000000
                   0
            50000000
            50000000
            50000000
            50000000
            50000000
            50000000
            50000000
            50000000
            50000000
            50000000
            50000000
                  68
            50000000
                  92
                  31
            50000000
            50000000
            50000000
            50000000
            50000000
            50000000
            50000000
            50000000
            50000000
                   0
            50000000
            50000000
            50000000
            50000000
            50000000
            50000000
            50000000
            50000000
            50000000
            50000000
            50000000
            50000000
            50000000
            50000000
            50000000
            50000000
            50000000
            50000000
            50000000
            50000000
            50000000
            50000000
            50000000
            50000000
                   0
            50000000
            50000000
            50000000
                  76
            50000000
            50000000
            50000000
            50000000
            50000000
            50000000
            50000000
            50000000
            50000000
            50000000
            50000000
            50000000
            50000000
            50000000
            50000000
            50000000
            50000000
            50000000
            50000000
            50000000
                   0
            50000000
            50000000
            50000000
            50000000
            50000000
            50000000
                 114
            50000000
            50000000
            50000000
            50000000
            50000000
            50000000
            50000000
            50000000
            50000000
            50000000
            50000000
            50000000
            50000000
            50000000
            50000000
            50000000
            50000000
                   0
                 131
                  59
            50000000
            50000000
            50000000
            50000000
                  42
            50000000
            50000000
            50000000
            50000000
            50000000
            50000000
            50000000
            50000000
                  91
            50000000
                  62
            50000000
            50000000
            50000000
                  71
            50000000
                 131
                   0
            50000000
            50000000
                  17
            50000000
            50000000
            50000000
                  36
            50000000
            50000000
            50000000
            50000000
                 103
            50000000
            50000000
            50000000
            50000000
            50000000
            50000000
            50000000
            50000000
            50000000
            50000000
            50000000
                 139
                   0
                  80
            50000000
            50000000
            50000000
            50000000
            50000000
            50000000
            50000000
            50000000
            50000000
            50000000
                  89
            50000000
            50000000
            50000000
            50000000
            50000000
            50000000
            50000000
            50000000
            50000000
            50000000
            50000000
            50000000
                   0
            50000000
            50000000
            50000000
            50000000
            50000000
            50000000
            50000000
            50000000
            50000000
            50000000
            50000000
            50000000
                 102
                  41
            50000000
            50000000
                 152
            50000000
            50000000
            50000000
            50000000
            50000000
            50000000
            50000000
                   0
            50000000
            50000000
            50000000
            50000000
            50000000
            50000000
            50000000
            50000000
            50000000
            50000000
            50000000
                  25
            50000000
                 111
            50000000
            50000000
            50000000
            50000000
                  17
            50000000
            50000000
            50000000
            50000000
            50000000
                   0
            50000000
            50000000
                 124
            50000000
                 133
            50000000
            50000000
            50000000
            50000000
                  98
            50000000
            50000000
            50000000
            50000000
            50000000
            50000000
            50000000
                 114
            50000000
            50000000
            50000000
            50000000
            50000000
            50000000
                   0
            50000000
                 102
                  57
                  50
            50000000
                  92
            50000000
            50000000
                 105
            50000000
            50000000
            50000000
                  32
            50000000
            50000000
            50000000
            50000000
                  47
                 177
                  70
            50000000
            50000000
            50000000
                 151
 Fixed Cost Component, Cij
                   0
                   0
               31800
                   0
                   0
                   0
                   0
                   0
                   0
                   0
                   0
                   0
                   0
               30900
                6900
                   0
                   0
                   0
                   0
                   0
                   0
                   0
                   0
                   0
                   0
                   0
               28500
                   0
                   0
                5700
                   0
                   0
                   0
                   0
                   0
                   0
               21000
               11700
                   0
                   0
                   0
                   0
                   0
                   0
               16800
                   0
                   0
                   0
                   0
                   0
                   0
               18900
                   0
                   0
                   0
                   0
                   0
                   0
               41100
               44100
                   0
                   0
                   0
                   0
                   0
                6600
                   0
                   0
                   0
                   0
                   0
                   0
                   0
                   0
               18900
                   0
                   0
                   0
                   0
                   0
                   0
                   0
                   0
               39000
                   0
                7800
                   0
               26400
                   0
                   0
                   0
                6300
                   0
                   0
               10200
               39900
                   0
                   0
                   0
                   0
                   0
                   0
                   0
                   0
                   0
                   0
                   0
                   0
                   0
                   0
                   0
                   0
                   0
                   0
                   0
                   0
                   0
                   0
                   0
                   0
                   0
                   0
                   0
                   0
                   0
                   0
                   0
               27900
                   0
                   0
                   0
                   0
                   0
                6600
               25500
                   0
                   0
               22500
                   0
                   0
                   0
                   0
                   0
               41700
                   0
                   0
                   0
                   0
                   0
                   0
                   0
                   0
                   0
                   0
                   0
                   0
                   0
                   0
                   0
                   0
                   0
                   0
                   0
                   0
                   0
                   0
                   0
                   0
                   0
                   0
                   0
               17100
                   0
                   0
                   0
                   0
                   0
                   0
                   0
                   0
                   0
                   0
                   0
                   0
                   0
                   0
                   0
                   0
                   0
                   0
                   0
               30900
                   0
                   0
                   0
                   0
                   0
                   0
                   0
                   0
                   0
                   0
               19800
                   0
                   0
                   0
                   0
                   0
                   0
                   0
                   0
                   0
                   0
                   0
                   0
                   0
               15900
                   0
               19200
               15600
                   0
                   0
                   0
                   0
                   0
                   0
                   0
                   0
                   0
                   0
                   0
                   0
                   0
               15000
                   0
                   0
                   0
                   0
                   0
                   0
                   0
                   0
                   0
               38100
                   0
                   0
                   0
                   0
                   0
                   0
                   0
                   0
                   0
                   0
                   0
                   0
                   0
                   0
                   0
                   0
                   0
                   0
                   0
                   0
               13500
                   0
                   0
               39000
                   0
                   0
                   0
                   0
                   0
                   0
                   0
                   0
                   0
               36000
                   0
                   0
                   0
               41100
                   0
                   0
                   0
                   0
                   0
                   0
                   0
                   0
                   0
                   0
                   0
                   0
                   0
                   0
                   0
                   0
                   0
                   0
                   0
                   0
                   0
                   0
                   0
                   0
                   0
                   0
                   0
                   0
                   0
                   0
                   0
                   0
                   0
                   0
                   0
                   0
                   0
                   0
               17100
               17100
                   0
               36000
                   0
                   0
                   0
                   0
                   0
                   0
                   0
                   0
                   0
                   0
                   0
                   0
                   0
               20400
                   0
               27600
                9300
                   0
                   0
                   0
                   0
                   0
                   0
                   0
                   0
                   0
                   0
                   0
                   0
                   0
                   0
                   0
                   0
                   0
                   0
                   0
                   0
                   0
                   0
                   0
                   0
                   0
                   0
                   0
                   0
                   0
                   0
                   0
                   0
                   0
                   0
                   0
                   0
                   0
                   0
               22800
                   0
                   0
                   0
                   0
                   0
                   0
                   0
                   0
                   0
                   0
                   0
                   0
                   0
                   0
                   0
                   0
                   0
                   0
                   0
                   0
                   0
                   0
                   0
                   0
                   0
                   0
                   0
               34200
                   0
                   0
                   0
                   0
                   0
                   0
                   0
                   0
                   0
                   0
                   0
                   0
                   0
                   0
                   0
                   0
                   0
                   0
               39300
               17700
                   0
                   0
                   0
                   0
               12600
                   0
                   0
                   0
                   0
                   0
                   0
                   0
                   0
               27300
                   0
               18600
                   0
                   0
                   0
               21300
                   0
               39300
                   0
                   0
                   0
                5100
                   0
                   0
                   0
               10800
                   0
                   0
                   0
                   0
               30900
                   0
                   0
                   0
                   0
                   0
                   0
                   0
                   0
                   0
                   0
                   0
               41700
                   0
               24000
                   0
                   0
                   0
                   0
                   0
                   0
                   0
                   0
                   0
                   0
               26700
                   0
                   0
                   0
                   0
                   0
                   0
                   0
                   0
                   0
                   0
                   0
                   0
                   0
                   0
                   0
                   0
                   0
                   0
                   0
                   0
                   0
                   0
                   0
                   0
                   0
               30600
               12300
                   0
                   0
               45600
                   0
                   0
                   0
                   0
                   0
                   0
                   0
                   0
                   0
                   0
                   0
                   0
                   0
                   0
                   0
                   0
                   0
                   0
                   0
                7500
                   0
               33300
                   0
                   0
                   0
                   0
                5100
                   0
                   0
                   0
                   0
                   0
                   0
                   0
                   0
               37200
                   0
               39900
                   0
                   0
                   0
                   0
               29400
                   0
                   0
                   0
                   0
                   0
                   0
                   0
               34200
                   0
                   0
                   0
                   0
                   0
                   0
                   0
                   0
               30600
               17100
               15000
                   0
               27600
                   0
                   0
               31500
                   0
                   0
                   0
                9600
                   0
                   0
                   0
                   0
               14100
               53100
               21000
                   0
                   0
                   0
               45300