          25
           8
           3
           4
           7
           8
           6
           8
           1
           4
           7
           9
           6
           3
           8
          10
           9
           5
           2
           3
           4
           8
           3
           2
           8
 1st Variable Cost Component, Aij
                   0
                   0
                   0
                   0
                   0
                   2
                   6
                   0
                   0
                   0
                   0
                   0
                   0
                   0
                   0
                   0
                   0
                   0
                   0
                   0
                   0
                   0
                   0
                   0
                   0
                   0
                   0
                   0
                   0
                   7
                   0
                   0
                   0
                   0
                   0
                   0
                   5
                   0
                   0
                   8
                   0
                   0
                   3
                   0
                   0
                   0
                   0
                   0
                   0
                   0
                   0
                   3
                   0
                   0
                   2
                   0
                   9
                   0
                   0
                   0
                   0
                   0
                   2
                   0
                   0
                   0
                   0
                   0
                   0
                   0
                   0
                   0
                   0
                   0
                   0
                   0
                   0
                   0
                   0
                   0
                   0
                   0
                   0
                   0
                   5
                   0
                   0
                   0
                   0
                   0
                   0
                   0
                   0
                   0
                   0
                   0
                   0
                   0
                   1
                   4
                   0
                   0
                   0
                   0
                   0
                   0
                   0
                   0
                   0
                   0
                   0
                   0
                   0
                   0
                   0
                   0
                   0
                   0
                   0
                   0
                   2
                   0
                   0
                   0
                   0
                   0
                   0
                   0
                   0
                   4
                   6
                   0
                   0
                   0
                   0
                   0
                   2
                   0
                   0
                   0
                   0
                   0
                   0
                   8
                   0
                   0
                   0
                   0
                   0
                   0
                   0
                   6
                   0
                   0
                   0
                   0
                   0
                   0
                   0
                   0
                   0
                   0
                   0
                   0
                   0
                   2
                   0
                   0
                   0
                   0
                   0
                   0
                   0
                   0
                   0
                   0
                   0
                   8
                   0
                   0
                   0
                   0
                   0
                   0
                   0
                   0
                   0
                   4
                   0
                   0
                   0
                   0
                   0
                   9
                   0
                   0
                   0
                   7
                  11
                   0
                   0
                   0
                   0
                   0
                   0
                   0
                   0
                   7
                   0
                   0
                   0
                   0
                   6
                   0
                   0
                   0
                   0
                   0
                   0
                   0
                   0
                   0
                   0
                   0
                  12
                   0
                   0
                   0
                   0
                   0
                   0
                  14
                   0
                   3
                   0
                   0
                   0
                   4
                   0
                   0
                   0
                   0
                   0
                   0
                   0
                   0
                   0
                   0
                   0
                   0
                   0
                   0
                   0
                   0
                   0
                  10
                   0
                   0
                   9
                   0
                   0
                  10
                   0
                   0
                   0
                   8
                   8
                   0
                   0
                   0
                  10
                   0
                   0
                   0
                   0
                   0
                   0
                   8
                   0
                   0
                   0
                   0
                   0
                   0
                  11
                   0
                   0
                   0
                   5
                   0
                   0
                   0
                   0
                   0
                   0
                   0
                   0
                   0
                   0
                   0
                   0
                   0
                   0
                   0
                   0
                   0
                   0
                   0
                  12
                   0
                   0
                  11
                   4
                   0
                   0
                   0
                   0
                   0
                   0
                   0
                   8
                   0
                   0
                   0
                   0
                   0
                   0
                   0
                   0
                   5
                   3
                   0
                   7
                   0
                   0
                   0
                   0
                   0
                   2
                   0
                   2
                   0
                   0
                   5
                   0
                   0
                   0
                   7
                   0
                   0
                   0
                   0
                   0
                   0
                   0
                   0
                   0
                   0
                   0
                   0
                   0
                   0
                   0
                   0
                   7
                   0
                   0
                   0
                   0
                   0
                   0
                  11
                   0
                   0
                   0
                   0
                   0
                   0
                   0
                   0
                   0
                   0
                   0
                   0
                   0
                   0
                   5
                   0
                   0
                   0
                   0
                   6
                   0
                   0
                   0
                   0
                   0
                   0
                   0
                   0
                   0
                   0
                   0
                   0
                   0
                   0
                   0
                   9
                   0
                   0
                   5
                   0
                   0
                   0
                   6
                   0
                   0
                   0
                   0
                   0
                   4
                   0
                   0
                  11
                   0
                   0
                   0
                   0
                   0
                   0
                   0
                   0
                   2
                   3
                   2
                   5
                   0
                   0
                   0
                   0
                   0
                   0
                   0
                   0
                   0
                   0
                   0
                  10
                   0
                   0
                   0
                   1
                   0
                   0
                   0
                   0
                   3
                   0
                   0
                   4
                   0
                   5
                   0
                   0
                   0
                   0
                   0
                   7
                   3
                   0
                   0
                   0
                   3
                   0
                   0
                   0
                   0
                   0
                   0
                   0
                   0
                   0
                   0
                   0
                   0
                   0
                   0
                   0
                   6
                   0
                   0
                   0
                   0
                   7
                   0
                   0
                   0
                  10
                   0
                   0
                   0
                   0
                   9
                   0
                   0
                   0
                   0
                   0
                   0
                   0
                   2
                   0
                   0
                   0
                  10
                   0
                   0
                   0
                   0
                   0
                   0
                   0
                   1
                   0
                   0
                   0
                   0
                   8
                   0
                   0
                   0
                   0
                   0
                   0
                   0
                   0
                   0
                   4
                   0
                   0
                   0
                   0
                   2
                   0
                   0
                   0
                   0
                   0
                   0
                   0
                   0
                   0
                   0
                   0
                   0
                  11
                   0
                   0
                   0
                   0
                   0
                   0
                   0
                   0
                   0
                   0
                   0
                   0
                   0
                   0
                   8
                   0
                   0
                   0
                   0
                   0
                   0
                   0
                   0
                   0
                   0
                   0
                   9
                   0
                   0
                   0
                   0
                   7
                   0
                   9
                   0
                   0
                   0
                   5
                   0
                   7
                  16
                   0
                   0
                   0
 2nd Variable Cost Component, Bij
                   0
            50000000
            50000000
            50000000
            50000000
                  28
                  72
            50000000
            50000000
            50000000
            50000000
            50000000
            50000000
            50000000
            50000000
            50000000
            50000000
            50000000
            50000000
            50000000
            50000000
            50000000
            50000000
            50000000
            50000000
                   0
            50000000
            50000000
            50000000
                  81
            50000000
            50000000
            50000000
            50000000
            50000000
            50000000
                  63
            50000000
            50000000
                  91
            50000000
            50000000
                  39
            50000000
            50000000
            50000000
            50000000
            50000000
            50000000
            50000000
                   0
                  39
            50000000
            50000000
                  27
            50000000
                 109
            50000000
            50000000
            50000000
            50000000
            50000000
                  25
            50000000
            50000000
            50000000
            50000000
            50000000
            50000000
            50000000
            50000000
            50000000
            50000000
            50000000
            50000000
                   0
            50000000
            50000000
            50000000
            50000000
            50000000
            50000000
            50000000
            50000000
                  63
            50000000
            50000000
            50000000
            50000000
            50000000
            50000000
            50000000
            50000000
            50000000
            50000000
            50000000
            50000000
            50000000
                  13
                  51
                   0
            50000000
            50000000
            50000000
            50000000
            50000000
            50000000
            50000000
            50000000
            50000000
            50000000
            50000000
            50000000
            50000000
            50000000
            50000000
            50000000
            50000000
            50000000
            50000000
                  28
            50000000
            50000000
            50000000
            50000000
                   0
            50000000
            50000000
            50000000
                  54
                  74
            50000000
            50000000
            50000000
            50000000
            50000000
                  29
            50000000
            50000000
            50000000
            50000000
            50000000
            50000000
                  91
            50000000
            50000000
            50000000
            50000000
            50000000
            50000000
                   0
                  77
            50000000
            50000000
            50000000
            50000000
            50000000
            50000000
            50000000
            50000000
            50000000
            50000000
            50000000
            50000000
            50000000
                  29
            50000000
            50000000
            50000000
            50000000
            50000000
            50000000
            50000000
            50000000
            50000000
                   0
            50000000
                  95
            50000000
            50000000
            50000000
            50000000
            50000000
            50000000
            50000000
            50000000
            50000000
                  56
            50000000
            50000000
            50000000
            50000000
            50000000
                 108
            50000000
            50000000
            50000000
                  86
                 135
            50000000
                   0
            50000000
            50000000
            50000000
            50000000
            50000000
            50000000
                  85
            50000000
            50000000
            50000000
            50000000
                  73
            50000000
            50000000
            50000000
            50000000
            50000000
            50000000
            50000000
            50000000
            50000000
            50000000
            50000000
                 136
                   0
            50000000
            50000000
            50000000
            50000000
            50000000
                 163
            50000000
                  41
            50000000
            50000000
            50000000
                  52
            50000000
            50000000
            50000000
            50000000
            50000000
            50000000
            50000000
            50000000
            50000000
            50000000
            50000000
            50000000
                   0
            50000000
            50000000
            50000000
            50000000
                 121
            50000000
            50000000
                 106
            50000000
            50000000
                 120
            50000000
            50000000
            50000000
                 100
                  95
            50000000
            50000000
            50000000
                 114
            50000000
            50000000
            50000000
            50000000
                   0
            50000000
                  93
            50000000
            50000000
            50000000
            50000000
            50000000
            50000000
                 125
            50000000
            50000000
            50000000
                  67
            50000000
            50000000
            50000000
            50000000
            50000000
            50000000
            50000000
            50000000
            50000000
            50000000
            50000000
                   0
            50000000
            50000000
            50000000
            50000000
            50000000
            50000000
            50000000
                 147
            50000000
            50000000
                 133
                  50
            50000000
                   9
            50000000
            50000000
            50000000
            50000000
            50000000
                 101
            50000000
            50000000
            50000000
            50000000
                   0
            50000000
            50000000
            50000000
                  58
                  34
            50000000
                  86
            50000000
            50000000
            50000000
            50000000
            50000000
                  25
            50000000
                  30
            50000000
            50000000
                  59
            50000000
            50000000
            50000000
                  83
            50000000
            50000000
                   0
            50000000
            50000000
            50000000
            50000000
            50000000
            50000000
            50000000
            50000000
            50000000
            50000000
            50000000
            50000000
            50000000
                  89
            50000000
            50000000
            50000000
            50000000
            50000000
            50000000
                 135
            50000000
            50000000
            50000000
                   0
            50000000
            50000000
            50000000
            50000000
            50000000
            50000000
            50000000
            50000000
            50000000
            50000000
                  64
            50000000
            50000000
            50000000
            50000000
                  72
            50000000
            50000000
            50000000
            50000000
            50000000
            50000000
            50000000
            50000000
                   0
            50000000
            50000000
            50000000
            50000000
            50000000
            50000000
                 110
            50000000
            50000000
                  57
            50000000
            50000000
            50000000
                  69
            50000000
            50000000
            50000000
            50000000
            50000000
                  49
            50000000
            50000000
                 129
            50000000
                   0
            50000000
            50000000
            50000000
            50000000
            50000000
            50000000
                  31
                  39
                  31
                  63
            50000000
            50000000
            50000000
            50000000
            50000000
            50000000
            50000000
            50000000
            50000000
            50000000
            50000000
                 116
            50000000
            50000000
                   0
                  13
            50000000
            50000000
            50000000
            50000000
                  43
            50000000
            50000000
                  50
            50000000
                  59
            50000000
            50000000
            50000000
            50000000
            50000000
                  83
                  36
            50000000
                   3
            50000000
                  43
            50000000
            50000000
                   0
            50000000
            50000000
            50000000
            50000000
            50000000
            50000000
            50000000
            50000000
            50000000
            50000000
            50000000
            50000000
                  73
            50000000
            50000000
            50000000
            50000000
                  86
            50000000
            50000000
            50000000
                 121
            50000000
            50000000
                   0
            50000000
                 104
            50000000
            50000000
            50000000
            50000000
            50000000
            50000000
            50000000
                  29
            50000000
            50000000
            50000000
                 120
            50000000
            50000000
            50000000
            50000000
            50000000
            50000000
            50000000
                  15
            50000000
            50000000
                   0
            50000000
                 101
            50000000
            50000000
            50000000
            50000000
            50000000
            50000000
            50000000
            50000000
            50000000
                  53
            50000000
            50000000
            50000000
            50000000
                  28
            50000000
            50000000
            50000000
            50000000
            50000000
            50000000
            50000000
                   0
            50000000
            50000000
            50000000
            50000000
                 128
            50000000
            50000000
            50000000
            50000000
            50000000
            50000000
            50000000
            50000000
            50000000
            50000000
            50000000
            50000000
            50000000
            50000000
                  94
            50000000
            50000000
            50000000
            50000000
                   0
            50000000
            50000000
            50000000
            50000000
            50000000
            50000000
                 106
            50000000
            50000000
            50000000
            50000000
                  85
            50000000
                 113
            50000000
            50000000
            50000000
                  64
            50000000
                  86
                 185
            50000000
            50000000
            50000000
 Fixed Cost Component, Cij
                   0
                   0
                   0
                   0
                   0
                  15
                  39
                   0
                   0
                   0
                   0
                   0
                   0
                   0
                   0
                   0
                   0
                   0
                   0
                   0
                   0
                   0
                   0
                   0
                   0
                   0
                   0
                   0
                   0
                  44
                   0
                   0
                   0
                   0
                   0
                   0
                  34
                   0
                   0
                  50
                   0
                   0
                  21
                   0
                   0
                   0
                   0
                   0
                   0
                   0
                   0
                  21
                   0
                   0
                  14
                   0
                  59
                   0
                   0
                   0
                   0
                   0
                  13
                   0
                   0
                   0
                   0
                   0
                   0
                   0
                   0
                   0
                   0
                   0
                   0
                   0
                   0
                   0
                   0
                   0
                   0
                   0
                   0
                   0
                  34
                   0
                   0
                   0
                   0
                   0
                   0
                   0
                   0
                   0
                   0
                   0
                   0
                   0
                   7
                  28
                   0
                   0
                   0
                   0
                   0
                   0
                   0
                   0
                   0
                   0
                   0
                   0
                   0
                   0
                   0
                   0
                   0
                   0
                   0
                   0
                  15
                   0
                   0
                   0
                   0
                   0
                   0
                   0
                   0
                  29
                  40
                   0
                   0
                   0
                   0
                   0
                  15
                   0
                   0
                   0
                   0
                   0
                   0
                  50
                   0
                   0
                   0
                   0
                   0
                   0
                   0
                  42
                   0
                   0
                   0
                   0
                   0
                   0
                   0
                   0
                   0
                   0
                   0
                   0
                   0
                  15
                   0
                   0
                   0
                   0
                   0
                   0
                   0
                   0
                   0
                   0
                   0
                  52
                   0
                   0
                   0
                   0
                   0
                   0
                   0
                   0
                   0
                  30
                   0
                   0
                   0
                   0
                   0
                  59
                   0
                   0
                   0
                  47
                  74
                   0
                   0
                   0
                   0
                   0
                   0
                   0
                   0
                  46
                   0
                   0
                   0
                   0
                  40
                   0
                   0
                   0
                   0
                   0
                   0
                   0
                   0
                   0
                   0
                   0
                  74
                   0
                   0
                   0
                   0
                   0
                   0
                  89
                   0
                  22
                   0
                   0
                   0
                  28
                   0
                   0
                   0
                   0
                   0
                   0
                   0
                   0
                   0
                   0
                   0
                   0
                   0
                   0
                   0
                   0
                   0
                  66
                   0
                   0
                  58
                   0
                   0
                  66
                   0
                   0
                   0
                  55
                  52
                   0
                   0
                   0
                  62
                   0
                   0
                   0
                   0
                   0
                   0
                  51
                   0
                   0
                   0
                   0
                   0
                   0
                  68
                   0
                   0
                   0
                  36
                   0
                   0
                   0
                   0
                   0
                   0
                   0
                   0
                   0
                   0
                   0
                   0
                   0
                   0
                   0
                   0
                   0
                   0
                   0
                  80
                   0
                   0
                  73
                  27
                   0
                   4
                   0
                   0
                   0
                   0
                   0
                  55
                   0
                   0
                   0
                   0
                   0
                   0
                   0
                   0
                  31
                  18
                   0
                  47
                   0
                   0
                   0
                   0
                   0
                  13
                   0
                  16
                   0
                   0
                  32
                   0
                   0
                   0
                  45
                   0
                   0
                   0
                   0
                   0
                   0
                   0
                   0
                   0
                   0
                   0
                   0
                   0
                   0
                   0
                   0
                  48
                   0
                   0
                   0
                   0
                   0
                   0
                  74
                   0
                   0
                   0
                   0
                   0
                   0
                   0
                   0
                   0
                   0
                   0
                   0
                   0
                   0
                  35
                   0
                   0
                   0
                   0
                  39
                   0
                   0
                   0
                   0
                   0
                   0
                   0
                   0
                   0
                   0
                   0
                   0
                   0
                   0
                   0
                  60
                   0
                   0
                  31
                   0
                   0
                   0
                  37
                   0
                   0
                   0
                   0
                   0
                  26
                   0
                   0
                  70
                   0
                   0
                   0
                   0
                   0
                   0
                   0
                   0
                  17
                  21
                  17
                  34
                   0
                   0
                   0
                   0
                   0
                   0
                   0
                   0
                   0
                   0
                   0
                  63
                   0
                   0
                   0
                   7
                   0
                   0
                   0
                   0
                  23
                   0
                   0
                  27
                   0
                  32
                   0
                   0
                   0
                   0
                   0
                  45
                  19
                   0
                   1
                   0
                  23
                   0
                   0
                   0
                   0
                   0
                   0
                   0
                   0
                   0
                   0
                   0
                   0
                   0
                   0
                   0
                  40
                   0
                   0
                   0
                   0
                  47
                   0
                   0
                   0
                  66
                   0
                   0
                   0
                   0
                  57
                   0
                   0
                   0
                   0
                   0
                   0
                   0
                  15
                   0
                   0
                   0
                  66
                   0
                   0
                   0
                   0
                   0
                   0
                   0
                   8
                   0
                   0
                   0
                   0
                  55
                   0
                   0
                   0
                   0
                   0
                   0
                   0
                   0
                   0
                  29
                   0
                   0
                   0
                   0
                  15
                   0
                   0
                   0
                   0
                   0
                   0
                   0
                   0
                   0
                   0
                   0
                   0
                  70
                   0
                   0
                   0
                   0
                   0
                   0
                   0
                   0
                   0
                   0
                   0
                   0
                   0
                   0
                  51
                   0
                   0
                   0
                   0
                   0
                   0
                   0
                   0
                   0
                   0
                   0
                  58
                   0
                   0
                   0
                   0
                  46
                   0
                  62
                   0
                   0
                   0
                  35
                   0
                  47
                 101
                   0
                   0
                   0