          25
           7
           5
           7
           6
           7
           3
           6
           7
           4
           3
           7
           3
           8
           2
           9
           4
           2
           4
           1
           5
           1
           1
           9
           4
 1st Variable Cost Component, Aij
                   0
                   0
                   0
                   0
                   0
                   0
                   0
                   0
                   0
                   4
                   0
                   0
                   0
                   1
                   3
                   0
                   3
                   0
                   0
                   0
                   0
                   0
                   0
                   7
                   0
                   0
                   0
                   0
                   0
                   7
                   0
                   0
                   0
                   0
                   0
                   0
                   0
                   0
                   0
                   0
                   0
                   0
                   0
                   0
                   6
                  12
                   0
                   0
                   0
                   0
                   0
                   0
                   0
                   0
                   0
                   0
                   0
                   0
                   0
                   0
                   6
                   6
                   0
                   0
                   0
                   0
                   3
                   0
                   0
                   0
                   0
                   0
                   0
                   0
                   0
                   0
                   0
                   0
                   0
                   0
                   0
                   0
                   0
                   0
                   0
                   0
                   0
                   0
                   7
                   0
                   0
                   0
                   0
                   0
                   0
                   0
                   0
                   0
                   0
                   0
                   0
                   0
                   0
                  14
                   0
                   0
                   0
                   0
                   0
                   0
                   0
                   0
                   0
                   0
                   0
                   0
                   4
                   0
                   0
                   0
                   0
                   7
                   0
                   1
                   0
                   0
                   0
                   0
                   0
                   0
                   0
                   0
                   0
                   5
                   0
                   0
                   0
                   0
                   0
                   0
                   0
                   8
                   0
                   8
                   0
                   3
                   0
                   0
                   0
                   0
                   0
                   0
                   9
                   0
                   0
                   0
                   0
                   0
                   6
                   0
                   0
                   0
                   1
                   0
                   0
                   0
                   0
                   0
                   0
                   0
                   0
                   0
                   0
                   0
                   0
                   0
                   0
                   0
                   0
                   0
                   0
                   0
                   0
                   0
                   0
                   0
                   0
                   0
                   0
                  17
                   0
                   0
                   0
                   0
                   0
                  10
                   0
                   0
                   0
                   0
                   0
                   0
                   0
                   0
                   0
                   6
                   0
                   0
                   0
                   0
                   9
                   0
                   0
                   0
                   0
                   0
                   4
                   1
                   0
                   0
                   0
                   0
                   0
                   4
                   0
                   0
                   0
                   0
                   0
                   0
                   0
                   0
                   0
                   0
                   0
                   0
                   0
                   0
                   0
                   0
                   4
                   0
                   0
                   0
                   0
                   0
                   0
                   0
                   8
                   9
                   0
                   0
                   0
                   0
                   0
                   0
                   0
                   0
                   0
                   0
                   0
                   0
                   0
                   0
                   5
                   0
                   0
                   0
                   0
                   0
                   7
                   0
                   0
                   0
                   0
                   0
                   0
                   0
                   0
                   0
                   0
                   0
                   9
                   0
                   5
                   0
                   0
                   0
                   0
                   0
                   0
                   0
                   0
                   0
                   0
                   0
                   0
                   0
                   0
                   0
                   0
                   0
                   0
                   0
                   0
                   0
                   0
                   0
                   0
                   0
                   0
                   0
                   1
                   0
                   0
                   0
                   0
                   0
                   0
                   0
                   0
                   0
                   0
                   0
                   0
                   0
                   0
                   0
                   0
                   0
                   0
                   0
                   0
                   0
                   0
                   0
                   0
                   0
                   0
                   0
                   0
                   0
                   0
                   0
                   0
                   0
                   3
                   0
                   0
                   0
                   0
                   0
                   1
                   0
                   0
                   0
                   0
                   0
                   0
                   0
                   0
                   0
                   0
                   0
                   0
                   0
                   0
                   0
                   0
                   0
                   0
                   0
                   0
                   0
                   0
                   0
                   0
                   0
                   0
                   0
                   0
                   0
                   0
                   0
                   3
                   7
                   0
                   0
                   0
                   0
                   0
                   0
                   0
                   0
                   0
                   0
                   0
                   0
                   0
                   0
                   0
                   0
                   0
                   0
                   0
                   7
                   0
                   0
                   0
                   0
                   0
                   0
                   0
                   0
                   0
                   0
                   0
                   0
                  12
                   0
                  10
                   0
                   0
                   0
                   0
                   0
                   0
                   0
                   0
                   0
                   0
                   0
                   0
                   5
                   3
                   3
                   0
                   0
                   0
                   0
                   0
                   0
                   0
                   0
                   3
                   0
                   0
                   0
                   0
                   0
                   0
                   0
                   0
                   0
                   5
                   0
                   0
                   0
                   0
                   0
                   0
                   0
                   0
                   0
                   0
                   0
                   5
                   0
                   0
                   0
                   0
                   0
                   0
                   0
                   7
                   0
                   0
                   0
                   0
                   0
                   3
                   0
                   0
                   0
                   4
                   0
                   0
                   0
                   2
                   6
                   0
                   0
                   8
                   0
                   0
                  10
                   0
                   0
                   0
                   0
                   0
                   0
                   0
                  10
                   0
                   0
                   7
                   0
                   5
                   0
                   0
                   0
                  10
                   0
                   0
                   0
                   0
                   0
                   0
                   0
                   0
                   0
                   0
                   0
                   0
                   0
                   0
                   0
                   4
                   0
                   0
                   0
                   0
                   0
                   0
                   0
                   0
                   1
                   8
                   0
                   0
                   0
                   0
                   0
                   8
                   0
                   0
                   8
                   6
                   0
                   0
                   0
                   0
                   0
                   0
                   0
                   0
                   0
                   0
                   0
                   0
                   0
                   0
                   7
                   0
                   0
                   0
                   0
                   0
                   9
                   6
                   0
                   0
                   0
                   0
                   0
                  12
                   0
                  16
                   0
                  17
                  15
                   0
                   0
                   0
                   0
                   0
                   7
                   0
                   0
                   0
                   0
                   0
                   7
                   0
                   0
                   0
                  20
                   7
                   0
 2nd Variable Cost Component, Bij
                   0
            50000000
            50000000
            50000000
            50000000
            50000000
            50000000
            50000000
            50000000
                  45
            50000000
            50000000
            50000000
                  13
                  29
            50000000
                  37
            50000000
            50000000
            50000000
            50000000
            50000000
            50000000
                  76
            50000000
                   0
            50000000
            50000000
            50000000
                  71
            50000000
            50000000
            50000000
            50000000
            50000000
            50000000
            50000000
            50000000
            50000000
            50000000
            50000000
            50000000
            50000000
            50000000
                  59
                 123
                   6
            50000000
            50000000
            50000000
                   0
            50000000
            50000000
            50000000
            50000000
            50000000
            50000000
            50000000
            50000000
            50000000
                  66
                  58
            50000000
            50000000
            50000000
            50000000
                  29
            50000000
            50000000
            50000000
            50000000
            50000000
            50000000
            50000000
            50000000
                   0
            50000000
            50000000
            50000000
            50000000
            50000000
            50000000
            50000000
            50000000
            50000000
            50000000
            50000000
            50000000
                  75
            50000000
            50000000
            50000000
            50000000
            50000000
            50000000
            50000000
            50000000
            50000000
            50000000
            50000000
                   0
            50000000
            50000000
                 141
            50000000
            50000000
            50000000
            50000000
            50000000
            50000000
            50000000
            50000000
            50000000
            50000000
            50000000
            50000000
                  39
            50000000
            50000000
            50000000
            50000000
                  71
            50000000
                  13
            50000000
                   0
            50000000
            50000000
            50000000
            50000000
            50000000
            50000000
            50000000
                  52
            50000000
            50000000
            50000000
            50000000
            50000000
            50000000
            50000000
                  80
            50000000
                  85
            50000000
                  34
            50000000
            50000000
            50000000
            50000000
                   0
            50000000
                  89
            50000000
            50000000
            50000000
            50000000
            50000000
                  64
            50000000
            50000000
            50000000
                  19
            50000000
            50000000
            50000000
            50000000
            50000000
            50000000
            50000000
            50000000
            50000000
            50000000
            50000000
            50000000
                   0
            50000000
            50000000
            50000000
            50000000
            50000000
            50000000
            50000000
            50000000
            50000000
            50000000
            50000000
            50000000
            50000000
                 167
            50000000
            50000000
            50000000
            50000000
            50000000
                 103
            50000000
            50000000
            50000000
            50000000
                   0
            50000000
            50000000
            50000000
            50000000
                  61
            50000000
            50000000
            50000000
            50000000
                  93
            50000000
            50000000
            50000000
            50000000
            50000000
                  45
                  11
            50000000
            50000000
            50000000
            50000000
            50000000
                  46
            50000000
                   0
            50000000
            50000000
            50000000
            50000000
            50000000
            50000000
            50000000
            50000000
            50000000
            50000000
            50000000
            50000000
            50000000
            50000000
                  45
            50000000
            50000000
            50000000
            50000000
            50000000
            50000000
            50000000
                  84
                  88
                   0
            50000000
            50000000
            50000000
            50000000
            50000000
            50000000
            50000000
            50000000
            50000000
            50000000
            50000000
            50000000
            50000000
                  57
            50000000
            50000000
            50000000
            50000000
            50000000
                  74
            50000000
            50000000
            50000000
            50000000
                   0
            50000000
            50000000
            50000000
            50000000
            50000000
            50000000
                  87
            50000000
                  53
            50000000
            50000000
            50000000
            50000000
            50000000
            50000000
            50000000
            50000000
            50000000
            50000000
            50000000
            50000000
            50000000
            50000000
            50000000
                   0
            50000000
            50000000
            50000000
            50000000
            50000000
            50000000
            50000000
            50000000
            50000000
            50000000
            50000000
                  13
            50000000
            50000000
            50000000
            50000000
            50000000
            50000000
            50000000
            50000000
            50000000
            50000000
            50000000
            50000000
                   0
            50000000
            50000000
            50000000
            50000000
            50000000
            50000000
            50000000
            50000000
            50000000
            50000000
            50000000
            50000000
            50000000
            50000000
            50000000
            50000000
            50000000
            50000000
            50000000
            50000000
                  36
            50000000
            50000000
            50000000
                   0
            50000000
                  18
            50000000
            50000000
            50000000
            50000000
            50000000
            50000000
            50000000
            50000000
            50000000
            50000000
            50000000
            50000000
            50000000
            50000000
            50000000
            50000000
            50000000
            50000000
            50000000
            50000000
            50000000
            50000000
                   0
            50000000
            50000000
            50000000
            50000000
            50000000
            50000000
            50000000
            50000000
                  37
                  72
            50000000
            50000000
            50000000
            50000000
            50000000
            50000000
            50000000
            50000000
            50000000
            50000000
            50000000
            50000000
            50000000
            50000000
                   0
            50000000
            50000000
            50000000
            50000000
                  70
            50000000
            50000000
            50000000
            50000000
            50000000
            50000000
            50000000
            50000000
            50000000
            50000000
            50000000
            50000000
                 124
            50000000
                  96
            50000000
            50000000
            50000000
            50000000
                   0
            50000000
            50000000
            50000000
            50000000
            50000000
            50000000
            50000000
                  51
                  29
                  30
            50000000
            50000000
            50000000
            50000000
            50000000
            50000000
            50000000
            50000000
                  38
            50000000
            50000000
            50000000
            50000000
            50000000
                   0
            50000000
            50000000
            50000000
                  55
            50000000
            50000000
            50000000
            50000000
            50000000
            50000000
            50000000
            50000000
            50000000
            50000000
            50000000
                  53
            50000000
            50000000
            50000000
            50000000
            50000000
            50000000
            50000000
                  74
                   0
            50000000
            50000000
            50000000
            50000000
                  30
            50000000
            50000000
            50000000
                  39
            50000000
            50000000
            50000000
                  24
                  58
            50000000
            50000000
                  84
            50000000
            50000000
                 103
            50000000
            50000000
            50000000
            50000000
                   0
            50000000
            50000000
                  99
            50000000
            50000000
                  73
            50000000
                  56
            50000000
            50000000
            50000000
                 101
            50000000
            50000000
            50000000
            50000000
            50000000
            50000000
            50000000
            50000000
            50000000
            50000000
            50000000
            50000000
                   0
            50000000
            50000000
                  46
            50000000
            50000000
            50000000
            50000000
            50000000
            50000000
            50000000
            50000000
                  11
                  86
            50000000
            50000000
            50000000
            50000000
            50000000
                  78
            50000000
            50000000
                  81
                  64
            50000000
                   0
            50000000
            50000000
            50000000
            50000000
            50000000
            50000000
            50000000
            50000000
            50000000
            50000000
            50000000
            50000000
                  74
            50000000
            50000000
            50000000
            50000000
            50000000
                  89
                  67
            50000000
            50000000
            50000000
            50000000
                   0
                 118
            50000000
                 157
            50000000
                 163
                 149
            50000000
            50000000
            50000000
            50000000
            50000000
                  74
            50000000
            50000000
            50000000
            50000000
            50000000
                  69
            50000000
            50000000
            50000000
                 201
                  75
            50000000
 Fixed Cost Component, Cij
                   0
                   0
                   0
                   0
                   0
                   0
                   0
                   0
                   0
                 247
                   0
                   0
                   0
                  71
                 159
                   0
                 203
                   0
                   0
                   0
                   0
                   0
                   0
                 418
                   0
                   0
                   0
                   0
                   0
                 390
                   0
                   0
                   0
                   0
                   0
                   0
                   0
                   0
                   0
                   0
                   0
                   0
                   0
                   0
                 324
                 676
                  33
                   0
                   0
                   0
                   0
                   0
                   0
                   0
                   0
                   0
                   0
                   0
                   0
                   0
                 363
                 319
                   0
                   0
                   0
                   0
                 159
                   0
                   0
                   0
                   0
                   0
                   0
                   0
                   0
                   0
                   0
                   0
                   0
                   0
                   0
                   0
                   0
                   0
                   0
                   0
                   0
                   0
                 412
                   0
                   0
                   0
                   0
                   0
                   0
                   0
                   0
                   0
                   0
                   0
                   0
                   0
                   0
                 775
                   0
                   0
                   0
                   0
                   0
                   0
                   0
                   0
                   0
                   0
                   0
                   0
                 214
                   0
                   0
                   0
                   0
                 390
                   0
                  71
                   0
                   0
                   0
                   0
                   0
                   0
                   0
                   0
                   0
                 286
                   0
                   0
                   0
                   0
                   0
                   0
                   0
                 440
                   0
                 467
                   0
                 187
                   0
                   0
                   0
                   0
                   0
                   0
                 489
                   0
                   0
                   0
                   0
                   0
                 352
                   0
                   0
                   0
                 104
                   0
                   0
                   0
                   0
                   0
                   0
                   0
                   0
                   0
                   0
                   0
                   0
                   0
                   0
                   0
                   0
                   0
                   0
                   0
                   0
                   0
                   0
                   0
                   0
                   0
                   0
                 918
                   0
                   0
                   0
                   0
                   0
                 566
                   0
                   0
                   0
                   0
                   0
                   0
                   0
                   0
                   0
                 335
                   0
                   0
                   0
                   0
                 511
                   0
                   0
                   0
                   0
                   0
                 247
                  60
                   0
                   0
                   0
                   0
                   0
                 253
                   0
                   0
                   0
                   0
                   0
                   0
                   0
                   0
                   0
                   0
                   0
                   0
                   0
                   0
                   0
                   0
                 247
                   0
                   0
                   0
                   0
                   0
                   0
                   0
                 462
                 484
                   0
                   0
                   0
                   0
                   0
                   0
                   0
                   0
                   0
                   0
                   0
                   0
                   0
                   0
                 313
                   0
                   0
                   0
                   0
                   0
                 407
                   0
                   0
                   0
                   0
                   0
                   0
                   0
                   0
                   0
                   0
                   0
                 478
                   0
                 291
                   0
                   0
                   0
                   0
                   0
                   0
                   0
                   0
                   0
                   0
                   0
                   0
                   0
                   0
                   0
                   0
                   0
                   0
                   0
                   0
                   0
                   0
                   0
                   0
                   0
                   0
                   0
                  71
                   0
                   0
                   0
                   0
                   0
                   0
                   0
                   0
                   0
                   0
                   0
                   0
                   0
                   0
                   0
                   0
                   0
                   0
                   0
                   0
                   0
                   0
                   0
                   0
                   0
                   0
                   0
                   0
                   0
                   0
                   0
                   0
                   0
                 198
                   0
                   0
                   0
                   0
                   0
                  99
                   0
                   0
                   0
                   0
                   0
                   0
                   0
                   0
                   0
                   0
                   0
                   0
                   0
                   0
                   0
                   0
                   0
                   0
                   0
                   0
                   0
                   0
                   0
                   0
                   0
                   0
                   0
                   0
                   0
                   0
                   0
                 203
                 396
                   0
                   0
                   0
                   0
                   0
                   0
                   0
                   0
                   0
                   0
                   0
                   0
                   0
                   0
                   0
                   0
                   0
                   0
                   0
                 385
                   0
                   0
                   0
                   0
                   0
                   0
                   0
                   0
                   0
                   0
                   0
                   0
                 682
                   0
                 528
                   0
                   0
                   0
                   0
                   0
                   0
                   0
                   0
                   0
                   0
                   0
                   0
                 280
                 159
                 165
                   0
                   0
                   0
                   0
                   0
                   0
                   0
                   0
                 209
                   0
                   0
                   0
                   0
                   0
                   0
                   0
                   0
                   0
                 302
                   0
                   0
                   0
                   0
                   0
                   0
                   0
                   0
                   0
                   0
                   0
                 291
                   0
                   0
                   0
                   0
                   0
                   0
                   0
                 407
                   0
                   0
                   0
                   0
                   0
                 165
                   0
                   0
                   0
                 214
                   0
                   0
                   0
                 132
                 319
                   0
                   0
                 462
                   0
                   0
                 566
                   0
                   0
                   0
                   0
                   0
                   0
                   0
                 544
                   0
                   0
                 401
                   0
                 308
                   0
                   0
                   0
                 555
                   0
                   0
                   0
                   0
                   0
                   0
                   0
                   0
                   0
                   0
                   0
                   0
                   0
                   0
                   0
                 253
                   0
                   0
                   0
                   0
                   0
                   0
                   0
                   0
                  60
                 473
                   0
                   0
                   0
                   0
                   0
                 429
                   0
                   0
                 445
                 352
                   0
                   0
                   0
                   0
                   0
                   0
                   0
                   0
                   0
                   0
                   0
                   0
                   0
                   0
                 407
                   0
                   0
                   0
                   0
                   0
                 489
                 368
                   0
                   0
                   0
                   0
                   0
                 649
                   0
                 863
                   0
                 896
                 819
                   0
                   0
                   0
                   0
                   0
                 407
                   0
                   0
                   0
                   0
                   0
                 379
                   0
                   0
                   0
                1105
                 412
                   0