          25
           3
           1
           1
           2
           6
           5
           6
           7
           8
           3
           1
           7
           2
           8
           7
          10
           2
           9
           7
           9
           7
           6
           2
           6
 1st Variable Cost Component, Aij
                   0
                   0
                   0
                   0
                   0
                   0
                   0
                   0
                   0
                   0
                   0
                   0
                   0
                   0
                   0
                   0
                   0
                   0
                   0
                   0
                   0
                   0
                   0
                   0
                   0
                   0
                   0
                   0
                   0
                   2
                   0
                   0
                   0
                   0
                   0
                   0
                  11
                   0
                   0
                   0
                   0
                   0
                   0
                   0
                   0
                   0
                   0
                  12
                   0
                   0
                   0
                   0
                   0
                   0
                   0
                   0
                   0
                   0
                   0
                   0
                   0
                   0
                   0
                   0
                   0
                   0
                   0
                   0
                   0
                   0
                   0
                   0
                   0
                   0
                   0
                   0
                   0
                   0
                   0
                   0
                   0
                   0
                   0
                   0
                   0
                   0
                   0
                   0
                   0
                   0
                   0
                   0
                   0
                   0
                   0
                   0
                   0
                   0
                   0
                   0
                   0
                   0
                   0
                   0
                   0
                  13
                   0
                   0
                   0
                   0
                   0
                   0
                   0
                   0
                   0
                   0
                   0
                   0
                   0
                   0
                   0
                   0
                   0
                   0
                   0
                   0
                   0
                   0
                   0
                   0
                   0
                   0
                   0
                   0
                   0
                   0
                   0
                   0
                   0
                   0
                   8
                   0
                   0
                   0
                   0
                   0
                   0
                   0
                  16
                   0
                   0
                   0
                   0
                   0
                  10
                   0
                   0
                   0
                   0
                  10
                   0
                   0
                   0
                   0
                   0
                   0
                   0
                   0
                   6
                   0
                   0
                   0
                   0
                   0
                   0
                   0
                   0
                   0
                   0
                   0
                   0
                   0
                   0
                   0
                   0
                   0
                   0
                   7
                   0
                   0
                  11
                  13
                   0
                   0
                   0
                  10
                   0
                   0
                   0
                  13
                   0
                   0
                  12
                   0
                   0
                   0
                  10
                   0
                   0
                   0
                   2
                   8
                   0
                   3
                   1
                   0
                   0
                   0
                  12
                   4
                   0
                   0
                   0
                   0
                   0
                   0
                   3
                   0
                  12
                   0
                   0
                  11
                   0
                   0
                   0
                   0
                  11
                  13
                  11
                  12
                   0
                   3
                   0
                   0
                   9
                   4
                  10
                   0
                  12
                   0
                   0
                   0
                   0
                   0
                   0
                   0
                   0
                   0
                   0
                   0
                   0
                  12
                   0
                   0
                   0
                   0
                   0
                   0
                   0
                   0
                   0
                   0
                  12
                   0
                   0
                   0
                   0
                   6
                   0
                   0
                   0
                   0
                   0
                   0
                   0
                  11
                   0
                  12
                   0
                   0
                   0
                   0
                  16
                   0
                   0
                   0
                   0
                   0
                   0
                   0
                   0
                   0
                   0
                   0
                   0
                   0
                   1
                   0
                   8
                   0
                   0
                   1
                   0
                   0
                   0
                   0
                   0
                   0
                   6
                   0
                   0
                   0
                   0
                   0
                   0
                   0
                   0
                   0
                   0
                   0
                   0
                   0
                   0
                  10
                   8
                   0
                   0
                   0
                   0
                   0
                   0
                   0
                   0
                   0
                   0
                   0
                   0
                   0
                   0
                   0
                   0
                   0
                   0
                   0
                   0
                   0
                   0
                   0
                   0
                  10
                   5
                   0
                   0
                   0
                   0
                   0
                   0
                   3
                   9
                  11
                   0
                   6
                   0
                   0
                   0
                   0
                   0
                   3
                   0
                   0
                   0
                   0
                   0
                   0
                   0
                   0
                   0
                   0
                   0
                   0
                   0
                   0
                   0
                   0
                   0
                   0
                   0
                   0
                   0
                   0
                   0
                   0
                   0
                   0
                   0
                   0
                   0
                   0
                   0
                   0
                   0
                   9
                   0
                   0
                  14
                   0
                  12
                   0
                   9
                   0
                   0
                   0
                   0
                   0
                   0
                   0
                   0
                   0
                   0
                   9
                   0
                   0
                   0
                   0
                   0
                   0
                   0
                   0
                   0
                   0
                   0
                   0
                   0
                   0
                   0
                   0
                   0
                   0
                   0
                   0
                   0
                   0
                   6
                   0
                   0
                   0
                   0
                   0
                   0
                   0
                   0
                   0
                   0
                   7
                   0
                  16
                   0
                  12
                  10
                   0
                   0
                   0
                   0
                   0
                   0
                   0
                   4
                   0
                   0
                   9
                   0
                   0
                   0
                   0
                   0
                   0
                   0
                   0
                   0
                   0
                   0
                   0
                   0
                   0
                   0
                   0
                   0
                   6
                   0
                   4
                   0
                   0
                   0
                   7
                   0
                  12
                   0
                   0
                   0
                   0
                   0
                  10
                   0
                   0
                   0
                  11
                   0
                  10
                   0
                   0
                   0
                   0
                   0
                   0
                   0
                   0
                   2
                   0
                  11
                   0
                   0
                   0
                   0
                   0
                   0
                   0
                   0
                   0
                  11
                   0
                   0
                   0
                   0
                   0
                   0
                   0
                   0
                   0
                   4
                   0
                   0
                   0
                   0
                   0
                   0
                  10
                   0
                   0
                   0
                   0
                   0
                   0
                   0
                   0
                   1
                   0
                   0
                  10
                   0
                   0
                   1
                   0
                   0
                   0
                   0
                   0
                   0
                   0
                   0
                   0
                   0
                  10
                   0
                   0
                   0
                  13
                  14
                  15
                   0
                   0
                   0
                   0
                  13
                   0
                   0
                  13
                   0
                   0
                   0
                   0
 2nd Variable Cost Component, Bij
                   0
            50000000
            50000000
            50000000
            50000000
            50000000
            50000000
            50000000
            50000000
            50000000
            50000000
            50000000
            50000000
            50000000
            50000000
            50000000
            50000000
            50000000
            50000000
            50000000
            50000000
            50000000
            50000000
            50000000
            50000000
                   0
            50000000
            50000000
            50000000
                  27
            50000000
            50000000
            50000000
            50000000
            50000000
            50000000
                 118
            50000000
            50000000
            50000000
            50000000
            50000000
            50000000
            50000000
            50000000
            50000000
            50000000
                 125
            50000000
            50000000
                   0
            50000000
            50000000
            50000000
            50000000
            50000000
            50000000
            50000000
            50000000
            50000000
            50000000
            50000000
            50000000
            50000000
            50000000
            50000000
            50000000
            50000000
            50000000
            50000000
            50000000
            50000000
            50000000
            50000000
            50000000
                   0
            50000000
            50000000
            50000000
            50000000
            50000000
            50000000
            50000000
            50000000
            50000000
            50000000
            50000000
            50000000
            50000000
            50000000
            50000000
            50000000
            50000000
            50000000
            50000000
            50000000
            50000000
            50000000
            50000000
            50000000
                   0
            50000000
            50000000
            50000000
            50000000
                 140
            50000000
            50000000
            50000000
            50000000
            50000000
            50000000
            50000000
            50000000
            50000000
            50000000
            50000000
            50000000
            50000000
            50000000
            50000000
            50000000
            50000000
            50000000
            50000000
                   0
            50000000
            50000000
            50000000
            50000000
            50000000
            50000000
            50000000
                   6
            50000000
            50000000
            50000000
            50000000
            50000000
            50000000
                  86
            50000000
            50000000
            50000000
            50000000
            50000000
            50000000
            50000000
                 168
            50000000
                   0
            50000000
            50000000
            50000000
                 114
            50000000
            50000000
            50000000
            50000000
                 113
            50000000
            50000000
            50000000
            50000000
            50000000
            50000000
            50000000
            50000000
                  66
            50000000
            50000000
            50000000
            50000000
            50000000
            50000000
                   0
            50000000
            50000000
            50000000
            50000000
            50000000
            50000000
            50000000
            50000000
            50000000
            50000000
            50000000
                  80
            50000000
            50000000
                 122
                 145
            50000000
            50000000
            50000000
                 111
            50000000
            50000000
            50000000
                 137
                   0
            50000000
                 129
            50000000
            50000000
            50000000
                 105
            50000000
            50000000
            50000000
                  23
                  86
            50000000
                  36
                  17
            50000000
            50000000
            50000000
                 135
                  42
            50000000
            50000000
            50000000
            50000000
            50000000
                   0
                  39
            50000000
                 126
            50000000
            50000000
                 116
            50000000
            50000000
            50000000
            50000000
                 116
                 141
                 123
                 133
            50000000
                  39
            50000000
            50000000
                 101
                  43
                 114
            50000000
                 129
            50000000
                   0
            50000000
            50000000
            50000000
            50000000
            50000000
            50000000
            50000000
            50000000
            50000000
            50000000
                 126
            50000000
            50000000
            50000000
            50000000
            50000000
            50000000
            50000000
            50000000
            50000000
            50000000
                 130
            50000000
            50000000
                   0
            50000000
                  65
            50000000
            50000000
            50000000
            50000000
            50000000
            50000000
            50000000
                 120
            50000000
                 133
            50000000
            50000000
            50000000
            50000000
                 171
            50000000
            50000000
            50000000
            50000000
            50000000
            50000000
            50000000
                   0
            50000000
            50000000
            50000000
            50000000
            50000000
                  17
            50000000
                  85
            50000000
            50000000
                  17
            50000000
            50000000
            50000000
            50000000
            50000000
            50000000
                  71
            50000000
            50000000
            50000000
            50000000
            50000000
            50000000
                   0
            50000000
            50000000
            50000000
            50000000
            50000000
            50000000
            50000000
                 108
                  88
            50000000
            50000000
            50000000
            50000000
            50000000
            50000000
            50000000
            50000000
            50000000
            50000000
            50000000
            50000000
            50000000
            50000000
            50000000
                   0
            50000000
            50000000
            50000000
            50000000
            50000000
            50000000
            50000000
            50000000
                 109
                  56
            50000000
            50000000
            50000000
            50000000
            50000000
            50000000
                  41
                  98
                 116
            50000000
                  68
            50000000
            50000000
            50000000
                   0
            50000000
                  34
            50000000
            50000000
            50000000
            50000000
            50000000
            50000000
            50000000
            50000000
            50000000
            50000000
            50000000
            50000000
            50000000
            50000000
            50000000
            50000000
            50000000
            50000000
            50000000
            50000000
            50000000
            50000000
                   0
            50000000
            50000000
            50000000
            50000000
            50000000
            50000000
            50000000
            50000000
            50000000
            50000000
                 100
            50000000
            50000000
                 147
            50000000
                 130
            50000000
                 104
            50000000
            50000000
            50000000
            50000000
            50000000
            50000000
                   0
            50000000
            50000000
            50000000
                 100
            50000000
            50000000
            50000000
            50000000
            50000000
            50000000
            50000000
            50000000
            50000000
            50000000
            50000000
            50000000
            50000000
            50000000
            50000000
            50000000
            50000000
            50000000
            50000000
            50000000
                   0
            50000000
                  69
            50000000
            50000000
            50000000
            50000000
            50000000
            50000000
            50000000
            50000000
            50000000
            50000000
                  80
            50000000
                 168
            50000000
                 130
                 111
            50000000
            50000000
            50000000
            50000000
            50000000
            50000000
                   0
                  52
            50000000
            50000000
                  96
            50000000
            50000000
            50000000
            50000000
            50000000
            50000000
            50000000
            50000000
            50000000
            50000000
            50000000
            50000000
            50000000
            50000000
            50000000
            50000000
            50000000
                  63
            50000000
                  52
                   0
            50000000
            50000000
                  74
            50000000
                 133
            50000000
            50000000
            50000000
            50000000
            50000000
                 107
            50000000
            50000000
            50000000
                 120
            50000000
                 108
            50000000
            50000000
            50000000
            50000000
            50000000
            50000000
            50000000
                   0
                  28
            50000000
                 117
            50000000
            50000000
            50000000
            50000000
            50000000
            50000000
            50000000
            50000000
            50000000
                 115
            50000000
            50000000
            50000000
            50000000
            50000000
            50000000
            50000000
            50000000
            50000000
                  51
            50000000
                   0
            50000000
            50000000
            50000000
            50000000
                 112
            50000000
            50000000
            50000000
            50000000
            50000000
            50000000
            50000000
            50000000
                  17
            50000000
            50000000
                 105
            50000000
            50000000
                  19
            50000000
            50000000
            50000000
            50000000
                   0
            50000000
            50000000
            50000000
            50000000
            50000000
                 109
            50000000
            50000000
            50000000
                 140
                 149
                 157
            50000000
            50000000
            50000000
            50000000
                 142
            50000000
            50000000
                 137
            50000000
            50000000
            50000000
            50000000
 Fixed Cost Component, Cij
                   0
                   0
                   0
                   0
                   0
                   0
                   0
                   0
                   0
                   0
                   0
                   0
                   0
                   0
                   0
                   0
                   0
                   0
                   0
                   0
                   0
                   0
                   0
                   0
                   0
                   0
                   0
                   0
                   0
               14850
                   0
                   0
                   0
                   0
                   0
                   0
               64900
                   0
                   0
                   0
                   0
                   0
                   0
                   0
                   0
                   0
                   0
               68750
                   0
                   0
                   0
                   0
                   0
                   0
                   0
                   0
                   0
                   0
                   0
                   0
                   0
                   0
                   0
                   0
                   0
                   0
                   0
                   0
                   0
                   0
                   0
                   0
                   0
                   0
                   0
                   0
                   0
                   0
                   0
                   0
                   0
                   0
                   0
                   0
                   0
                   0
                   0
                   0
                   0
                   0
                   0
                   0
                   0
                   0
                   0
                   0
                   0
                   0
                   0
                   0
                   0
                   0
                   0
                   0
                   0
               77000
                   0
                   0
                   0
                   0
                   0
                   0
                   0
                   0
                   0
                   0
                   0
                   0
                   0
                   0
                   0
                   0
                   0
                   0
                   0
                   0
                   0
                   0
                   0
                   0
                   0
                   0
                   0
                3300
                   0
                   0
                   0
                   0
                   0
                   0
               47300
                   0
                   0
                   0
                   0
                   0
                   0
                   0
               92400
                   0
                   0
                   0
                   0
                   0
               62700
                   0
                   0
                   0
                   0
               62150
                   0
                   0
                   0
                   0
                   0
                   0
                   0
                   0
               36300
                   0
                   0
                   0
                   0
                   0
                   0
                   0
                   0
                   0
                   0
                   0
                   0
                   0
                   0
                   0
                   0
                   0
                   0
               44000
                   0
                   0
               67100
               79750
                   0
                   0
                   0
               61050
                   0
                   0
                   0
               75350
                   0
                   0
               70950
                   0
                   0
                   0
               57750
                   0
                   0
                   0
               12650
               47300
                   0
               19800
                9350
                   0
                   0
                   0
               74250
               23100
                   0
                   0
                   0
                   0
                   0
                   0
               21450
                   0
               69300
                   0
                   0
               63800
                   0
                   0
                   0
                   0
               63800
               77550
               67650
               73150
                   0
               21450
                   0
                   0
               55550
               23650
               62700
                   0
               70950
                   0
                   0
                   0
                   0
                   0
                   0
                   0
                   0
                   0
                   0
                   0
                   0
               69300
                   0
                   0
                   0
                   0
                   0
                   0
                   0
                   0
                   0
                   0
               71500
                   0
                   0
                   0
                   0
               35750
                   0
                   0
                   0
                   0
                   0
                   0
                   0
               66000
                   0
               73150
                   0
                   0
                   0
                   0
               94050
                   0
                   0
                   0
                   0
                   0
                   0
                   0
                   0
                   0
                   0
                   0
                   0
                   0
                9350
                   0
               46750
                   0
                   0
                9350
                   0
                   0
                   0
                   0
                   0
                   0
               39050
                   0
                   0
                   0
                   0
                   0
                   0
                   0
                   0
                   0
                   0
                   0
                   0
                   0
                   0
               59400
               48400
                   0
                   0
                   0
                   0
                   0
                   0
                   0
                   0
                   0
                   0
                   0
                   0
                   0
                   0
                   0
                   0
                   0
                   0
                   0
                   0
                   0
                   0
                   0
                   0
               59950
               30800
                   0
                   0
                   0
                   0
                   0
                   0
               22550
               53900
               63800
                   0
               37400
                   0
                   0
                   0
                   0
                   0
               18700
                   0
                   0
                   0
                   0
                   0
                   0
                   0
                   0
                   0
                   0
                   0
                   0
                   0
                   0
                   0
                   0
                   0
                   0
                   0
                   0
                   0
                   0
                   0
                   0
                   0
                   0
                   0
                   0
                   0
                   0
                   0
                   0
                   0
               55000
                   0
                   0
               80850
                   0
               71500
                   0
               57200
                   0
                   0
                   0
                   0
                   0
                   0
                   0
                   0
                   0
                   0
               55000
                   0
                   0
                   0
                   0
                   0
                   0
                   0
                   0
                   0
                   0
                   0
                   0
                   0
                   0
                   0
                   0
                   0
                   0
                   0
                   0
                   0
                   0
               37950
                   0
                   0
                   0
                   0
                   0
                   0
                   0
                   0
                   0
                   0
               44000
                   0
               92400
                   0
               71500
               61050
                   0
                   0
                   0
                   0
                   0
                   0
                   0
               28600
                   0
                   0
               52800
                   0
                   0
                   0
                   0
                   0
                   0
                   0
                   0
                   0
                   0
                   0
                   0
                   0
                   0
                   0
                   0
                   0
               34650
                   0
               28600
                   0
                   0
                   0
               40700
                   0
               73150
                   0
                   0
                   0
                   0
                   0
               58850
                   0
                   0
                   0
               66000
                   0
               59400
                   0
                   0
                   0
                   0
                   0
                   0
                   0
                   0
               15400
                   0
               64350
                   0
                   0
                   0
                   0
                   0
                   0
                   0
                   0
                   0
               63250
                   0
                   0
                   0
                   0
                   0
                   0
                   0
                   0
                   0
               28050
                   0
                   0
                   0
                   0
                   0
                   0
               61600
                   0
                   0
                   0
                   0
                   0
                   0
                   0
                   0
                9350
                   0
                   0
               57750
                   0
                   0
               10450
                   0
                   0
                   0
                   0
                   0
                   0
                   0
                   0
                   0
                   0
               59950
                   0
                   0
                   0
               77000
               81950
               86350
                   0
                   0
                   0
                   0
               78100
                   0
                   0
               75350
                   0
                   0
                   0
                   0