          25
           1
           4
           1
           1
           4
           2
           3
           4
           3
           2
           4
           2
           1
           4
           1
           4
           4
           2
           5
           5
           2
           3
           2
           5
 1st Variable Cost Component, Aij
                   0
                   0
                   6
                   0
                   0
                   0
                   0
                  15
                   0
                  14
                   0
                   0
                  21
                   0
                   0
                   0
                   0
                   6
                   0
                   0
                   0
                   4
                   0
                   0
                   0
                   0
                   0
                   0
                   0
                   0
                  16
                   0
                   0
                   0
                   0
                   0
                   0
                   0
                   0
                   0
                   0
                   0
                   0
                   0
                   0
                   0
                   0
                   0
                   0
                   0
                   0
                   0
                  12
                   0
                   0
                   0
                   0
                   0
                   0
                   0
                   0
                   0
                   0
                   0
                  17
                   0
                   0
                   0
                   0
                   4
                   0
                   6
                   0
                   0
                   8
                   0
                   0
                   0
                   0
                  13
                   0
                   0
                   0
                   0
                   0
                   6
                   0
                   0
                   8
                   0
                   0
                   0
                   0
                   0
                   0
                   0
                   0
                   0
                   0
                   0
                   0
                   0
                   0
                  16
                   0
                   0
                   0
                   0
                   0
                   8
                   0
                   0
                   0
                   0
                   0
                   0
                   3
                   9
                   0
                   6
                   0
                   0
                   0
                   0
                   0
                   0
                   0
                   0
                   0
                   0
                   0
                   0
                   0
                   0
                   0
                   0
                   0
                   0
                   0
                   0
                   0
                   0
                   0
                   0
                   0
                   0
                   0
                   0
                   0
                   0
                   0
                   0
                  16
                   0
                   0
                   0
                   4
                   0
                   0
                   0
                  29
                   0
                   0
                   0
                   0
                   0
                   0
                   0
                   0
                   0
                   0
                  13
                   0
                   0
                   0
                   0
                   0
                   0
                   0
                  11
                   0
                   0
                   0
                   0
                   0
                   0
                   0
                   0
                   0
                  16
                   0
                   0
                   0
                   0
                   0
                  12
                   0
                   0
                   0
                   0
                   0
                   0
                  10
                   0
                   0
                   0
                   0
                   0
                   0
                   0
                   0
                   0
                   0
                   0
                   0
                   0
                   0
                   0
                   0
                   0
                   0
                   0
                   0
                   0
                   0
                   0
                   0
                   9
                   0
                   0
                   0
                  15
                   0
                   0
                   9
                   0
                   0
                   0
                   0
                   0
                   0
                   0
                   0
                  16
                   0
                   0
                   0
                   0
                   0
                   0
                   0
                   0
                   0
                   0
                   0
                   0
                   0
                   0
                   0
                   0
                   0
                   0
                   0
                   0
                   9
                   0
                   0
                   0
                   6
                   0
                   0
                  11
                   0
                   0
                   0
                   0
                   0
                   0
                   0
                   0
                   0
                   0
                   0
                   0
                   0
                   0
                   0
                   0
                   0
                   0
                   0
                   0
                   0
                   0
                   0
                   7
                  17
                   9
                   0
                  18
                   0
                   0
                   0
                   0
                   0
                   0
                   0
                   0
                   0
                  22
                   0
                   0
                   0
                   0
                   0
                   0
                   0
                   0
                   0
                  17
                   0
                   0
                   0
                   0
                   0
                   0
                   0
                   0
                   0
                   3
                   0
                   0
                   0
                   0
                   0
                   0
                   0
                   0
                  13
                   0
                   0
                   9
                   0
                   0
                   0
                   0
                   0
                   0
                   0
                   0
                   0
                   0
                  14
                   0
                   0
                  12
                   0
                  15
                   9
                  13
                   0
                   0
                   0
                   4
                   0
                   0
                   0
                   0
                   0
                   0
                   0
                   9
                  24
                   0
                  14
                   0
                   8
                   0
                   0
                   0
                   0
                   0
                   0
                   3
                   0
                   0
                   0
                   0
                   0
                   6
                   0
                   0
                   0
                  17
                   0
                   0
                   0
                   0
                   0
                   0
                   0
                   0
                   0
                   0
                   0
                   0
                   0
                   0
                   0
                   0
                   0
                   0
                   0
                   0
                   0
                   0
                   0
                   0
                   0
                   0
                  22
                   0
                   0
                   8
                   0
                   0
                   0
                   0
                   0
                   0
                   0
                   0
                   0
                   0
                   5
                  10
                  14
                   0
                   0
                   0
                   0
                   0
                   7
                   0
                  13
                   0
                   0
                   0
                   0
                   0
                   0
                   0
                   0
                   0
                   0
                   0
                   0
                   0
                   0
                   0
                   0
                   0
                   0
                   0
                   0
                   0
                   0
                   0
                   0
                   0
                   0
                   0
                   0
                   0
                   0
                   0
                   0
                   0
                   0
                   0
                   0
                  14
                   0
                   0
                   0
                   0
                   0
                   0
                   0
                  12
                   0
                   0
                   0
                   0
                  10
                   0
                   8
                   0
                  10
                   0
                   0
                   0
                   0
                   4
                   0
                   0
                   0
                   0
                   0
                   0
                  23
                   0
                   0
                  15
                   0
                   0
                   0
                   0
                  15
                   0
                  15
                   0
                   9
                   0
                   0
                   0
                   0
                   0
                   0
                   0
                   0
                   0
                  21
                   0
                   0
                   0
                   0
                   0
                  15
                   0
                   0
                  25
                   9
                   0
                   0
                   0
                  18
                   0
                  20
                  25
                   0
                   0
                   0
                   0
                   0
                   0
                   0
                   0
                   0
                   0
                   0
                   0
                   0
                   0
                  21
                   0
                  13
                   0
                   0
                   5
                   0
                   0
                   0
                   0
                   0
                   0
                  25
                   0
                   0
                   0
                  28
                   0
                   0
                  12
                  18
                   0
                   8
                   0
                   5
                  26
                   0
                   0
                  30
                   0
                   0
                   0
                   0
                  25
                  16
                   0
 2nd Variable Cost Component, Bij
                   0
            50000000
                  40
            50000000
            50000000
            50000000
            50000000
                  89
            50000000
                  81
            50000000
            50000000
                 126
            50000000
            50000000
            50000000
            50000000
                  36
            50000000
            50000000
            50000000
                  25
            50000000
            50000000
            50000000
                   0
            50000000
            50000000
            50000000
            50000000
                  93
            50000000
            50000000
            50000000
            50000000
            50000000
            50000000
            50000000
            50000000
            50000000
            50000000
            50000000
            50000000
            50000000
            50000000
            50000000
            50000000
            50000000
            50000000
            50000000
                   0
            50000000
                  72
            50000000
            50000000
            50000000
            50000000
            50000000
            50000000
            50000000
            50000000
            50000000
            50000000
            50000000
                 102
            50000000
            50000000
            50000000
            50000000
                  24
            50000000
                  37
            50000000
            50000000
                  51
                   0
            50000000
            50000000
            50000000
                  77
            50000000
            50000000
            50000000
            50000000
            50000000
                  37
            50000000
            50000000
                  51
            50000000
            50000000
            50000000
            50000000
            50000000
            50000000
            50000000
            50000000
            50000000
            50000000
            50000000
                   0
            50000000
            50000000
                  95
            50000000
            50000000
            50000000
            50000000
            50000000
                  49
            50000000
            50000000
            50000000
            50000000
            50000000
            50000000
                  19
                  57
            50000000
                  36
            50000000
            50000000
            50000000
            50000000
            50000000
                   0
            50000000
            50000000
            50000000
            50000000
            50000000
            50000000
            50000000
            50000000
            50000000
            50000000
            50000000
            50000000
            50000000
            50000000
            50000000
            50000000
            50000000
            50000000
            50000000
            50000000
            50000000
            50000000
            50000000
            50000000
                   0
            50000000
                  96
            50000000
            50000000
            50000000
                  28
            50000000
            50000000
            50000000
                 170
            50000000
            50000000
            50000000
            50000000
            50000000
            50000000
            50000000
            50000000
            50000000
            50000000
                  77
            50000000
            50000000
            50000000
                   0
            50000000
            50000000
            50000000
                  65
            50000000
            50000000
            50000000
            50000000
            50000000
            50000000
            50000000
            50000000
            50000000
                  97
            50000000
            50000000
            50000000
            50000000
            50000000
                  73
            50000000
            50000000
            50000000
            50000000
                   0
            50000000
                  61
            50000000
            50000000
            50000000
            50000000
            50000000
            50000000
            50000000
            50000000
            50000000
            50000000
            50000000
            50000000
            50000000
            50000000
            50000000
            50000000
            50000000
            50000000
            50000000
            50000000
            50000000
            50000000
                   0
            50000000
                  54
            50000000
            50000000
            50000000
                  91
            50000000
            50000000
                  53
            50000000
            50000000
            50000000
            50000000
            50000000
            50000000
            50000000
            50000000
                  96
            50000000
            50000000
            50000000
            50000000
            50000000
            50000000
                   0
            50000000
            50000000
            50000000
            50000000
            50000000
            50000000
            50000000
            50000000
            50000000
            50000000
            50000000
            50000000
            50000000
                  52
            50000000
            50000000
            50000000
                  37
            50000000
            50000000
                  65
            50000000
            50000000
            50000000
                   0
            50000000
            50000000
            50000000
            50000000
            50000000
            50000000
            50000000
            50000000
            50000000
            50000000
            50000000
            50000000
            50000000
            50000000
            50000000
            50000000
            50000000
            50000000
            50000000
                  42
                  99
                  53
            50000000
                 107
                   0
            50000000
            50000000
            50000000
            50000000
            50000000
            50000000
            50000000
            50000000
                 130
            50000000
            50000000
            50000000
            50000000
            50000000
            50000000
            50000000
            50000000
            50000000
                  99
            50000000
            50000000
            50000000
            50000000
            50000000
                   0
            50000000
            50000000
            50000000
                  21
            50000000
            50000000
            50000000
            50000000
            50000000
            50000000
            50000000
            50000000
                  78
            50000000
            50000000
                  55
            50000000
            50000000
            50000000
            50000000
            50000000
            50000000
            50000000
            50000000
                   0
            50000000
                  85
            50000000
            50000000
                  71
            50000000
                  87
                  57
                  75
            50000000
            50000000
            50000000
                  23
            50000000
            50000000
            50000000
            50000000
            50000000
            50000000
            50000000
                  52
                 140
            50000000
                  82
                   0
                  50
            50000000
            50000000
            50000000
            50000000
            50000000
            50000000
                  21
            50000000
            50000000
            50000000
            50000000
            50000000
                  38
            50000000
            50000000
            50000000
                  98
            50000000
            50000000
            50000000
            50000000
            50000000
            50000000
                   0
            50000000
            50000000
            50000000
            50000000
            50000000
            50000000
            50000000
            50000000
            50000000
            50000000
            50000000
            50000000
            50000000
            50000000
            50000000
            50000000
            50000000
            50000000
            50000000
                 128
            50000000
            50000000
                  51
            50000000
                   0
            50000000
            50000000
            50000000
            50000000
            50000000
            50000000
            50000000
            50000000
                  31
                  58
                  82
            50000000
            50000000
            50000000
            50000000
            50000000
                  45
            50000000
                  79
            50000000
            50000000
            50000000
            50000000
            50000000
                   0
            50000000
            50000000
            50000000
            50000000
            50000000
            50000000
            50000000
            50000000
            50000000
            50000000
            50000000
            50000000
            50000000
            50000000
            50000000
            50000000
            50000000
            50000000
            50000000
            50000000
            50000000
            50000000
            50000000
            50000000
                   0
            50000000
            50000000
            50000000
            50000000
            50000000
                  86
            50000000
            50000000
            50000000
            50000000
            50000000
            50000000
            50000000
                  71
            50000000
            50000000
            50000000
            50000000
                  62
            50000000
                  48
            50000000
                  62
            50000000
                   0
            50000000
            50000000
                  23
            50000000
            50000000
            50000000
            50000000
            50000000
            50000000
                 135
            50000000
            50000000
                  91
            50000000
            50000000
            50000000
            50000000
                  87
            50000000
                  89
            50000000
                  52
            50000000
            50000000
                   0
            50000000
            50000000
            50000000
            50000000
            50000000
            50000000
                 124
            50000000
            50000000
            50000000
            50000000
            50000000
                  90
            50000000
            50000000
                 144
                  57
            50000000
            50000000
            50000000
                 107
            50000000
                 115
                 144
                   0
            50000000
            50000000
            50000000
            50000000
            50000000
            50000000
            50000000
            50000000
            50000000
            50000000
            50000000
            50000000
            50000000
                 126
            50000000
                  75
            50000000
            50000000
                  32
            50000000
            50000000
            50000000
            50000000
            50000000
                   0
                 146
            50000000
            50000000
            50000000
                 162
            50000000
            50000000
                  71
                 106
            50000000
                  47
            50000000
                  32
                 150
            50000000
            50000000
                 178
            50000000
            50000000
            50000000
            50000000
                 145
                  95
            50000000
 Fixed Cost Component, Cij
                   0
                   0
                 120
                   0
                   0
                   0
                   0
                 267
                   0
                 243
                   0
                   0
                 378
                   0
                   0
                   0
                   0
                 108
                   0
                   0
                   0
                  75
                   0
                   0
                   0
                   0
                   0
                   0
                   0
                   0
                 279
                   0
                   0
                   0
                   0
                   0
                   0
                   0
                   0
                   0
                   0
                   0
                   0
                   0
                   0
                   0
                   0
                   0
                   0
                   0
                   0
                   0
                 216
                   0
                   0
                   0
                   0
                   0
                   0
                   0
                   0
                   0
                   0
                   0
                 306
                   0
                   0
                   0
                   0
                  72
                   0
                 111
                   0
                   0
                 153
                   0
                   0
                   0
                   0
                 231
                   0
                   0
                   0
                   0
                   0
                 111
                   0
                   0
                 153
                   0
                   0
                   0
                   0
                   0
                   0
                   0
                   0
                   0
                   0
                   0
                   0
                   0
                   0
                 285
                   0
                   0
                   0
                   0
                   0
                 147
                   0
                   0
                   0
                   0
                   0
                   0
                  57
                 171
                   0
                 108
                   0
                   0
                   0
                   0
                   0
                   0
                   0
                   0
                   0
                   0
                   0
                   0
                   0
                   0
                   0
                   0
                   0
                   0
                   0
                   0
                   0
                   0
                   0
                   0
                   0
                   0
                   0
                   0
                   0
                   0
                   0
                   0
                 288
                   0
                   0
                   0
                  84
                   0
                   0
                   0
                 510
                   0
                   0
                   0
                   0
                   0
                   0
                   0
                   0
                   0
                   0
                 231
                   0
                   0
                   0
                   0
                   0
                   0
                   0
                 195
                   0
                   0
                   0
                   0
                   0
                   0
                   0
                   0
                   0
                 291
                   0
                   0
                   0
                   0
                   0
                 219
                   0
                   0
                   0
                   0
                   0
                   0
                 183
                   0
                   0
                   0
                   0
                   0
                   0
                   0
                   0
                   0
                   0
                   0
                   0
                   0
                   0
                   0
                   0
                   0
                   0
                   0
                   0
                   0
                   0
                   0
                   0
                 162
                   0
                   0
                   0
                 273
                   0
                   0
                 159
                   0
                   0
                   0
                   0
                   0
                   0
                   0
                   0
                 288
                   0
                   0
                   0
                   0
                   0
                   0
                   0
                   0
                   0
                   0
                   0
                   0
                   0
                   0
                   0
                   0
                   0
                   0
                   0
                   0
                 156
                   0
                   0
                   0
                 111
                   0
                   0
                 195
                   0
                   0
                   0
                   0
                   0
                   0
                   0
                   0
                   0
                   0
                   0
                   0
                   0
                   0
                   0
                   0
                   0
                   0
                   0
                   0
                   0
                   0
                   0
                 126
                 297
                 159
                   0
                 321
                   0
                   0
                   0
                   0
                   0
                   0
                   0
                   0
                   0
                 390
                   0
                   0
                   0
                   0
                   0
                   0
                   0
                   0
                   0
                 297
                   0
                   0
                   0
                   0
                   0
                   0
                   0
                   0
                   0
                  63
                   0
                   0
                   0
                   0
                   0
                   0
                   0
                   0
                 234
                   0
                   0
                 165
                   0
                   0
                   0
                   0
                   0
                   0
                   0
                   0
                   0
                   0
                 255
                   0
                   0
                 213
                   0
                 261
                 171
                 225
                   0
                   0
                   0
                  69
                   0
                   0
                   0
                   0
                   0
                   0
                   0
                 156
                 420
                   0
                 246
                   0
                 150
                   0
                   0
                   0
                   0
                   0
                   0
                  63
                   0
                   0
                   0
                   0
                   0
                 114
                   0
                   0
                   0
                 294
                   0
                   0
                   0
                   0
                   0
                   0
                   0
                   0
                   0
                   0
                   0
                   0
                   0
                   0
                   0
                   0
                   0
                   0
                   0
                   0
                   0
                   0
                   0
                   0
                   0
                   0
                 384
                   0
                   0
                 153
                   0
                   0
                   0
                   0
                   0
                   0
                   0
                   0
                   0
                   0
                  93
                 174
                 246
                   0
                   0
                   0
                   0
                   0
                 135
                   0
                 237
                   0
                   0
                   0
                   0
                   0
                   0
                   0
                   0
                   0
                   0
                   0
                   0
                   0
                   0
                   0
                   0
                   0
                   0
                   0
                   0
                   0
                   0
                   0
                   0
                   0
                   0
                   0
                   0
                   0
                   0
                   0
                   0
                   0
                   0
                   0
                   0
                 258
                   0
                   0
                   0
                   0
                   0
                   0
                   0
                 213
                   0
                   0
                   0
                   0
                 186
                   0
                 144
                   0
                 186
                   0
                   0
                   0
                   0
                  69
                   0
                   0
                   0
                   0
                   0
                   0
                 405
                   0
                   0
                 273
                   0
                   0
                   0
                   0
                 261
                   0
                 267
                   0
                 156
                   0
                   0
                   0
                   0
                   0
                   0
                   0
                   0
                   0
                 372
                   0
                   0
                   0
                   0
                   0
                 270
                   0
                   0
                 432
                 171
                   0
                   0
                   0
                 321
                   0
                 345
                 432
                   0
                   0
                   0
                   0
                   0
                   0
                   0
                   0
                   0
                   0
                   0
                   0
                   0
                   0
                 378
                   0
                 225
                   0
                   0
                  96
                   0
                   0
                   0
                   0
                   0
                   0
                 438
                   0
                   0
                   0
                 486
                   0
                   0
                 213
                 318
                   0
                 141
                   0
                  96
                 450
                   0
                   0
                 534
                   0
                   0
                   0
                   0
                 435
                 285
                   0