          25
           4
           3
           5
           5
           1
           2
           4
           1
           3
           1
           5
           5
           4
           4
           4
           1
           2
           4
           1
           5
           5
           1
           5
           4
 1st Variable Cost Component, Aij
                   0
                   9
                   0
                   0
                   0
                   0
                   0
                   0
                   0
                   0
                   0
                   0
                   0
                   8
                   0
                  10
                   7
                   0
                   0
                   0
                   0
                   0
                   0
                   0
                   0
                   0
                  21
                   0
                   0
                   0
                   0
                   0
                   0
                   0
                   0
                   0
                  13
                   0
                   0
                   0
                   0
                   0
                   0
                   0
                   0
                   0
                   0
                   0
                   0
                   0
                   0
                   0
                   0
                   0
                   0
                   0
                   0
                   0
                   0
                   0
                   0
                   0
                   0
                   0
                   0
                   0
                   0
                   0
                   0
                   0
                   0
                   0
                   0
                  14
                   0
                   0
                   0
                   0
                   0
                   0
                   0
                   0
                  20
                   0
                   0
                   0
                   0
                   0
                  14
                   0
                   7
                   0
                   0
                   0
                  17
                   0
                   0
                  16
                   0
                   0
                   0
                   0
                   0
                   6
                   0
                   0
                   0
                   0
                  18
                   0
                   0
                   0
                   0
                   0
                   0
                   8
                   0
                   0
                   0
                   0
                   0
                   0
                   0
                   0
                   0
                   0
                   0
                   0
                   0
                   0
                  11
                   0
                   0
                   0
                   0
                   0
                   0
                   0
                   0
                   0
                   0
                   0
                   0
                   0
                   0
                   0
                   0
                   0
                   0
                   0
                   0
                   0
                   7
                   0
                   0
                   0
                   0
                   0
                   0
                   0
                   0
                   0
                   0
                   0
                   0
                  22
                   0
                  16
                   0
                   0
                   0
                   0
                   0
                   0
                   0
                   0
                   7
                   0
                   0
                   0
                   0
                   0
                   0
                   0
                   0
                   0
                   0
                   0
                   0
                   0
                   0
                   8
                   0
                   0
                   0
                   0
                   0
                   0
                   0
                   0
                   0
                   0
                   0
                   0
                   0
                   0
                   0
                   0
                   0
                   0
                   0
                   0
                   0
                   0
                   0
                   0
                   0
                  20
                   0
                   0
                   0
                   0
                   0
                   9
                   0
                   0
                   0
                   0
                   0
                   0
                   0
                   0
                  17
                   0
                  11
                   0
                   0
                   0
                   0
                   0
                   0
                   0
                   0
                   0
                   0
                   0
                   0
                   0
                   6
                   0
                   0
                  14
                   0
                   0
                   0
                   0
                   0
                   0
                   0
                  20
                   0
                  18
                   0
                   0
                   0
                   0
                   0
                   0
                   0
                   0
                   0
                   0
                   8
                   0
                   0
                   0
                   0
                   0
                   0
                   0
                   0
                   0
                   0
                   0
                   0
                   0
                   0
                   0
                   0
                   0
                   0
                   0
                   0
                   0
                   0
                   0
                   0
                   0
                   0
                  13
                   0
                   8
                   0
                   0
                   0
                   0
                   0
                   0
                   0
                   0
                  20
                   0
                   0
                   0
                   0
                   0
                  14
                   0
                   0
                   8
                   5
                   0
                  10
                   0
                   0
                   0
                   0
                   0
                   0
                  14
                   0
                  20
                   0
                   0
                   0
                   0
                   0
                   0
                   0
                   0
                   0
                   0
                  18
                   0
                   0
                   0
                   0
                   0
                   0
                   0
                   0
                   0
                   0
                   0
                   0
                   0
                   0
                   0
                   0
                   0
                   0
                   0
                   0
                   0
                   0
                   0
                  18
                   0
                   0
                   5
                   0
                   0
                   0
                   0
                   0
                   0
                   0
                   0
                   0
                   3
                   0
                   4
                   0
                   0
                   7
                   0
                   0
                   0
                   0
                   0
                   0
                   0
                   4
                   0
                   0
                   0
                   8
                   0
                   0
                   0
                   0
                   0
                   0
                   0
                   0
                   0
                   0
                   0
                   0
                   0
                   0
                   0
                   0
                   0
                   0
                   0
                   0
                   0
                   0
                   0
                   0
                   0
                   0
                   0
                   0
                   0
                   0
                   0
                   0
                   0
                   0
                   0
                   0
                   0
                   0
                   0
                   0
                   0
                   0
                   0
                   0
                   0
                   0
                   0
                   0
                   0
                   0
                   0
                   0
                   9
                   0
                  14
                   8
                   0
                   0
                   0
                   0
                   0
                   0
                   0
                   0
                  10
                   0
                   0
                   0
                   0
                   0
                   0
                  20
                   0
                   0
                   0
                   0
                   0
                   0
                   0
                   0
                   0
                   0
                   0
                   0
                   0
                   0
                   0
                   0
                   0
                   0
                   0
                   0
                   0
                   0
                   0
                  12
                   3
                   0
                   0
                   0
                   0
                   0
                   0
                   0
                   0
                   0
                   0
                   0
                  23
                   0
                   0
                   0
                   0
                   0
                  13
                   0
                   8
                   0
                   0
                   0
                   0
                   0
                   0
                  19
                   0
                  15
                   0
                   0
                   0
                  29
                   0
                   0
                   0
                   0
                   0
                   0
                   0
                   0
                   0
                   0
                   0
                   0
                   0
                   0
                   0
                   0
                   0
                   0
                   0
                   0
                   0
                   0
                   0
                   0
                   0
                   8
                   0
                   0
                   0
                   0
                   0
                   0
                   0
                   0
                   0
                   0
                   0
                   0
                   0
                   0
                   0
                   0
                   0
                   0
                   0
                   0
                   0
                   0
                   0
                  15
                   0
                  26
                  18
                  20
                   0
                   0
                  16
                   0
                  24
                   0
                   0
                   0
                   0
                  26
                  24
                   0
                   0
                  14
                  28
                   0
                   0
                   0
                   0
 2nd Variable Cost Component, Bij
                   0
                  62
            50000000
            50000000
            50000000
            50000000
            50000000
            50000000
            50000000
            50000000
            50000000
            50000000
            50000000
                  53
            50000000
                  66
                  50
            50000000
            50000000
            50000000
            50000000
            50000000
            50000000
            50000000
            50000000
                   0
                 141
            50000000
            50000000
            50000000
            50000000
            50000000
            50000000
            50000000
            50000000
            50000000
                  92
            50000000
            50000000
            50000000
            50000000
            50000000
            50000000
            50000000
            50000000
            50000000
            50000000
            50000000
            50000000
            50000000
                   0
            50000000
            50000000
            50000000
            50000000
            50000000
            50000000
            50000000
            50000000
            50000000
            50000000
            50000000
            50000000
            50000000
            50000000
            50000000
            50000000
            50000000
            50000000
            50000000
            50000000
            50000000
            50000000
                  97
            50000000
                   0
            50000000
            50000000
            50000000
            50000000
            50000000
            50000000
                 134
            50000000
            50000000
            50000000
            50000000
            50000000
                  93
            50000000
                  50
            50000000
            50000000
            50000000
                 116
            50000000
            50000000
                 106
            50000000
            50000000
                   0
            50000000
            50000000
                  40
            50000000
            50000000
            50000000
            50000000
                 124
            50000000
            50000000
            50000000
            50000000
            50000000
            50000000
                  57
            50000000
            50000000
            50000000
            50000000
            50000000
            50000000
            50000000
            50000000
            50000000
                   0
            50000000
            50000000
            50000000
            50000000
                  74
            50000000
            50000000
            50000000
            50000000
            50000000
            50000000
            50000000
            50000000
            50000000
            50000000
            50000000
            50000000
            50000000
            50000000
            50000000
            50000000
            50000000
            50000000
            50000000
                   0
            50000000
                  50
            50000000
            50000000
            50000000
            50000000
            50000000
            50000000
            50000000
            50000000
            50000000
            50000000
            50000000
            50000000
                 147
            50000000
                 110
            50000000
            50000000
            50000000
            50000000
            50000000
            50000000
            50000000
                   0
                  50
            50000000
            50000000
            50000000
            50000000
            50000000
            50000000
            50000000
            50000000
            50000000
            50000000
            50000000
            50000000
            50000000
            50000000
                  56
            50000000
            50000000
            50000000
            50000000
            50000000
            50000000
            50000000
            50000000
                   0
            50000000
            50000000
            50000000
            50000000
            50000000
            50000000
            50000000
            50000000
            50000000
            50000000
            50000000
            50000000
            50000000
            50000000
            50000000
            50000000
                 132
            50000000
            50000000
            50000000
            50000000
            50000000
                  65
            50000000
                   0
            50000000
            50000000
            50000000
            50000000
            50000000
            50000000
                 118
            50000000
                  76
            50000000
            50000000
            50000000
            50000000
            50000000
            50000000
            50000000
            50000000
            50000000
            50000000
            50000000
            50000000
            50000000
                  44
            50000000
                   0
                  94
            50000000
            50000000
            50000000
            50000000
            50000000
            50000000
            50000000
                 132
            50000000
                 122
            50000000
            50000000
            50000000
            50000000
            50000000
            50000000
            50000000
            50000000
            50000000
            50000000
                  53
            50000000
            50000000
                   0
            50000000
            50000000
            50000000
            50000000
            50000000
            50000000
            50000000
            50000000
            50000000
            50000000
            50000000
            50000000
            50000000
            50000000
            50000000
            50000000
            50000000
            50000000
            50000000
            50000000
            50000000
            50000000
            50000000
                  92
                   0
                  59
            50000000
            50000000
            50000000
            50000000
            50000000
            50000000
            50000000
            50000000
                 135
            50000000
            50000000
            50000000
            50000000
            50000000
                  98
            50000000
            50000000
                  58
                  35
            50000000
                  68
            50000000
            50000000
                   0
            50000000
            50000000
            50000000
                  97
            50000000
                 135
            50000000
            50000000
            50000000
            50000000
            50000000
            50000000
            50000000
            50000000
            50000000
            50000000
                 119
            50000000
            50000000
            50000000
            50000000
            50000000
            50000000
            50000000
                   0
            50000000
            50000000
            50000000
            50000000
            50000000
            50000000
            50000000
            50000000
            50000000
            50000000
            50000000
            50000000
            50000000
            50000000
            50000000
                 120
            50000000
            50000000
                  35
            50000000
            50000000
            50000000
            50000000
            50000000
                   0
            50000000
            50000000
            50000000
                  26
            50000000
                  32
            50000000
            50000000
                  50
            50000000
            50000000
            50000000
            50000000
            50000000
            50000000
            50000000
                  29
            50000000
            50000000
            50000000
                  56
                   6
            50000000
            50000000
                   0
            50000000
            50000000
            50000000
            50000000
            50000000
            50000000
            50000000
            50000000
            50000000
            50000000
            50000000
            50000000
            50000000
            50000000
            50000000
            50000000
            50000000
            50000000
            50000000
            50000000
            50000000
            50000000
            50000000
            50000000
                   0
            50000000
            50000000
            50000000
            50000000
            50000000
            50000000
            50000000
            50000000
            50000000
            50000000
            50000000
            50000000
            50000000
            50000000
            50000000
            50000000
            50000000
            50000000
            50000000
            50000000
            50000000
            50000000
            50000000
                  60
                   0
                  94
                  59
            50000000
            50000000
            50000000
            50000000
            50000000
            50000000
            50000000
            50000000
                  70
            50000000
            50000000
            50000000
            50000000
            50000000
            50000000
                 137
            50000000
            50000000
            50000000
            50000000
            50000000
            50000000
                   0
            50000000
            50000000
            50000000
            50000000
            50000000
            50000000
            50000000
            50000000
            50000000
            50000000
            50000000
            50000000
            50000000
            50000000
            50000000
            50000000
                  80
                  24
            50000000
            50000000
            50000000
            50000000
            50000000
            50000000
                   0
            50000000
            50000000
            50000000
            50000000
                 156
            50000000
            50000000
            50000000
            50000000
            50000000
                  89
            50000000
                  56
            50000000
            50000000
            50000000
            50000000
            50000000
            50000000
                 129
            50000000
                 100
            50000000
            50000000
                   0
                 191
            50000000
            50000000
            50000000
            50000000
            50000000
            50000000
            50000000
            50000000
            50000000
            50000000
            50000000
            50000000
            50000000
            50000000
            50000000
            50000000
            50000000
            50000000
            50000000
            50000000
            50000000
            50000000
            50000000
                   0
            50000000
                  57
            50000000
            50000000
            50000000
            50000000
            50000000
            50000000
            50000000
            50000000
            50000000
            50000000
            50000000
            50000000
            50000000
            50000000
            50000000
            50000000
            50000000
            50000000
            50000000
            50000000
            50000000
            50000000
                   0
                  99
            50000000
                 174
                 119
                 135
            50000000
            50000000
                 106
            50000000
                 161
            50000000
            50000000
            50000000
            50000000
                 176
                 164
            50000000
            50000000
                  96
                 188
            50000000
            50000000
            50000000
            50000000
 Fixed Cost Component, Cij
                   0
                  93
                   0
                   0
                   0
                   0
                   0
                   0
                   0
                   0
                   0
                   0
                   0
                  79
                   0
                  99
                  75
                   0
                   0
                   0
                   0
                   0
                   0
                   0
                   0
                   0
                 211
                   0
                   0
                   0
                   0
                   0
                   0
                   0
                   0
                   0
                 138
                   0
                   0
                   0
                   0
                   0
                   0
                   0
                   0
                   0
                   0
                   0
                   0
                   0
                   0
                   0
                   0
                   0
                   0
                   0
                   0
                   0
                   0
                   0
                   0
                   0
                   0
                   0
                   0
                   0
                   0
                   0
                   0
                   0
                   0
                   0
                   0
                 145
                   0
                   0
                   0
                   0
                   0
                   0
                   0
                   0
                 201
                   0
                   0
                   0
                   0
                   0
                 139
                   0
                  75
                   0
                   0
                   0
                 174
                   0
                   0
                 159
                   0
                   0
                   0
                   0
                   0
                  60
                   0
                   0
                   0
                   0
                 186
                   0
                   0
                   0
                   0
                   0
                   0
                  85
                   0
                   0
                   0
                   0
                   0
                   0
                   0
                   0
                   0
                   0
                   0
                   0
                   0
                   0
                 111
                   0
                   0
                   0
                   0
                   0
                   0
                   0
                   0
                   0
                   0
                   0
                   0
                   0
                   0
                   0
                   0
                   0
                   0
                   0
                   0
                   0
                  75
                   0
                   0
                   0
                   0
                   0
                   0
                   0
                   0
                   0
                   0
                   0
                   0
                 220
                   0
                 165
                   0
                   0
                   0
                   0
                   0
                   0
                   0
                   0
                  75
                   0
                   0
                   0
                   0
                   0
                   0
                   0
                   0
                   0
                   0
                   0
                   0
                   0
                   0
                  84
                   0
                   0
                   0
                   0
                   0
                   0
                   0
                   0
                   0
                   0
                   0
                   0
                   0
                   0
                   0
                   0
                   0
                   0
                   0
                   0
                   0
                   0
                   0
                   0
                   0
                 198
                   0
                   0
                   0
                   0
                   0
                  97
                   0
                   0
                   0
                   0
                   0
                   0
                   0
                   0
                 177
                   0
                 114
                   0
                   0
                   0
                   0
                   0
                   0
                   0
                   0
                   0
                   0
                   0
                   0
                   0
                  66
                   0
                   0
                 141
                   0
                   0
                   0
                   0
                   0
                   0
                   0
                 198
                   0
                 183
                   0
                   0
                   0
                   0
                   0
                   0
                   0
                   0
                   0
                   0
                  79
                   0
                   0
                   0
                   0
                   0
                   0
                   0
                   0
                   0
                   0
                   0
                   0
                   0
                   0
                   0
                   0
                   0
                   0
                   0
                   0
                   0
                   0
                   0
                   0
                   0
                   0
                 138
                   0
                  88
                   0
                   0
                   0
                   0
                   0
                   0
                   0
                   0
                 202
                   0
                   0
                   0
                   0
                   0
                 147
                   0
                   0
                  87
                  52
                   0
                 102
                   0
                   0
                   0
                   0
                   0
                   0
                 145
                   0
                 202
                   0
                   0
                   0
                   0
                   0
                   0
                   0
                   0
                   0
                   0
                 178
                   0
                   0
                   0
                   0
                   0
                   0
                   0
                   0
                   0
                   0
                   0
                   0
                   0
                   0
                   0
                   0
                   0
                   0
                   0
                   0
                   0
                   0
                   0
                 180
                   0
                   0
                  52
                   0
                   0
                   0
                   0
                   0
                   0
                   0
                   0
                   0
                  39
                   0
                  48
                   0
                   0
                  75
                   0
                   0
                   0
                   0
                   0
                   0
                   0
                  43
                   0
                   0
                   0
                  84
                   9
                   0
                   0
                   0
                   0
                   0
                   0
                   0
                   0
                   0
                   0
                   0
                   0
                   0
                   0
                   0
                   0
                   0
                   0
                   0
                   0
                   0
                   0
                   0
                   0
                   0
                   0
                   0
                   0
                   0
                   0
                   0
                   0
                   0
                   0
                   0
                   0
                   0
                   0
                   0
                   0
                   0
                   0
                   0
                   0
                   0
                   0
                   0
                   0
                   0
                   0
                   0
                  90
                   0
                 141
                  88
                   0
                   0
                   0
                   0
                   0
                   0
                   0
                   0
                 105
                   0
                   0
                   0
                   0
                   0
                   0
                 205
                   0
                   0
                   0
                   0
                   0
                   0
                   0
                   0
                   0
                   0
                   0
                   0
                   0
                   0
                   0
                   0
                   0
                   0
                   0
                   0
                   0
                   0
                   0
                 120
                  36
                   0
                   0
                   0
                   0
                   0
                   0
                   0
                   0
                   0
                   0
                   0
                 234
                   0
                   0
                   0
                   0
                   0
                 133
                   0
                  84
                   0
                   0
                   0
                   0
                   0
                   0
                 193
                   0
                 150
                   0
                   0
                   0
                 286
                   0
                   0
                   0
                   0
                   0
                   0
                   0
                   0
                   0
                   0
                   0
                   0
                   0
                   0
                   0
                   0
                   0
                   0
                   0
                   0
                   0
                   0
                   0
                   0
                   0
                  85
                   0
                   0
                   0
                   0
                   0
                   0
                   0
                   0
                   0
                   0
                   0
                   0
                   0
                   0
                   0
                   0
                   0
                   0
                   0
                   0
                   0
                   0
                   0
                 148
                   0
                 261
                 178
                 202
                   0
                   0
                 159
                   0
                 241
                   0
                   0
                   0
                   0
                 264
                 246
                   0
                   0
                 144
                 282
                   0
                   0
                   0
                   0