          15
           1
           4
           5
           1
           2
           6
           4
           3
           4
           1
           7
           4
           9
           8
 1st Variable Cost Component, Aij
                   0
                   0
                   0
                   0
                   7
                   0
                  13
                   0
                   0
                   0
                   0
                   0
                   0
                   0
                   0
                   0
                   7
                   0
                   0
                   0
                   0
                   0
                   0
                   0
                  14
                   0
                   0
                  16
                   0
                   0
                   0
                   0
                   0
                   9
                   0
                   0
                   0
                   2
                   0
                   0
                   0
                  13
                   0
                  13
                   0
                   0
                   0
                   0
                   0
                   4
                   0
                  12
                   0
                   0
                   0
                   0
                   0
                  12
                   0
                   0
                   0
                   0
                  16
                   4
                   0
                   0
                   3
                   0
                  15
                   0
                   6
                   0
                   9
                   0
                   0
                   0
                   0
                   0
                   0
                   0
                   0
                   0
                   0
                   0
                   0
                   0
                   0
                   0
                  16
                  11
                   0
                  16
                   0
                   0
                  16
                  10
                   0
                   0
                   0
                   0
                   0
                   4
                   0
                   6
                  16
                   0
                   0
                  13
                   0
                   0
                  18
                   0
                   0
                   0
                   0
                   0
                   0
                   0
                   0
                   0
                   0
                   0
                   0
                   0
                   0
                   0
                   0
                   0
                   2
                  12
                  12
                   0
                   0
                  13
                   0
                   0
                   0
                   0
                   0
                   0
                   0
                  14
                   0
                   3
                   3
                   6
                   0
                   0
                   0
                   0
                   0
                   0
                   0
                   5
                   0
                   0
                   0
                   0
                   0
                   0
                   0
                   0
                   0
                   0
                   0
                   0
                   0
                   0
                   0
                   0
                  10
                   0
                   0
                   0
                   9
                   0
                   0
                   0
                  13
                   4
                   0
                   8
                   0
                   0
                  13
                   8
                   0
                   0
                   0
                   0
                   0
                   0
                   5
                   4
                   8
                   0
                  16
                   0
                   0
                   0
                   0
                   0
                   0
                   0
                   3
                   0
                   0
                  19
                  22
                   0
 2nd Variable Cost Component, Bij
                   0
            50000000
            50000000
            50000000
                  59
            50000000
                 111
            50000000
            50000000
            50000000
            50000000
            50000000
            50000000
            50000000
            50000000
                   0
                  62
            50000000
            50000000
            50000000
            50000000
            50000000
            50000000
            50000000
                 125
            50000000
            50000000
                 136
            50000000
            50000000
                   0
            50000000
            50000000
                  78
            50000000
            50000000
            50000000
                  23
            50000000
            50000000
            50000000
                 113
            50000000
                 111
            50000000
                   0
            50000000
            50000000
            50000000
                  41
            50000000
                 105
            50000000
            50000000
            50000000
            50000000
            50000000
                 106
            50000000
                   7
                   0
            50000000
                 136
                  34
            50000000
            50000000
                  33
            50000000
                 134
            50000000
                  56
            50000000
                  78
            50000000
            50000000
                   0
            50000000
            50000000
            50000000
            50000000
            50000000
            50000000
            50000000
            50000000
            50000000
            50000000
            50000000
            50000000
                 136
                  93
                   0
                 143
            50000000
            50000000
                 136
                  89
            50000000
            50000000
            50000000
            50000000
            50000000
                  41
            50000000
                  53
                 143
                   0
            50000000
                 112
            50000000
            50000000
                 159
            50000000
            50000000
            50000000
            50000000
            50000000
            50000000
            50000000
            50000000
            50000000
                   0
            50000000
            50000000
            50000000
            50000000
            50000000
            50000000
            50000000
                  23
                 105
                 103
            50000000
            50000000
                 112
            50000000
                   0
            50000000
            50000000
            50000000
            50000000
            50000000
                 125
            50000000
                  27
                  33
                  56
            50000000
            50000000
            50000000
            50000000
                   0
            50000000
            50000000
                  49
            50000000
            50000000
            50000000
            50000000
            50000000
            50000000
            50000000
            50000000
            50000000
            50000000
            50000000
                   0
            50000000
            50000000
            50000000
            50000000
                  92
            50000000
            50000000
            50000000
                  81
            50000000
            50000000
            50000000
                 115
                  35
                   0
                  70
            50000000
            50000000
                 113
                  73
            50000000
            50000000
            50000000
            50000000
            50000000
            50000000
                  49
                  36
                  70
                   0
                 136
            50000000
            50000000
            50000000
            50000000
            50000000
            50000000
            50000000
                  26
            50000000
            50000000
                 168
                 193
            50000000
 Fixed Cost Component, Cij
                   0
                   0
                   0
                   0
                 324
                   0
                 610
                   0
                   0
                   0
                   0
                   0
                   0
                   0
                   0
                   0
                 341
                   0
                   0
                   0
                   0
                   0
                   0
                   0
                 687
                   0
                   0
                 748
                   0
                   0
                   0
                   0
                   0
                 429
                   0
                   0
                   0
                 126
                   0
                   0
                   0
                 621
                   0
                 610
                   0
                   0
                   0
                   0
                   0
                 225
                   0
                 577
                   0
                   0
                   0
                   0
                   0
                 583
                   0
                  38
                   0
                   0
                 748
                 187
                   0
                   0
                 181
                   0
                 737
                   0
                 308
                   0
                 429
                   0
                   0
                   0
                   0
                   0
                   0
                   0
                   0
                   0
                   0
                   0
                   0
                   0
                   0
                   0
                 748
                 511
                   0
                 786
                   0
                   0
                 748
                 489
                   0
                   0
                   0
                   0
                   0
                 225
                   0
                 291
                 786
                   0
                   0
                 616
                   0
                   0
                 874
                   0
                   0
                   0
                   0
                   0
                   0
                   0
                   0
                   0
                   0
                   0
                   0
                   0
                   0
                   0
                   0
                   0
                 126
                 577
                 566
                   0
                   0
                 616
                   0
                   0
                   0
                   0
                   0
                   0
                   0
                 687
                   0
                 148
                 181
                 308
                   0
                   0
                   0
                   0
                   0
                   0
                   0
                 269
                   0
                   0
                   0
                   0
                   0
                   0
                   0
                   0
                   0
                   0
                   0
                   0
                   0
                   0
                   0
                   0
                 506
                   0
                   0
                   0
                 445
                   0
                   0
                   0
                 632
                 192
                   0
                 385
                   0
                   0
                 621
                 401
                   0
                   0
                   0
                   0
                   0
                   0
                 269
                 198
                 385
                   0
                 748
                   0
                   0
                   0
                   0
                   0
                   0
                   0
                 143
                   0
                   0
                 924
                1061
                   0