          15
           7
           1
           4
           3
           1
           3
           4
           5
           5
           4
           9
           1
           6
           8
 1st Variable Cost Component, Aij
                   0
                   0
                   0
                   0
                   0
                  16
                   0
                   2
                   0
                   0
                   0
                  18
                   0
                   0
                   0
                   0
                   0
                   5
                   0
                   0
                   0
                   0
                   0
                   0
                   0
                   0
                   0
                   0
                   1
                   4
                   0
                   0
                   0
                   0
                   0
                   2
                  13
                   0
                   0
                   0
                   7
                   5
                   0
                   0
                   0
                   0
                   0
                   0
                   0
                   0
                   0
                   0
                   0
                   0
                   0
                   0
                   2
                   4
                   0
                   4
                   0
                   0
                   0
                   0
                   0
                   0
                   0
                   0
                   0
                   0
                   0
                   0
                   0
                  10
                   0
                   0
                   9
                   0
                   0
                   0
                   0
                   0
                   0
                   0
                   0
                   0
                   9
                   0
                   0
                   0
                   0
                   0
                   0
                   0
                   0
                   0
                   0
                   7
                   2
                   0
                   0
                   2
                   0
                   0
                   7
                   0
                   0
                   0
                   0
                   0
                   0
                   0
                  12
                   0
                  13
                   0
                   0
                   0
                   7
                   0
                   0
                   0
                  12
                   0
                   0
                   0
                   0
                   0
                   0
                   0
                   0
                   0
                   0
                   0
                   0
                   0
                   2
                   0
                   0
                   4
                   0
                  10
                   0
                   0
                   0
                   0
                   0
                   0
                   0
                   0
                   0
                   0
                   0
                   0
                  18
                   0
                   0
                   0
                  18
                   0
                   0
                   0
                   0
                   0
                   0
                   0
                   0
                   0
                   0
                   0
                   0
                   8
                   0
                  16
                   0
                   0
                   7
                   9
                   0
                  13
                   0
                   0
                   0
                   0
                   0
                   0
                   0
                   0
                   0
                   0
                   0
                   0
                   0
                  16
                   0
                   0
                   7
                  10
                   6
                   0
                   5
                   0
                   0
                   7
                   0
                  11
                   0
                   0
                   0
                   0
 2nd Variable Cost Component, Bij
                   0
            50000000
            50000000
            50000000
            50000000
                 145
            50000000
                  26
            50000000
            50000000
            50000000
                 161
            50000000
            50000000
            50000000
                   0
            50000000
                  47
            50000000
            50000000
            50000000
            50000000
            50000000
            50000000
            50000000
            50000000
            50000000
            50000000
                  15
                  39
                   0
            50000000
                   5
            50000000
            50000000
                  20
                 118
            50000000
            50000000
            50000000
                  63
                  48
            50000000
            50000000
            50000000
                   0
            50000000
            50000000
            50000000
            50000000
            50000000
            50000000
            50000000
            50000000
            50000000
            50000000
                  20
                  43
            50000000
                  39
                   0
            50000000
            50000000
            50000000
            50000000
            50000000
            50000000
            50000000
            50000000
            50000000
            50000000
            50000000
            50000000
                  94
            50000000
                   0
                  81
            50000000
            50000000
            50000000
            50000000
            50000000
            50000000
            50000000
            50000000
            50000000
                  84
            50000000
            50000000
            50000000
                   0
            50000000
            50000000
            50000000
            50000000
            50000000
            50000000
                  62
                  26
            50000000
            50000000
                  26
            50000000
            50000000
                  64
                   0
            50000000
            50000000
            50000000
            50000000
            50000000
            50000000
                 113
            50000000
                 118
            50000000
            50000000
            50000000
                  64
            50000000
                   0
            50000000
                 108
            50000000
            50000000
            50000000
            50000000
            50000000
            50000000
            50000000
            50000000
            50000000
            50000000
            50000000
            50000000
                   0
                  26
            50000000
            50000000
                  40
            50000000
                  89
            50000000
            50000000
            50000000
            50000000
            50000000
            50000000
            50000000
            50000000
                   0
            50000000
            50000000
            50000000
                 161
            50000000
            50000000
            50000000
                 164
            50000000
            50000000
            50000000
            50000000
            50000000
            50000000
                   0
            50000000
            50000000
            50000000
            50000000
            50000000
                  70
            50000000
                 146
            50000000
            50000000
                  64
                  79
            50000000
                 118
                   0
            50000000
            50000000
            50000000
            50000000
            50000000
            50000000
            50000000
            50000000
            50000000
            50000000
            50000000
            50000000
                 148
            50000000
                   0
                  66
                  93
                  55
            50000000
                  50
            50000000
            50000000
                  68
            50000000
                 104
            50000000
            50000000
            50000000
            50000000
 Fixed Cost Component, Cij
                   0
                   0
                   0
                   0
                   0
                  79
                   0
                  14
                   0
                   0
                   0
                  88
                   0
                   0
                   0
                   0
                   0
                  25
                   0
                   0
                   0
                   0
                   0
                   0
                   0
                   0
                   0
                   0
                   8
                  21
                   0
                   0
                   2
                   0
                   0
                  11
                  64
                   0
                   0
                   0
                  34
                  26
                   0
                   0
                   0
                   0
                   0
                   0
                   0
                   0
                   0
                   0
                   0
                   0
                   0
                   0
                  11
                  23
                   0
                  21
                   0
                   0
                   0
                   0
                   0
                   0
                   0
                   0
                   0
                   0
                   0
                   0
                   0
                  51
                   0
                   0
                  44
                   0
                   0
                   0
                   0
                   0
                   0
                   0
                   0
                   0
                  46
                   0
                   0
                   0
                   0
                   0
                   0
                   0
                   0
                   0
                   0
                  34
                  14
                   0
                   0
                  14
                   0
                   0
                  35
                   0
                   0
                   0
                   0
                   0
                   0
                   0
                  62
                   0
                  64
                   0
                   0
                   0
                  35
                   0
                   0
                   0
                  59
                   0
                   0
                   0
                   0
                   0
                   0
                   0
                   0
                   0
                   0
                   0
                   0
                   0
                  14
                   0
                   0
                  22
                   0
                  48
                   0
                   0
                   0
                   0
                   0
                   0
                   0
                   0
                   0
                   0
                   0
                   0
                  88
                   0
                   0
                   0
                  90
                   0
                   0
                   0
                   0
                   0
                   0
                   0
                   0
                   0
                   0
                   0
                   0
                  38
                   0
                  80
                   0
                   0
                  35
                  43
                   0
                  64
                   0
                   0
                   0
                   0
                   0
                   0
                   0
                   0
                   0
                   0
                   0
                   0
                   0
                  81
                   0
                   0
                  36
                  51
                  30
                   0
                  27
                   0
                   0
                  37
                   0
                  57
                   0
                   0
                   0
                   0