          15
           2
          10
           8
           3
           1
           2
           9
           7
          10
           7
           2
           8
           4
           7
 1st Variable Cost Component, Aij
                   0
                   0
                   0
                   6
                   0
                   0
                   7
                   0
                   0
                   0
                   0
                   6
                   9
                   0
                   0
                   0
                   0
                   0
                   0
                   0
                   0
                   0
                   0
                   0
                   0
                   0
                   0
                   6
                   0
                   0
                   0
                   0
                   0
                   6
                   6
                   0
                   0
                   0
                   0
                   0
                   0
                   0
                   0
                   0
                   0
                   0
                   0
                   0
                   0
                   0
                   0
                   0
                   0
                   0
                   0
                   0
                   9
                   0
                   0
                   0
                   0
                   0
                   0
                   0
                   0
                   0
                   0
                   0
                   0
                   0
                  10
                   0
                   6
                   0
                   5
                   0
                   0
                   4
                   0
                   0
                   0
                   0
                   9
                   0
                   0
                   0
                   0
                   0
                   2
                   0
                   0
                   0
                   0
                   0
                   3
                   0
                   0
                   0
                   0
                   0
                   9
                   0
                   0
                   0
                   0
                   0
                   0
                   0
                   8
                   0
                   7
                   0
                   0
                   2
                   7
                   0
                   0
                   0
                   0
                   0
                   0
                   9
                   0
                   0
                   9
                   0
                  12
                   0
                   0
                   0
                   0
                   0
                   0
                   6
                   0
                   0
                   0
                   6
                   0
                   0
                   0
                   0
                   8
                   2
                   0
                   0
                   3
                   0
                   0
                   4
                   0
                   0
                   0
                   0
                   0
                   0
                   0
                   0
                   0
                   0
                   0
                   0
                   0
                   0
                   0
                   0
                   3
                   0
                   0
                   0
                   0
                   0
                   0
                   0
                   0
                   7
                   9
                   0
                   2
                   0
                   0
                   0
                   0
                   0
                   0
                   0
                   0
                   0
                   0
                   0
                   0
                   0
                   5
                   0
                   0
                   0
                  16
                  11
                   0
                   0
                   7
                   9
                   0
                   0
                   0
                   0
                  10
                  10
                   0
                  10
 2nd Variable Cost Component, Bij
                   0
            50000000
            50000000
                  72
            50000000
            50000000
                  81
            50000000
            50000000
            50000000
            50000000
                  71
                 113
            50000000
            50000000
                   0
            50000000
            50000000
            50000000
            50000000
            50000000
            50000000
            50000000
            50000000
            50000000
            50000000
            50000000
                  71
            50000000
            50000000
                   0
            50000000
            50000000
                  75
                  69
            50000000
            50000000
            50000000
            50000000
            50000000
            50000000
            50000000
            50000000
            50000000
            50000000
                   0
            50000000
            50000000
            50000000
            50000000
            50000000
            50000000
            50000000
            50000000
            50000000
            50000000
                 105
            50000000
            50000000
            50000000
                   0
            50000000
            50000000
            50000000
            50000000
            50000000
            50000000
            50000000
            50000000
            50000000
                 122
            50000000
                  75
            50000000
                  68
                   0
            50000000
                  54
                  11
            50000000
            50000000
            50000000
                 108
            50000000
            50000000
            50000000
            50000000
            50000000
                  26
            50000000
                   0
            50000000
            50000000
            50000000
                  39
            50000000
            50000000
            50000000
            50000000
            50000000
                 112
            50000000
            50000000
            50000000
            50000000
                   0
            50000000
            50000000
                 101
            50000000
                  83
            50000000
            50000000
                  31
                  83
            50000000
            50000000
            50000000
            50000000
            50000000
                   0
                 104
            50000000
            50000000
                 104
            50000000
                 144
            50000000
            50000000
            50000000
            50000000
            50000000
            50000000
                  69
            50000000
                   0
            50000000
                  73
            50000000
            50000000
            50000000
            50000000
                 102
                  26
            50000000
            50000000
                  39
            50000000
            50000000
                  57
                   0
            50000000
            50000000
            50000000
            50000000
            50000000
            50000000
            50000000
            50000000
            50000000
            50000000
            50000000
            50000000
            50000000
            50000000
                   0
                  42
            50000000
            50000000
            50000000
            50000000
            50000000
            50000000
            50000000
            50000000
                  83
                 104
            50000000
                  23
            50000000
                   0
            50000000
            50000000
            50000000
            50000000
            50000000
            50000000
            50000000
            50000000
            50000000
            50000000
            50000000
                  63
            50000000
            50000000
                   0
                 192
                 132
            50000000
            50000000
                  87
                 111
            50000000
            50000000
            50000000
            50000000
                 119
                 125
            50000000
                 118
 Fixed Cost Component, Cij
                   0
                   0
                   0
                  39
                   0
                   0
                  44
                   0
                   0
                   0
                   0
                  39
                  62
                   0
                   0
                   0
                   0
                   0
                   0
                   0
                   0
                   0
                   0
                   0
                   0
                   0
                   0
                  39
                   0
                   0
                   0
                   0
                   0
                  41
                  37
                   0
                   0
                   0
                   0
                   0
                   0
                   0
                   0
                   0
                   0
                   0
                   0
                   0
                   0
                   0
                   0
                   0
                   0
                   0
                   0
                   0
                  57
                   0
                   0
                   0
                   0
                   0
                   0
                   0
                   0
                   0
                   0
                   0
                   0
                   0
                  67
                   0
                  41
                   0
                  37
                   0
                   0
                  29
                   6
                   0
                   0
                   0
                  59
                   0
                   0
                   0
                   0
                   0
                  14
                   0
                   0
                   0
                   0
                   0
                  21
                   0
                   0
                   0
                   0
                   0
                  61
                   0
                   0
                   0
                   0
                   0
                   0
                   0
                  55
                   0
                  45
                   0
                   0
                  17
                  45
                   0
                   0
                   0
                   0
                   0
                   0
                  57
                   0
                   0
                  57
                   0
                  79
                   0
                   0
                   0
                   0
                   0
                   0
                  37
                   0
                   0
                   0
                  40
                   0
                   0
                   0
                   0
                  56
                  14
                   0
                   0
                  21
                   0
                   0
                  31
                   0
                   0
                   0
                   0
                   0
                   0
                   0
                   0
                   0
                   0
                   0
                   0
                   0
                   0
                   0
                   0
                  23
                   0
                   0
                   0
                   0
                   0
                   0
                   0
                   0
                  45
                  57
                   0
                  12
                   0
                   0
                   0
                   0
                   0
                   0
                   0
                   0
                   0
                   0
                   0
                   0
                   0
                  34
                   0
                   0
                   0
                 105
                  72
                   0
                   0
                  47
                  61
                   0
                   0
                   0
                   0
                  65
                  68
                   0
                  64