          15
           8
           6
           3
           7
           8
           1
           9
           4
           8
           1
           1
          10
           8
           9
 1st Variable Cost Component, Aij
                   0
                   0
                   0
                   0
                   0
                   0
                   0
                   0
                   7
                   0
                   0
                   0
                   0
                   0
                   5
                   0
                   0
                   0
                   0
                   7
                   0
                   0
                   0
                   5
                   5
                   0
                   0
                   4
                   0
                   0
                   0
                   7
                   0
                   0
                   0
                   7
                   5
                   3
                   0
                   4
                   0
                   0
                   0
                   0
                   7
                   0
                   0
                   0
                   0
                   2
                   2
                   0
                   0
                   3
                   0
                   0
                   0
                   0
                   0
                   0
                   0
                   0
                   0
                   0
                   5
                   0
                   0
                   0
                   0
                   0
                   0
                   0
                   5
                   0
                   0
                   0
                  10
                   0
                   4
                   2
                   0
                   0
                   0
                   0
                   0
                   0
                   0
                   0
                   0
                   0
                   0
                   0
                   0
                   0
                   0
                   0
                   0
                   0
                   0
                   0
                   7
                   0
                   0
                   0
                   0
                   0
                   0
                   0
                   0
                   2
                   0
                   0
                   0
                   0
                   0
                   0
                   0
                   0
                   0
                   0
                   0
                   0
                   0
                   0
                   3
                   0
                   3
                   5
                   3
                   6
                   2
                   2
                   0
                   0
                   0
                   0
                   0
                   0
                   0
                   0
                   0
                   0
                   0
                   0
                   0
                   0
                   7
                   0
                   0
                   0
                   0
                   0
                   0
                   0
                   0
                   0
                   0
                   3
                   0
                   0
                   0
                   0
                   0
                   0
                   0
                   0
                   0
                   7
                   4
                   0
                   0
                   0
                   0
                   0
                   0
                   0
                   0
                   0
                   0
                   0
                   0
                   5
                   0
                   0
                   0
                   0
                   0
                   0
                   0
                   0
                   0
                   0
                   0
                   0
                   0
                   0
                   0
                   0
                   0
                  12
                   0
                   7
                   0
                   0
                   0
                   6
                   0
                  10
                   7
                   0
 2nd Variable Cost Component, Bij
                   0
            50000000
            50000000
            50000000
            50000000
            50000000
            50000000
            50000000
                  92
            50000000
            50000000
            50000000
            50000000
            50000000
                  68
                   0
            50000000
            50000000
            50000000
                  91
            50000000
            50000000
            50000000
                  62
                  63
            50000000
            50000000
                  55
            50000000
            50000000
                   0
                  92
            50000000
            50000000
            50000000
                  85
                  65
                  38
            50000000
                  58
            50000000
            50000000
            50000000
            50000000
                  92
                   0
            50000000
            50000000
            50000000
                  28
                  30
            50000000
            50000000
                  36
            50000000
            50000000
            50000000
            50000000
            50000000
            50000000
                   0
            50000000
            50000000
            50000000
                  65
            50000000
            50000000
            50000000
            50000000
            50000000
            50000000
            50000000
                  68
            50000000
            50000000
                   0
                 123
            50000000
                  59
                  31
            50000000
            50000000
            50000000
            50000000
            50000000
            50000000
            50000000
            50000000
            50000000
            50000000
                   0
            50000000
            50000000
            50000000
            50000000
            50000000
            50000000
            50000000
            50000000
            50000000
                  85
            50000000
            50000000
            50000000
            50000000
                   0
            50000000
            50000000
            50000000
                  28
            50000000
            50000000
            50000000
            50000000
            50000000
            50000000
            50000000
            50000000
            50000000
            50000000
                   0
            50000000
            50000000
            50000000
                  43
            50000000
                  38
                  62
                  38
                  73
                  24
                  31
            50000000
            50000000
            50000000
                   0
            50000000
            50000000
            50000000
            50000000
            50000000
            50000000
            50000000
            50000000
            50000000
            50000000
                  90
            50000000
            50000000
            50000000
                   0
            50000000
            50000000
            50000000
            50000000
            50000000
            50000000
                  36
            50000000
            50000000
            50000000
            50000000
                   7
            50000000
            50000000
                   0
            50000000
                  92
                  50
            50000000
            50000000
            50000000
            50000000
            50000000
            50000000
            50000000
            50000000
            50000000
            50000000
            50000000
                   0
                  60
            50000000
            50000000
            50000000
            50000000
            50000000
            50000000
            50000000
            50000000
            50000000
            50000000
            50000000
            50000000
            50000000
                   0
            50000000
            50000000
            50000000
                 148
            50000000
                  92
            50000000
            50000000
            50000000
                  75
            50000000
                 125
                  87
            50000000
 Fixed Cost Component, Cij
                   0
                   0
                   0
                   0
                   0
                   0
                   0
                   0
               50600
                   0
                   0
                   0
                   0
                   0
               37400
                   0
                   0
                   0
                   0
               50050
                   0
                   0
                   0
               34100
               34650
                   0
                   0
               30250
                   0
                   0
                   0
               50600
                   0
                   0
                   0
               46750
               35750
               20900
                   0
               31900
                   0
                   0
                   0
                   0
               50600
                   0
                   0
                   0
                   0
               15400
               16500
                   0
                   0
               19800
                   0
                   0
                   0
                   0
                   0
                   0
                   0
                   0
                   0
                   0
               35750
                   0
                   0
                   0
                   0
                   0
                   0
                   0
               37400
                   0
                   0
                   0
               67650
                   0
               32450
               17050
                   0
                   0
                   0
                   0
                   0
                   0
                   0
                   0
                   0
                   0
                   0
                   0
                   0
                   0
                   0
                   0
                   0
                   0
                   0
                   0
               46750
                   0
                   0
                   0
                   0
                   0
                   0
                   0
                   0
               15400
                   0
                   0
                   0
                   0
                   0
                   0
                   0
                   0
                   0
                   0
                   0
                   0
                   0
                   0
               23650
                   0
               20900
               34100
               20900
               40150
               13200
               17050
                   0
                   0
                   0
                   0
                   0
                   0
                   0
                   0
                   0
                   0
                   0
                   0
                   0
                   0
               49500
                   0
                   0
                   0
                   0
                   0
                   0
                   0
                   0
                   0
                   0
               19800
                   0
                   0
                   0
                   0
                3850
                   0
                   0
                   0
                   0
               50600
               27500
                   0
                   0
                   0
                   0
                   0
                   0
                   0
                   0
                   0
                   0
                   0
                   0
               33000
                   0
                   0
                   0
                   0
                   0
                   0
                   0
                   0
                   0
                   0
                   0
                   0
                   0
                   0
                   0
                   0
                   0
               81400
                   0
               50600
                   0
                   0
                   0
               41250
                   0
               68750
               47850
                   0