          15
           6
           7
           9
           6
           3
           7
           8
           7
           4
           9
           1
           5
           4
           3
 1st Variable Cost Component, Aij
                   0
                   8
                   0
                   0
                   0
                   0
                   4
                   0
                   0
                   0
                   0
                   0
                   3
                   0
                   0
                   0
                   0
                   0
                   0
                   9
                   0
                  10
                   8
                   0
                   0
                   0
                   0
                   0
                   0
                  10
                   0
                   8
                   0
                   0
                   0
                   3
                   0
                   0
                   0
                   0
                   0
                   0
                   0
                   0
                   0
                   0
                   0
                   0
                   0
                   0
                   0
                   0
                   0
                   0
                   0
                   0
                   0
                   0
                   3
                   5
                   0
                  10
                   0
                   0
                   0
                   0
                   0
                   0
                   0
                   5
                   0
                   0
                   0
                   0
                   0
                   0
                   0
                   7
                   0
                   5
                   0
                   0
                   0
                   0
                   0
                   0
                   0
                   0
                   0
                   0
                   0
                   0
                   0
                   8
                   0
                   0
                   0
                   2
                   0
                  10
                   3
                  10
                   6
                   0
                   3
                   0
                   0
                  11
                   8
                   0
                   0
                   0
                   0
                   8
                   0
                   0
                   9
                   0
                   0
                   7
                   0
                   5
                   0
                  11
                   0
                   5
                   0
                   0
                   0
                   0
                  11
                   0
                   0
                  11
                   0
                   0
                   0
                   0
                   0
                   0
                   1
                   0
                   0
                   7
                   0
                   0
                   0
                   8
                   0
                   0
                   0
                   0
                   0
                   0
                   0
                   0
                   0
                   0
                   0
                  12
                  11
                   0
                   0
                   0
                  10
                   0
                   0
                   0
                   0
                   0
                   0
                   0
                   0
                   0
                   0
                   0
                   0
                   0
                   0
                   0
                   0
                   0
                   0
                   0
                   0
                   7
                   0
                   5
                   0
                   0
                   5
                   8
                   0
                   0
                   0
                   0
                   0
                   0
                   0
                   0
                   0
                   0
                   0
                   0
                  10
                   0
                  11
                  10
                   0
                   5
 2nd Variable Cost Component, Bij
                   0
                  94
            50000000
            50000000
            50000000
            50000000
                  49
            50000000
            50000000
            50000000
            50000000
            50000000
                  42
            50000000
            50000000
                   0
            50000000
            50000000
            50000000
                 104
            50000000
                 123
                  97
            50000000
            50000000
            50000000
            50000000
            50000000
            50000000
                 115
                   0
                 101
            50000000
            50000000
            50000000
                  42
            50000000
            50000000
            50000000
            50000000
            50000000
            50000000
            50000000
            50000000
            50000000
                   0
            50000000
            50000000
            50000000
            50000000
            50000000
            50000000
            50000000
            50000000
            50000000
            50000000
            50000000
            50000000
                  45
                  60
                   0
                 117
            50000000
            50000000
            50000000
            50000000
            50000000
            50000000
            50000000
                  60
            50000000
            50000000
            50000000
            50000000
            50000000
                   0
            50000000
                  89
            50000000
                  63
            50000000
            50000000
            50000000
            50000000
            50000000
            50000000
            50000000
            50000000
            50000000
            50000000
                   0
            50000000
            50000000
                 100
            50000000
            50000000
            50000000
                  32
            50000000
                 123
                  42
                 113
                  73
            50000000
                  43
                   0
            50000000
                 133
                  92
            50000000
            50000000
            50000000
            50000000
                  97
            50000000
            50000000
                 110
            50000000
            50000000
                  86
                   0
                  59
            50000000
                 135
            50000000
                  60
            50000000
            50000000
            50000000
            50000000
                 126
            50000000
            50000000
                 133
            50000000
                   0
            50000000
            50000000
            50000000
            50000000
                  18
            50000000
            50000000
                  81
            50000000
            50000000
            50000000
                  92
            50000000
            50000000
                   0
            50000000
            50000000
            50000000
            50000000
            50000000
            50000000
            50000000
            50000000
                 142
                 131
            50000000
            50000000
            50000000
                 118
                   0
            50000000
            50000000
            50000000
            50000000
            50000000
            50000000
            50000000
            50000000
            50000000
            50000000
            50000000
            50000000
            50000000
            50000000
                   0
            50000000
            50000000
            50000000
            50000000
                  83
            50000000
                  66
            50000000
            50000000
                  60
                 100
            50000000
            50000000
            50000000
                   0
            50000000
            50000000
            50000000
            50000000
            50000000
            50000000
            50000000
            50000000
                 122
            50000000
                 125
                 121
            50000000
                  64
 Fixed Cost Component, Cij
                   0
                 517
                   0
                   0
                   0
                   0
                 269
                   0
                   0
                   0
                   0
                   0
                 231
                   0
                   0
                   0
                   0
                   0
                   0
                 572
                   0
                 676
                 533
                   0
                   0
                   0
                   0
                   0
                   0
                 632
                   0
                 555
                   0
                   0
                   0
                 231
                   0
                   0
                   0
                   0
                   0
                   0
                   0
                   0
                   0
                   0
                   0
                   0
                   0
                   0
                   0
                   0
                   0
                   0
                   0
                   0
                   0
                   0
                 247
                 330
                   0
                 643
                   0
                   0
                   0
                   0
                   0
                   0
                   0
                 330
                   0
                   0
                   0
                   0
                   0
                   0
                   0
                 489
                   0
                 346
                   0
                   0
                   0
                   0
                   0
                   0
                   0
                   0
                   0
                   0
                   0
                   0
                   0
                 550
                   0
                   0
                   0
                 176
                   0
                 676
                 231
                 621
                 401
                   0
                 236
                   0
                   0
                 731
                 506
                   0
                   0
                   0
                   0
                 533
                   0
                   0
                 605
                   0
                   0
                 473
                   0
                 324
                   0
                 742
                   0
                 330
                   0
                   0
                   0
                   0
                 693
                   0
                   0
                 731
                   0
                   0
                   0
                   0
                   0
                   0
                  99
                   0
                   0
                 445
                   0
                   0
                   0
                 506
                   0
                   0
                   0
                   0
                   0
                   0
                   0
                   0
                   0
                   0
                   0
                 781
                 720
                   0
                   0
                   0
                 649
                   0
                   0
                   0
                   0
                   0
                   0
                   0
                   0
                   0
                   0
                   0
                   0
                   0
                   0
                   0
                   0
                   0
                   0
                   0
                   0
                 456
                   0
                 363
                   0
                   0
                 330
                 550
                   0
                   0
                   0
                   0
                   0
                   0
                   0
                   0
                   0
                   0
                   0
                   0
                 671
                   0
                 687
                 665
                   0
                 352