          15
           4
           4
           2
           2
           3
           1
           1
           2
           1
           2
           4
           3
           3
           2
 1st Variable Cost Component, Aij
                   0
                   0
                   4
                   0
                   0
                   0
                   0
                  22
                   4
                   0
                   0
                   0
                   0
                   0
                   0
                   0
                   0
                   0
                   0
                   0
                   0
                   0
                   0
                   0
                   0
                   0
                   0
                   0
                   4
                   0
                   0
                   0
                   0
                   0
                   0
                   0
                   5
                  14
                   0
                   0
                   0
                   0
                   0
                  23
                  18
                   0
                   0
                   0
                  21
                  31
                   0
                   0
                   9
                  22
                   9
                   0
                   0
                   0
                  20
                   0
                   0
                   9
                   0
                   0
                   0
                   0
                   0
                   0
                   0
                   5
                   0
                   0
                   0
                   0
                   0
                   0
                   0
                   0
                   0
                   0
                   0
                   0
                   0
                   0
                   0
                   0
                   0
                   0
                   0
                   0
                   0
                   0
                   0
                   0
                   0
                   0
                   0
                   0
                   0
                   0
                   0
                  31
                   0
                   0
                   0
                   0
                   0
                   0
                  23
                   0
                  21
                   0
                   0
                   0
                   5
                   0
                   0
                   0
                   0
                   0
                   0
                   0
                   0
                   0
                   0
                   0
                  18
                   0
                   0
                   0
                   0
                   0
                   0
                   0
                   0
                   0
                   0
                   0
                  16
                  10
                   0
                   0
                   0
                   0
                   0
                   0
                   0
                   0
                   7
                   0
                   0
                   0
                   0
                   0
                   0
                   0
                   0
                   0
                   0
                   0
                   0
                  11
                   0
                   0
                   0
                   0
                   0
                   0
                   0
                   0
                   0
                   0
                   0
                   0
                   0
                  21
                   9
                   0
                   2
                  14
                   0
                   0
                  20
                   0
                  16
                   0
                   0
                   0
                   0
                   0
                   0
                   0
                   0
                   3
                   0
                   0
                   0
                   0
                   0
                  23
                  33
                   0
                   0
                   0
                  10
                  27
                  18
                   0
                   0
                   0
 2nd Variable Cost Component, Bij
                   0
            50000000
                  21
            50000000
            50000000
            50000000
            50000000
                 110
                  21
            50000000
            50000000
            50000000
            50000000
            50000000
            50000000
                   0
            50000000
            50000000
            50000000
            50000000
            50000000
            50000000
            50000000
            50000000
            50000000
            50000000
            50000000
            50000000
                  21
            50000000
                   0
            50000000
            50000000
            50000000
            50000000
            50000000
                  27
                  70
            50000000
            50000000
            50000000
            50000000
            50000000
                 115
                  90
                   0
            50000000
            50000000
                 106
                 152
            50000000
            50000000
                  44
                 108
                  47
            50000000
            50000000
            50000000
                 100
            50000000
                   0
                  46
            50000000
            50000000
            50000000
            50000000
            50000000
            50000000
            50000000
                  28
            50000000
            50000000
            50000000
            50000000
            50000000
                   0
            50000000
            50000000
            50000000
            50000000
            50000000
            50000000
            50000000
            50000000
            50000000
            50000000
            50000000
            50000000
            50000000
            50000000
                   0
            50000000
            50000000
            50000000
            50000000
            50000000
            50000000
            50000000
            50000000
            50000000
            50000000
                 152
            50000000
            50000000
            50000000
                   0
            50000000
            50000000
                 112
            50000000
                 106
            50000000
            50000000
            50000000
                  27
            50000000
            50000000
            50000000
            50000000
            50000000
                   0
            50000000
            50000000
            50000000
            50000000
            50000000
                  91
            50000000
            50000000
            50000000
            50000000
            50000000
            50000000
            50000000
            50000000
                   0
            50000000
            50000000
                  79
                  50
            50000000
            50000000
            50000000
            50000000
            50000000
            50000000
            50000000
            50000000
                  38
            50000000
                   0
            50000000
            50000000
            50000000
            50000000
            50000000
            50000000
            50000000
            50000000
            50000000
            50000000
                  58
            50000000
            50000000
            50000000
                   0
            50000000
            50000000
            50000000
            50000000
            50000000
            50000000
            50000000
            50000000
            50000000
                 106
                  48
            50000000
                  12
                  68
                   0
            50000000
                 100
            50000000
                  80
            50000000
            50000000
            50000000
            50000000
            50000000
            50000000
            50000000
            50000000
                  19
            50000000
                   0
            50000000
            50000000
            50000000
                 114
                 164
            50000000
            50000000
            50000000
                  52
                 133
                  88
            50000000
            50000000
            50000000
 Fixed Cost Component, Cij
                   0
                   0
                 210
                   0
                   0
                   0
                   0
                1100
                 210
                   0
                   0
                   0
                   0
                   0
                   0
                   0
                   0
                   0
                   0
                   0
                   0
                   0
                   0
                   0
                   0
                   0
                   0
                   0
                 210
                   0
                   0
                   0
                   0
                   0
                   0
                   0
                 270
                 700
                   0
                   0
                   0
                   0
                   0
                1150
                 900
                   0
                   0
                   0
                1060
                1520
                   0
                   0
                 440
                1080
                 470
                   0
                   0
                   0
                1000
                   0
                   0
                 460
                   0
                   0
                   0
                   0
                   0
                   0
                   0
                 280
                   0
                   0
                   0
                   0
                   0
                   0
                   0
                   0
                   0
                   0
                   0
                   0
                   0
                   0
                   0
                   0
                   0
                   0
                   0
                   0
                   0
                   0
                   0
                   0
                   0
                   0
                   0
                   0
                   0
                   0
                   0
                1520
                   0
                   0
                   0
                   0
                   0
                   0
                1120
                   0
                1060
                   0
                   0
                   0
                 270
                   0
                   0
                   0
                   0
                   0
                   0
                   0
                   0
                   0
                   0
                   0
                 910
                   0
                   0
                   0
                   0
                   0
                   0
                   0
                   0
                   0
                   0
                   0
                 790
                 500
                   0
                   0
                   0
                   0
                   0
                   0
                   0
                   0
                 380
                   0
                   0
                   0
                   0
                   0
                   0
                   0
                   0
                   0
                   0
                   0
                   0
                 580
                   0
                   0
                   0
                   0
                   0
                   0
                   0
                   0
                   0
                   0
                   0
                   0
                   0
                1060
                 480
                   0
                 120
                 680
                   0
                   0
                1000
                   0
                 800
                   0
                   0
                   0
                   0
                   0
                   0
                   0
                   0
                 190
                   0
                   0
                   0
                   0
                   0
                1140
                1640
                   0
                   0
                   0
                 520
                1330
                 880
                   0
                   0
                   0