          15
           4
           2
           4
           4
           1
           2
           4
           3
           5
           5
           2
           4
           2
           4
 1st Variable Cost Component, Aij
                   0
                  12
                   0
                   0
                   0
                   0
                  10
                   0
                   2
                   0
                   0
                   0
                   0
                   0
                   0
                   0
                   0
                   0
                  14
                   9
                   0
                   6
                   0
                   4
                   0
                   0
                   0
                   0
                   0
                   0
                   0
                   0
                   0
                  17
                   3
                  12
                   0
                   0
                  18
                  13
                   0
                   0
                   0
                   0
                   0
                   0
                   0
                   0
                   0
                   0
                   0
                   0
                   0
                   0
                  18
                   0
                   0
                   0
                   0
                   0
                   0
                   0
                   0
                   0
                   0
                   0
                   0
                   0
                   0
                  15
                   0
                   0
                  17
                   0
                   7
                   0
                   0
                   5
                   0
                   0
                  17
                   0
                   0
                   0
                   0
                   0
                   0
                   0
                  16
                   0
                   0
                   0
                   0
                   0
                   0
                   9
                   0
                   1
                   0
                   0
                   0
                   0
                   0
                   5
                   0
                   0
                   0
                   9
                  14
                   0
                   0
                   0
                   0
                   0
                  14
                   0
                   0
                   0
                   0
                   9
                   0
                   0
                   0
                   0
                  11
                  12
                  15
                   0
                   0
                   0
                  15
                   0
                   0
                   0
                   0
                   0
                  23
                   0
                   0
                   0
                   0
                   0
                   0
                   0
                   0
                  17
                   0
                  14
                   0
                  23
                   0
                   0
                   0
                   0
                   0
                   0
                   0
                   9
                   0
                   0
                   0
                   0
                   0
                   0
                   0
                   0
                   0
                   0
                   0
                   0
                   3
                  18
                   0
                  16
                   0
                   0
                  11
                  15
                   0
                   0
                   0
                   0
                   0
                   5
                   0
                   0
                   0
                  13
                   0
                   0
                   0
                   0
                  16
                   0
                   0
                   0
                  21
                   0
                   0
                   0
                   0
                   0
                  13
                   0
                  23
                   6
                  29
                   0
                   0
                  13
 2nd Variable Cost Component, Bij
                   0
                  80
            50000000
            50000000
            50000000
            50000000
                  71
            50000000
                  16
            50000000
            50000000
            50000000
            50000000
            50000000
            50000000
                   0
            50000000
            50000000
                  95
                  64
            50000000
                  43
            50000000
                  32
            50000000
            50000000
            50000000
            50000000
            50000000
            50000000
                   0
            50000000
            50000000
                 117
                  24
                  81
            50000000
            50000000
                 121
                  86
            50000000
            50000000
            50000000
            50000000
            50000000
                   0
            50000000
            50000000
            50000000
            50000000
            50000000
            50000000
            50000000
            50000000
                 121
            50000000
            50000000
            50000000
            50000000
            50000000
                   0
            50000000
            50000000
            50000000
            50000000
            50000000
            50000000
            50000000
            50000000
                  99
            50000000
            50000000
                 117
            50000000
                  51
                   0
            50000000
                  38
            50000000
            50000000
                 116
            50000000
            50000000
            50000000
            50000000
            50000000
            50000000
            50000000
                 107
            50000000
                   0
            50000000
            50000000
            50000000
            50000000
                  61
            50000000
                   9
            50000000
            50000000
            50000000
            50000000
            50000000
                  38
            50000000
                   0
            50000000
                  61
                  93
            50000000
            50000000
            50000000
            50000000
            50000000
                  94
            50000000
            50000000
            50000000
            50000000
                  61
                   0
            50000000
            50000000
            50000000
                  73
                  79
                 105
            50000000
            50000000
            50000000
                 105
            50000000
            50000000
            50000000
            50000000
                   0
                 153
            50000000
            50000000
            50000000
            50000000
            50000000
            50000000
            50000000
            50000000
                 116
            50000000
                  93
            50000000
                 153
                   0
            50000000
            50000000
            50000000
            50000000
            50000000
            50000000
                  62
            50000000
            50000000
            50000000
            50000000
            50000000
            50000000
            50000000
                   0
            50000000
            50000000
            50000000
            50000000
                  23
                 121
            50000000
                 110
            50000000
            50000000
                  73
                 100
            50000000
            50000000
                   0
            50000000
            50000000
                  37
            50000000
            50000000
            50000000
                  86
            50000000
            50000000
            50000000
            50000000
                 110
            50000000
            50000000
                   0
                 142
            50000000
            50000000
            50000000
            50000000
            50000000
                  90
            50000000
                 157
                  42
                 191
            50000000
            50000000
                  91
 Fixed Cost Component, Cij
                   0
                 120
                   0
                   0
                   0
                   0
                 106
                   0
                  24
                   0
                   0
                   0
                   0
                   0
                   0
                   0
                   0
                   0
                 142
                  96
                   0
                  64
                   0
                  48
                   0
                   0
                   0
                   0
                   0
                   0
                   0
                   0
                   0
                 175
                  36
                 121
                   0
                   0
                 181
                 129
                   0
                   0
                   0
                   0
                   0
                   0
                   0
                   0
                   0
                   0
                   0
                   0
                   0
                   0
                 181
                   0
                   0
                   0
                   0
                   0
                   0
                   0
                   0
                   0
                   0
                   0
                   0
                   0
                   0
                 148
                   0
                   0
                 175
                   0
                  76
                   0
                   0
                  57
                   0
                   0
                 174
                   0
                   0
                   0
                   0
                   0
                   0
                   0
                 160
                   0
                   0
                   0
                   0
                   0
                   0
                  91
                   0
                  13
                   0
                   0
                   0
                   0
                   0
                  57
                   0
                   0
                   0
                  91
                 139
                   0
                   0
                   0
                   0
                   0
                 141
                   0
                   0
                   0
                   0
                  91
                   0
                   0
                   0
                   0
                 109
                 118
                 157
                   0
                   0
                   0
                 157
                   0
                   0
                   0
                   0
                   0
                 229
                   0
                   0
                   0
                   0
                   0
                   0
                   0
                   0
                 174
                   0
                 139
                   0
                 229
                   0
                   0
                   0
                   0
                   0
                   0
                   0
                  93
                   0
                   0
                   0
                   0
                   0
                   0
                   0
                   0
                   0
                   0
                   0
                   0
                  34
                 181
                   0
                 165
                   0
                   0
                 109
                 150
                   0
                   0
                   0
                   0
                   0
                  55
                   0
                   0
                   0
                 129
                   0
                   0
                   0
                   0
                 165
                   0
                   0
                   0
                 213
                   0
                   0
                   0
                   0
                   0
                 135
                   0
                 235
                  63
                 286
                   0
                   0
                 136