          15
           9
           1
           3
           3
           2
           9
           1
           7
           2
           3
           1
           1
           7
           7
 1st Variable Cost Component, Aij
                   0
                   0
                   0
                   0
                   0
                  14
                   0
                   0
                   3
                   0
                   0
                   0
                   0
                   0
                   0
                   0
                   0
                   4
                   7
                   0
                   0
                   0
                   3
                   0
                   9
                   3
                   0
                   9
                   0
                   0
                   0
                  10
                   6
                   0
                   0
                   0
                   0
                   0
                   0
                   0
                   0
                   0
                   3
                   0
                   0
                   0
                  11
                   0
                   0
                   0
                   0
                  11
                   0
                   0
                   0
                   0
                   0
                   7
                   0
                   0
                   0
                   0
                  13
                   5
                   0
                   0
                   0
                   0
                   0
                  13
                  14
                   0
                   6
                   0
                  12
                   0
                   8
                   0
                   0
                  13
                   0
                   0
                   3
                   4
                   0
                   0
                   0
                   0
                  13
                   8
                   0
                   9
                   0
                   0
                   0
                   0
                  11
                   0
                   0
                   0
                   2
                   0
                   5
                   0
                   0
                   0
                   0
                   0
                   0
                   0
                   7
                   0
                   0
                   0
                   8
                   0
                  10
                  13
                   0
                   7
                   0
                   0
                   0
                   0
                  13
                  10
                   8
                   0
                   0
                   0
                   0
                   0
                  14
                   0
                  10
                   0
                   0
                   0
                   0
                   0
                   0
                   0
                   0
                   0
                   0
                   0
                   0
                   0
                   0
                   0
                   0
                  12
                  14
                   0
                   2
                   3
                   0
                   0
                   0
                   0
                   0
                   0
                   0
                   0
                   0
                   0
                   0
                   0
                  14
                   0
                   5
                   0
                  10
                   0
                   0
                   0
                   0
                   0
                  14
                  14
                   0
                   6
                  12
                   0
                   0
                   0
                   0
                   4
                   0
                   0
                   0
                   0
                   0
                  11
                   6
                   0
                   0
                  14
                   0
                   0
                   0
                  20
                   0
                  12
                   0
                   0
                   0
                   0
                  17
                   0
 2nd Variable Cost Component, Bij
                   0
            50000000
            50000000
            50000000
            50000000
                 114
            50000000
            50000000
                  24
            50000000
            50000000
            50000000
            50000000
            50000000
            50000000
                   0
            50000000
                  36
                  62
            50000000
            50000000
            50000000
                  24
            50000000
                  77
                  29
            50000000
                  74
            50000000
            50000000
                   0
                  84
                  51
            50000000
            50000000
            50000000
            50000000
            50000000
            50000000
            50000000
            50000000
            50000000
                  25
            50000000
            50000000
                   0
                  94
            50000000
            50000000
            50000000
            50000000
                  94
            50000000
                   7
            50000000
            50000000
            50000000
                  62
            50000000
            50000000
                   0
            50000000
                 110
                  40
            50000000
            50000000
            50000000
            50000000
            50000000
                 105
                 114
            50000000
                  54
            50000000
                 103
                   0
                  70
            50000000
            50000000
                 108
            50000000
            50000000
                  27
                  32
            50000000
            50000000
            50000000
            50000000
                 110
                  70
                   0
                  72
            50000000
            50000000
            50000000
            50000000
                  88
            50000000
            50000000
            50000000
                  16
            50000000
                  40
            50000000
            50000000
                   0
            50000000
            50000000
            50000000
            50000000
                  60
            50000000
            50000000
            50000000
                  69
            50000000
                  85
                 104
            50000000
                  61
                   0
            50000000
            50000000
            50000000
                 109
                  81
                  70
            50000000
            50000000
            50000000
                   5
            50000000
                 113
            50000000
                  86
                   0
            50000000
            50000000
            50000000
            50000000
            50000000
            50000000
            50000000
            50000000
            50000000
            50000000
            50000000
            50000000
            50000000
            50000000
                   0
                  96
                 113
            50000000
                  19
                  29
            50000000
            50000000
            50000000
            50000000
            50000000
            50000000
            50000000
            50000000
            50000000
                   0
            50000000
            50000000
                 114
            50000000
                  45
            50000000
                  86
            50000000
            50000000
            50000000
            50000000
            50000000
                 113
                 118
                   0
                  54
                  96
            50000000
            50000000
            50000000
            50000000
                  32
            50000000
            50000000
            50000000
            50000000
            50000000
                  91
                  54
                   0
            50000000
                 113
            50000000
            50000000
            50000000
                 161
            50000000
                  99
            50000000
            50000000
            50000000
            50000000
                 140
            50000000
 Fixed Cost Component, Cij
                   0
                   0
                   0
                   0
                   0
                6270
                   0
                   0
                1320
                   0
                   0
                   0
                   0
                   0
                   0
                   0
                   0
                1980
                3410
                   0
                   0
                   0
                1320
                   0
                4235
                1595
                   0
                4070
                   0
                   0
                   0
                4620
                2805
                   0
                   0
                   0
                   0
                   0
                   0
                   0
                   0
                   0
                1375
                   0
                   0
                   0
                5170
                   0
                   0
                   0
                   0
                5170
                   0
                 385
                   0
                   0
                   0
                3410
                   0
                   0
                   0
                   0
                6050
                2200
                   0
                   0
                   0
                   0
                   0
                5775
                6270
                   0
                2970
                   0
                5665
                   0
                3850
                   0
                   0
                5940
                   0
                   0
                1485
                1760
                   0
                   0
                   0
                   0
                6050
                3850
                   0
                3960
                   0
                   0
                   0
                   0
                4840
                   0
                   0
                   0
                 880
                   0
                2200
                   0
                   0
                   0
                   0
                   0
                   0
                   0
                3300
                   0
                   0
                   0
                3795
                   0
                4675
                5720
                   0
                3355
                   0
                   0
                   0
                   0
                5995
                4455
                3850
                   0
                   0
                   0
                 275
                   0
                6215
                   0
                4730
                   0
                   0
                   0
                   0
                   0
                   0
                   0
                   0
                   0
                   0
                   0
                   0
                   0
                   0
                   0
                   0
                5280
                6215
                   0
                1045
                1595
                   0
                   0
                   0
                   0
                   0
                   0
                   0
                   0
                   0
                   0
                   0
                   0
                6270
                   0
                2475
                   0
                4730
                   0
                   0
                   0
                   0
                   0
                6215
                6490
                   0
                2970
                5280
                   0
                   0
                   0
                   0
                1760
                   0
                   0
                   0
                   0
                   0
                5005
                2970
                   0
                   0
                6215
                   0
                   0
                   0
                8855
                   0
                5445
                   0
                   0
                   0
                   0
                7700
                   0