          15
           5
           4
           3
           2
           4
           1
           1
           3
           3
           2
           3
           3
           3
           4
 1st Variable Cost Component, Aij
                   0
                   0
                  17
                   0
                   0
                   0
                   0
                   0
                   0
                   0
                   4
                   0
                   0
                   0
                   5
                   0
                   0
                   0
                   0
                   0
                   0
                   0
                   0
                   0
                   9
                  14
                  14
                   0
                   0
                   0
                   0
                   0
                   0
                   0
                   0
                   0
                   0
                   0
                   0
                   0
                   0
                   0
                   9
                   0
                  12
                   0
                  17
                  19
                   0
                   0
                  14
                   0
                   0
                   4
                   0
                   0
                   8
                   0
                   0
                   0
                   0
                   0
                  15
                   0
                   4
                  25
                  12
                   0
                   0
                   0
                   9
                   0
                   0
                   0
                   0
                   0
                   0
                   0
                   4
                   0
                   0
                   0
                   0
                   0
                  12
                   0
                   0
                   0
                   0
                  12
                   0
                   0
                   0
                   0
                   0
                   0
                   0
                   0
                   0
                   0
                   0
                   0
                   0
                   0
                   0
                   0
                   0
                  15
                   0
                   0
                   0
                   9
                   5
                   0
                   0
                  14
                   0
                   0
                   0
                   0
                   0
                   0
                   0
                  16
                   0
                   2
                   0
                  17
                   0
                   0
                   0
                   0
                   0
                   0
                   0
                   0
                  23
                  19
                   0
                   0
                   4
                   0
                   0
                   0
                   0
                   0
                  16
                   0
                   9
                   0
                   0
                   9
                   0
                  11
                   0
                  14
                   0
                   0
                   0
                  20
                   0
                   0
                   0
                  19
                   9
                   0
                   0
                   0
                   0
                   0
                   0
                  21
                   0
                  19
                   0
                  12
                   0
                   0
                   0
                   0
                   0
                   0
                   0
                   0
                   0
                   0
                   0
                   0
                   0
                   0
                   2
                   0
                   0
                  17
                   0
                   0
                   0
                   0
                   0
                  24
                  31
                  29
                   0
                   0
                   0
                   7
                   0
                   0
                   0
                   0
 2nd Variable Cost Component, Bij
                   0
            50000000
                 105
            50000000
            50000000
            50000000
            50000000
            50000000
            50000000
            50000000
                  26
            50000000
            50000000
            50000000
                  34
                   0
            50000000
            50000000
            50000000
            50000000
            50000000
            50000000
            50000000
            50000000
                  58
                  83
                  85
            50000000
            50000000
            50000000
                   0
            50000000
            50000000
            50000000
            50000000
            50000000
            50000000
            50000000
            50000000
            50000000
            50000000
            50000000
                  55
            50000000
                  75
                   0
                 105
                 112
            50000000
            50000000
                  84
            50000000
            50000000
                  24
            50000000
            50000000
                  51
            50000000
            50000000
            50000000
                   0
            50000000
                  89
            50000000
                  26
                 148
                  73
            50000000
            50000000
            50000000
                  57
            50000000
            50000000
            50000000
            50000000
                   0
            50000000
            50000000
                  28
            50000000
            50000000
            50000000
            50000000
            50000000
                  76
            50000000
            50000000
            50000000
            50000000
                  74
                   0
            50000000
            50000000
            50000000
            50000000
            50000000
            50000000
            50000000
            50000000
            50000000
            50000000
            50000000
            50000000
            50000000
            50000000
                   0
            50000000
                  93
            50000000
            50000000
            50000000
                  57
                  30
            50000000
            50000000
                  84
            50000000
            50000000
            50000000
            50000000
                   0
            50000000
            50000000
                  94
            50000000
                  12
            50000000
                 101
            50000000
            50000000
            50000000
            50000000
            50000000
            50000000
            50000000
                   0
                 135
                 112
            50000000
            50000000
                  26
            50000000
            50000000
            50000000
            50000000
            50000000
                  94
            50000000
                  55
            50000000
                   0
                  53
            50000000
                  65
            50000000
                  83
            50000000
            50000000
            50000000
                 121
            50000000
            50000000
            50000000
                 112
                  53
                   0
            50000000
            50000000
            50000000
            50000000
            50000000
                 125
            50000000
                 116
            50000000
                  73
            50000000
            50000000
            50000000
            50000000
                   0
            50000000
            50000000
            50000000
            50000000
            50000000
            50000000
            50000000
            50000000
            50000000
                  12
            50000000
            50000000
                 100
            50000000
                   0
            50000000
            50000000
            50000000
                 143
                 186
                 174
            50000000
            50000000
            50000000
                  45
            50000000
            50000000
            50000000
            50000000
 Fixed Cost Component, Cij
                   0
                   0
               31500
                   0
                   0
                   0
                   0
                   0
                   0
                   0
                7800
                   0
                   0
                   0
               10200
                   0
                   0
                   0
                   0
                   0
                   0
                   0
                   0
                   0
               17400
               24900
               25500
                   0
                   0
                   0
                   0
                   0
                   0
                   0
                   0
                   0
                   0
                   0
                   0
                   0
                   0
                   0
               16500
                   0
               22500
                   0
               31500
               33600
                   0
                   0
               25200
                   0
                   0
                7200
                   0
                   0
               15300
                   0
                   0
                   0
                   0
                   0
               26700
                   0
                7800
               44400
               21900
                   0
                   0
                   0
               17100
                   0
                   0
                   0
                   0
                   0
                   0
                   0
                8400
                   0
                   0
                   0
                   0
                   0
               22800
                   0
                   0
                   0
                   0
               22200
                   0
                   0
                   0
                   0
                   0
                   0
                   0
                   0
                   0
                   0
                   0
                   0
                   0
                   0
                   0
                   0
                   0
               27900
                   0
                   0
                   0
               17100
                9000
                   0
                   0
               25200
                   0
                   0
                   0
                   0
                   0
                   0
                   0
               28200
                   0
                3600
                   0
               30300
                   0
                   0
                   0
                   0
                   0
                   0
                   0
                   0
               40500
               33600
                   0
                   0
                7800
                   0
                   0
                   0
                   0
                   0
               28200
                   0
               16500
                   0
                   0
               15900
                   0
               19500
                   0
               24900
                   0
                   0
                   0
               36300
                   0
                   0
                   0
               33600
               15900
                   0
                   0
                   0
                   0
                   0
                   0
               37500
                   0
               34800
                   0
               21900
                   0
                   0
                   0
                   0
                   0
                   0
                   0
                   0
                   0
                   0
                   0
                   0
                   0
                   0
                3600
                   0
                   0
               30000
                   0
                   0
                   0
                   0
                   0
               42900
               55800
               52200
                   0
                   0
                   0
               13500
                   0
                   0
                   0
                   0