          15
           6
           3
           6
           7
           9
           1
           5
           4
           4
           4
           2
           1
           5
           2
 1st Variable Cost Component, Aij
                   0
                   4
                   0
                   0
                  11
                   0
                   0
                   0
                   0
                   0
                   0
                  10
                   0
                   6
                   4
                   0
                   0
                   0
                   6
                   6
                   0
                   0
                   0
                   0
                   0
                   5
                   7
                   0
                   0
                   0
                   0
                   0
                   7
                   0
                   0
                   0
                   3
                   0
                   0
                   0
                   0
                   0
                   0
                   0
                   0
                   0
                   0
                   1
                   0
                   0
                   0
                   0
                   0
                   0
                   0
                   0
                   0
                   6
                   0
                  10
                   0
                   0
                   0
                   5
                   0
                   0
                   0
                   0
                   9
                   0
                   0
                   0
                  15
                   0
                  10
                   0
                   0
                   0
                  13
                   0
                   7
                   0
                   0
                   0
                   0
                   0
                   0
                   0
                  11
                   0
                   0
                   0
                   0
                   0
                   0
                   0
                   0
                   0
                   6
                   0
                   7
                   0
                   0
                   0
                   0
                   0
                   4
                   0
                   0
                   0
                   9
                   0
                   8
                   0
                   0
                  14
                   7
                   0
                   0
                   0
                   0
                   0
                   7
                   0
                   0
                   0
                   0
                   0
                   0
                   0
                   0
                  13
                  13
                   0
                   0
                   0
                   9
                   0
                  12
                   0
                   0
                   0
                   9
                   0
                   0
                   7
                   0
                   0
                   0
                   0
                   0
                   0
                   0
                   0
                   0
                   0
                  11
                   6
                   0
                   0
                   0
                   5
                   0
                   0
                   7
                   0
                   4
                   0
                   0
                   0
                   0
                   2
                   0
                   0
                   3
                   0
                   0
                   0
                   8
                   4
                   0
                   0
                   0
                   4
                   0
                   0
                   9
                   0
                   0
                   6
                   0
                   0
                   0
                   0
                   0
                   0
                  10
                   0
                   0
                   0
                  17
                   7
                   0
                  14
                  18
                  19
                   0
                   0
                   0
                   0
 2nd Variable Cost Component, Bij
                   0
                  42
            50000000
            50000000
                  96
            50000000
            50000000
            50000000
            50000000
            50000000
            50000000
                  88
            50000000
                  53
                  42
                   0
            50000000
            50000000
                  57
                  53
            50000000
            50000000
            50000000
            50000000
            50000000
                  46
                  61
            50000000
            50000000
            50000000
                   0
            50000000
                  59
            50000000
            50000000
            50000000
                  30
            50000000
            50000000
            50000000
            50000000
            50000000
            50000000
            50000000
            50000000
                   0
            50000000
                  11
            50000000
            50000000
            50000000
            50000000
            50000000
            50000000
            50000000
            50000000
            50000000
                  57
            50000000
                  92
                   0
            50000000
            50000000
                  43
            50000000
            50000000
            50000000
            50000000
                  81
            50000000
            50000000
            50000000
                 134
            50000000
                  92
                   0
                   4
            50000000
                 114
            50000000
                  59
            50000000
            50000000
            50000000
            50000000
            50000000
            50000000
            50000000
                  94
            50000000
                   0
            50000000
            50000000
            50000000
            50000000
            50000000
            50000000
            50000000
                  54
            50000000
                  61
            50000000
            50000000
            50000000
            50000000
                   0
                  41
            50000000
            50000000
            50000000
                  77
            50000000
                  73
            50000000
            50000000
                 120
                  61
            50000000
            50000000
            50000000
                   0
            50000000
                  59
            50000000
            50000000
            50000000
            50000000
            50000000
            50000000
            50000000
            50000000
                 115
                 117
            50000000
            50000000
                   0
                  76
            50000000
                 108
            50000000
            50000000
            50000000
                  84
            50000000
            50000000
                  59
            50000000
            50000000
            50000000
            50000000
                   0
            50000000
            50000000
            50000000
            50000000
            50000000
                  95
                  54
            50000000
            50000000
            50000000
                  50
            50000000
            50000000
                  59
                   0
                  41
            50000000
            50000000
            50000000
            50000000
                  18
            50000000
            50000000
                  30
            50000000
            50000000
            50000000
                  71
                  41
                   0
            50000000
            50000000
                  35
            50000000
            50000000
                  83
            50000000
            50000000
                  57
            50000000
            50000000
            50000000
            50000000
            50000000
                   0
                  86
            50000000
            50000000
            50000000
                 150
                  64
            50000000
                 120
                 154
                 168
            50000000
            50000000
            50000000
            50000000
 Fixed Cost Component, Cij
                   0
                 115
                   0
                   0
                 264
                   0
                   0
                   0
                   0
                   0
                   0
                 242
                   0
                 145
                 115
                   0
                   0
                   0
                 156
                 145
                   0
                   0
                   0
                   0
                   0
                 126
                 167
                   0
                   0
                   0
                   0
                   0
                 162
                   0
                   0
                   0
                  82
                   0
                   0
                   0
                   0
                   0
                   0
                   0
                   0
                   0
                   0
                  30
                   0
                   0
                   0
                   0
                   0
                   0
                   0
                   0
                   0
                 156
                   0
                 253
                   0
                   0
                   0
                 118
                   0
                   0
                   0
                   0
                 222
                   0
                   0
                   0
                 368
                   0
                 253
                   0
                  11
                   0
                 313
                   0
                 162
                   0
                   0
                   0
                   0
                   0
                   0
                   0
                 258
                   0
                   0
                   0
                   0
                   0
                   0
                   0
                   0
                   0
                 148
                   0
                 167
                   0
                   0
                   0
                   0
                   0
                 112
                   0
                   0
                   0
                 211
                   0
                 200
                   0
                   0
                 330
                 167
                   0
                   0
                   0
                   0
                   0
                 162
                   0
                   0
                   0
                   0
                   0
                   0
                   0
                   0
                 316
                 321
                   0
                   0
                   0
                 209
                   0
                 297
                   0
                   0
                   0
                 231
                   0
                   0
                 162
                   0
                   0
                   0
                   0
                   0
                   0
                   0
                   0
                   0
                   0
                 261
                 148
                   0
                   0
                   0
                 137
                   0
                   0
                 162
                   0
                 112
                   0
                   0
                   0
                   0
                  49
                   0
                   0
                  82
                   0
                   0
                   0
                 195
                 112
                   0
                   0
                   0
                  96
                   0
                   0
                 228
                   0
                   0
                 156
                   0
                   0
                   0
                   0
                   0
                   0
                 236
                   0
                   0
                   0
                 412
                 176
                   0
                 330
                 423
                 462
                   0
                   0
                   0
                   0