          15
           8
           9
           1
           1
           1
           7
           8
           3
           4
           8
           2
           6
          10
           9
 1st Variable Cost Component, Aij
                   0
                   0
                   0
                   0
                   0
                   7
                   0
                   6
                   0
                   0
                   0
                   5
                   0
                   0
                   0
                   0
                   0
                   0
                   0
                   0
                   0
                   0
                   9
                   7
                   0
                   0
                   0
                   0
                   2
                   0
                   0
                   0
                   0
                   0
                   0
                   0
                   0
                   0
                   0
                   0
                   0
                   0
                   6
                   0
                   7
                   0
                   0
                   0
                   0
                  10
                   0
                   0
                   8
                   0
                   0
                   9
                   0
                   0
                   0
                   0
                   0
                   0
                   0
                   1
                   0
                   6
                   0
                   0
                   0
                   0
                   0
                   0
                   0
                   0
                   6
                   0
                   0
                   0
                   9
                   0
                   0
                   0
                   0
                   0
                   7
                  10
                   0
                   3
                   0
                   0
                   0
                   0
                   0
                   0
                   0
                   0
                   0
                   0
                   0
                   0
                   0
                   0
                   0
                   0
                  13
                   0
                   0
                   0
                   0
                   0
                   0
                   0
                   0
                   0
                   0
                   0
                   0
                   0
                   0
                   0
                   0
                   4
                   0
                   4
                   0
                   0
                   0
                   7
                   0
                   0
                   0
                   0
                   0
                   0
                   0
                   0
                   0
                   6
                   0
                   6
                   0
                   0
                   0
                   0
                  11
                   5
                   0
                   0
                  13
                   0
                   0
                   0
                   0
                   0
                   0
                   0
                   0
                   0
                   0
                   5
                   3
                   9
                   0
                   0
                   9
                   0
                   4
                   0
                   0
                   0
                   0
                   0
                   0
                   0
                   0
                   0
                   0
                   0
                   0
                   0
                   0
                   0
                   3
                   2
                   0
                   9
                   0
                   0
                   0
                   0
                   9
                   6
                   0
                   0
                   7
                   0
                   0
                   0
                   0
                   0
                   3
                   0
                   0
                   0
                  12
                   9
                  12
                   0
                   9
                   0
 2nd Variable Cost Component, Bij
                   0
            50000000
            50000000
            50000000
            50000000
                  80
            50000000
                  66
            50000000
            50000000
            50000000
                  56
            50000000
            50000000
            50000000
                   0
            50000000
            50000000
            50000000
            50000000
            50000000
            50000000
                 100
                  79
            50000000
            50000000
            50000000
            50000000
                  23
            50000000
                   0
            50000000
            50000000
            50000000
            50000000
            50000000
            50000000
            50000000
            50000000
            50000000
            50000000
            50000000
                  66
            50000000
                  81
                   0
            50000000
            50000000
            50000000
                 113
            50000000
            50000000
                  98
            50000000
            50000000
                  99
            50000000
            50000000
            50000000
            50000000
                   0
            50000000
            50000000
                  19
            50000000
                  75
            50000000
            50000000
            50000000
            50000000
            50000000
            50000000
            50000000
            50000000
                  71
                   0
            50000000
            50000000
                 106
            50000000
            50000000
            50000000
            50000000
            50000000
                  87
                 117
            50000000
                  35
            50000000
            50000000
                   0
            50000000
            50000000
            50000000
            50000000
            50000000
            50000000
            50000000
            50000000
            50000000
            50000000
            50000000
            50000000
            50000000
                 143
                   0
            50000000
            50000000
            50000000
            50000000
            50000000
            50000000
            50000000
            50000000
            50000000
            50000000
            50000000
            50000000
            50000000
            50000000
                   0
                  53
            50000000
                  44
            50000000
            50000000
            50000000
                  79
            50000000
            50000000
            50000000
            50000000
            50000000
            50000000
            50000000
                   0
            50000000
                  74
            50000000
                  68
            50000000
            50000000
            50000000
            50000000
                 130
                  60
            50000000
            50000000
                 144
            50000000
                   0
            50000000
            50000000
            50000000
            50000000
            50000000
            50000000
            50000000
            50000000
                  65
                  41
                 104
            50000000
            50000000
                 100
                   0
                  45
            50000000
            50000000
            50000000
            50000000
            50000000
            50000000
            50000000
            50000000
            50000000
            50000000
            50000000
            50000000
            50000000
                   0
            50000000
                  43
                  24
            50000000
                  99
            50000000
            50000000
            50000000
            50000000
                 102
                  68
            50000000
            50000000
                  86
                   0
            50000000
            50000000
            50000000
            50000000
                  34
            50000000
            50000000
            50000000
                 138
                 107
                 138
            50000000
                 100
            50000000
 Fixed Cost Component, Cij
                   0
                   0
                   0
                   0
                   0
               44000
                   0
               36300
                   0
                   0
                   0
               30800
                   0
                   0
                   0
                   0
                   0
                   0
                   0
                   0
                   0
                   0
               55000
               43450
                   0
                   0
                   0
                   0
               12650
                   0
                   0
                   0
                   0
                   0
                   0
                   0
                   0
                   0
                   0
                   0
                   0
                   0
               36300
                   0
               44550
                   0
                   0
                   0
                   0
               62150
                   0
                   0
               53900
                   0
                   0
               54450
                   0
                   0
                   0
                   0
                   0
                   0
                   0
               10450
                   0
               41250
                   0
                   0
                   0
                   0
                   0
                   0
                   0
                   0
               39050
                   0
                   0
                   0
               58300
                   0
                   0
                   0
                   0
                   0
               47850
               64350
                   0
               19250
                   0
                   0
                   0
                   0
                   0
                   0
                   0
                   0
                   0
                   0
                   0
                   0
                   0
                   0
                   0
                   0
               78650
                   0
                   0
                   0
                   0
                   0
                   0
                   0
                   0
                   0
                   0
                   0
                   0
                   0
                   0
                   0
                   0
               29150
                   0
               24200
                   0
                   0
                   0
               43450
                   0
                   0
                   0
                   0
                   0
                   0
                   0
                   0
                   0
               40700
                   0
               37400
                   0
                   0
                   0
                   0
               71500
               33000
                   0
                   0
               79200
                   0
                   0
                   0
                   0
                   0
                   0
                   0
                   0
                   0
                   0
               35750
               22550
               57200
                   0
                   0
               55000
                   0
               24750
                   0
                   0
                   0
                   0
                   0
                   0
                   0
                   0
                   0
                   0
                   0
                   0
                   0
                   0
                   0
               23650
               13200
                   0
               54450
                   0
                   0
                   0
                   0
               56100
               37400
                   0
                   0
               47300
                   0
                   0
                   0
                   0
                   0
               18700
                   0
                   0
                   0
               75900
               58850
               75900
                   0
               55000
                   0