          15
           3
           1
           2
           5
           4
           1
           1
           3
           5
           3
           5
           3
           5
           1
 1st Variable Cost Component, Aij
                   0
                  11
                   0
                   0
                  15
                   0
                  15
                   0
                   3
                   0
                   0
                  14
                  15
                  10
                  11
                   0
                   0
                   0
                   4
                   0
                   0
                  10
                   0
                   0
                   4
                   8
                  13
                   0
                   0
                  19
                   0
                   0
                   0
                   0
                   0
                   0
                   0
                  13
                   0
                   0
                   0
                  20
                   0
                   9
                   0
                   0
                   0
                   0
                   0
                   0
                   0
                   0
                   0
                   0
                  21
                   0
                   0
                   0
                   0
                  11
                   0
                   0
                   0
                   0
                   0
                   0
                   0
                   0
                   0
                   0
                   0
                   0
                   0
                   0
                  10
                   0
                  10
                   0
                   0
                  10
                   0
                   0
                   0
                   0
                  15
                   9
                   0
                   0
                  11
                   0
                   0
                   0
                  17
                   0
                   0
                   0
                   0
                   0
                   0
                   0
                   0
                   0
                   0
                   0
                   0
                   0
                   0
                   0
                   0
                   0
                   0
                   0
                   3
                   0
                  13
                   7
                  15
                   7
                   0
                   0
                   0
                   0
                   7
                   0
                   0
                   0
                   0
                   0
                   0
                   0
                   0
                   0
                   0
                   0
                   0
                   0
                  14
                   0
                   0
                   0
                   7
                   0
                  18
                   0
                   0
                   0
                  13
                   0
                   0
                   0
                   0
                   0
                  15
                   8
                  14
                   0
                   0
                  16
                   0
                   0
                   0
                   0
                   0
                   6
                   0
                   0
                   0
                   0
                   0
                   0
                   0
                   0
                   0
                   0
                   0
                   0
                   0
                   0
                   0
                   6
                   0
                   0
                   0
                   0
                  20
                   0
                   0
                   0
                   0
                   0
                   0
                   0
                   0
                   0
                   0
                   0
                  15
                   0
                   5
                   0
                   0
                  18
                  23
                   0
                   0
                   0
                   0
                   0
                   0
                  24
 2nd Variable Cost Component, Bij
                   0
                  68
            50000000
            50000000
                  91
            50000000
                  93
            50000000
                  18
            50000000
            50000000
                  84
                  92
                  60
                  68
                   0
            50000000
            50000000
                  24
            50000000
            50000000
                  60
            50000000
            50000000
                  28
                  50
                  83
            50000000
            50000000
                 119
                   0
            50000000
            50000000
            50000000
            50000000
            50000000
            50000000
                  81
            50000000
            50000000
            50000000
                 124
            50000000
                  57
            50000000
                   0
            50000000
            50000000
            50000000
            50000000
            50000000
            50000000
            50000000
            50000000
                 126
            50000000
            50000000
            50000000
            50000000
                  68
                   0
            50000000
            50000000
            50000000
            50000000
            50000000
            50000000
            50000000
            50000000
            50000000
            50000000
            50000000
            50000000
            50000000
                  62
                   0
                  61
            50000000
            50000000
                  62
            50000000
            50000000
            50000000
            50000000
                  93
                  57
            50000000
            50000000
                  67
            50000000
                   0
            50000000
                 105
            50000000
            50000000
            50000000
            50000000
            50000000
            50000000
            50000000
            50000000
            50000000
            50000000
            50000000
            50000000
                   0
            50000000
            50000000
            50000000
            50000000
            50000000
            50000000
                  18
            50000000
                  80
                  43
                  91
                  44
            50000000
            50000000
                   0
            50000000
                  45
            50000000
            50000000
            50000000
            50000000
            50000000
            50000000
            50000000
            50000000
            50000000
            50000000
            50000000
            50000000
                   0
                  89
            50000000
            50000000
            50000000
                  47
            50000000
                 108
            50000000
            50000000
            50000000
                  78
            50000000
            50000000
            50000000
                   0
            50000000
                  95
                  48
                  84
            50000000
            50000000
                 101
            50000000
            50000000
            50000000
            50000000
            50000000
                  37
            50000000
                   0
            50000000
            50000000
            50000000
            50000000
            50000000
            50000000
            50000000
            50000000
            50000000
            50000000
            50000000
            50000000
            50000000
                  37
                   0
            50000000
            50000000
            50000000
                 124
            50000000
            50000000
            50000000
            50000000
            50000000
            50000000
            50000000
            50000000
            50000000
            50000000
                   0
                  90
            50000000
                  30
            50000000
            50000000
                 111
                 143
            50000000
            50000000
            50000000
            50000000
            50000000
            50000000
                 146
 Fixed Cost Component, Cij
                   0
                2040
                   0
                   0
                2730
                   0
                2790
                   0
                 540
                   0
                   0
                2520
                2760
                1800
                2040
                   0
                   0
                   0
                 720
                   0
                   0
                1800
                   0
                   0
                 840
                1500
                2490
                   0
                   0
                3570
                   0
                   0
                   0
                   0
                   0
                   0
                   0
                2430
                   0
                   0
                   0
                3720
                   0
                1710
                   0
                   0
                   0
                   0
                   0
                   0
                   0
                   0
                   0
                   0
                3780
                   0
                   0
                   0
                   0
                2040
                   0
                   0
                   0
                   0
                   0
                   0
                   0
                   0
                   0
                   0
                   0
                   0
                   0
                   0
                1860
                   0
                1830
                   0
                   0
                1860
                   0
                   0
                   0
                   0
                2790
                1710
                   0
                   0
                2010
                   0
                   0
                   0
                3150
                   0
                   0
                   0
                   0
                   0
                   0
                   0
                   0
                   0
                   0
                   0
                   0
                   0
                   0
                   0
                   0
                   0
                   0
                   0
                 540
                   0
                2400
                1290
                2730
                1320
                   0
                   0
                   0
                   0
                1350
                   0
                   0
                   0
                   0
                   0
                   0
                   0
                   0
                   0
                   0
                   0
                   0
                   0
                2670
                   0
                   0
                   0
                1410
                   0
                3240
                   0
                   0
                   0
                2340
                   0
                   0
                   0
                   0
                   0
                2850
                1440
                2520
                   0
                   0
                3030
                   0
                   0
                   0
                   0
                   0
                1110
                   0
                   0
                   0
                   0
                   0
                   0
                   0
                   0
                   0
                   0
                   0
                   0
                   0
                   0
                   0
                1110
                   0
                   0
                   0
                   0
                3720
                   0
                   0
                   0
                   0
                   0
                   0
                   0
                   0
                   0
                   0
                   0
                2700
                   0
                 900
                   0
                   0
                3330
                4290
                   0
                   0
                   0
                   0
                   0
                   0
                4380