          15
           8
           7
           6
           3
          10
           2
           3
           7
           9
           3
           3
           4
           2
           6
 1st Variable Cost Component, Aij
                   0
                   0
                   0
                   0
                   0
                   0
                   4
                   8
                   7
                   0
                   4
                   0
                   0
                   0
                   0
                   0
                   0
                   0
                   0
                   0
                   0
                   0
                   0
                   0
                   0
                   0
                   0
                   0
                   0
                   0
                   0
                   0
                   0
                   0
                   0
                   0
                   0
                   0
                   0
                   0
                   0
                   0
                   7
                   0
                   0
                   0
                   8
                   0
                   0
                   0
                   0
                   0
                  11
                   1
                   0
                   0
                   0
                   8
                   0
                   0
                   0
                   0
                   0
                   0
                   9
                   0
                   0
                   0
                   0
                   8
                   0
                   0
                   8
                   0
                   0
                   0
                   0
                   0
                   0
                   0
                   0
                   0
                   0
                  11
                   4
                   0
                   0
                  10
                   6
                   0
                   0
                   0
                   0
                   0
                   0
                   0
                   0
                   0
                   8
                   0
                   0
                  13
                   0
                   0
                   0
                   0
                   0
                   3
                   0
                   0
                   7
                   0
                   0
                   3
                   0
                   0
                   0
                   0
                   2
                   2
                   0
                   0
                   8
                   0
                   0
                   0
                   0
                   0
                   0
                   0
                   0
                   0
                   4
                   0
                   0
                   0
                  10
                  12
                   0
                   0
                   4
                   0
                   0
                   0
                   0
                   0
                   0
                   8
                   8
                   0
                   0
                   0
                   0
                   0
                   8
                   9
                   0
                   0
                   0
                  13
                   0
                   0
                  12
                   0
                  12
                   0
                  13
                   0
                   0
                   0
                   0
                   0
                   0
                   9
                   0
                   7
                   0
                   4
                   0
                   0
                   0
                   0
                   0
                   0
                   4
                   0
                   0
                  11
                   0
                   0
                   0
                   9
                   0
                   3
                   0
                   0
                   0
                   0
                   0
                  11
                  16
                  13
                  11
                  11
                   0
                   0
                   0
                  13
                   4
                  10
 2nd Variable Cost Component, Bij
                   0
            50000000
            50000000
            50000000
            50000000
            50000000
                  49
                  85
                  74
            50000000
                  46
            50000000
            50000000
            50000000
            50000000
                   0
            50000000
            50000000
            50000000
            50000000
            50000000
            50000000
            50000000
            50000000
            50000000
            50000000
            50000000
            50000000
            50000000
            50000000
                   0
            50000000
            50000000
            50000000
            50000000
            50000000
            50000000
            50000000
            50000000
            50000000
            50000000
            50000000
                  80
            50000000
            50000000
                   0
                  90
            50000000
            50000000
            50000000
            50000000
            50000000
                 124
                  18
            50000000
            50000000
            50000000
                  91
            50000000
            50000000
                   0
            50000000
            50000000
            50000000
                  98
            50000000
            50000000
            50000000
            50000000
                  89
            50000000
            50000000
                  89
            50000000
            50000000
                   0
            50000000
            50000000
            50000000
            50000000
            50000000
            50000000
            50000000
                 115
                  49
            50000000
            50000000
                 105
                  72
            50000000
                   0
            50000000
            50000000
            50000000
            50000000
            50000000
            50000000
            50000000
                  85
            50000000
            50000000
                 136
            50000000
            50000000
            50000000
                   0
            50000000
                  33
            50000000
            50000000
                  74
            50000000
            50000000
                  38
            50000000
            50000000
            50000000
            50000000
                  27
                  23
                   0
            50000000
                  93
            50000000
            50000000
            50000000
            50000000
            50000000
            50000000
            50000000
            50000000
            50000000
                  43
            50000000
            50000000
                   0
                 110
                 135
            50000000
            50000000
                  46
            50000000
            50000000
            50000000
            50000000
            50000000
            50000000
                  93
                  93
            50000000
                   0
            50000000
            50000000
            50000000
                  89
                  97
            50000000
            50000000
            50000000
                 139
            50000000
            50000000
                 131
            50000000
                 132
                   0
                 137
            50000000
            50000000
            50000000
            50000000
            50000000
            50000000
                 101
            50000000
                  74
            50000000
                  43
            50000000
            50000000
                   0
            50000000
            50000000
            50000000
                  49
            50000000
            50000000
                 115
            50000000
            50000000
            50000000
                 104
            50000000
                  33
            50000000
                   0
            50000000
            50000000
            50000000
                 120
                 169
                 142
                 120
                 119
            50000000
            50000000
            50000000
                 137
                  45
                 107
 Fixed Cost Component, Cij
                   0
                   0
                   0
                   0
                   0
                   0
                 269
                 467
                 407
                   0
                 253
                   0
                   0
                   0
                   0
                   0
                   0
                   0
                   0
                   0
                   0
                   0
                   0
                   0
                   0
                   0
                   0
                   0
                   0
                   0
                   0
                   0
                   0
                   0
                   0
                   0
                   0
                   0
                   0
                   0
                   0
                   0
                 440
                   0
                   0
                   0
                 495
                   0
                   0
                   0
                   0
                   0
                 682
                  99
                   0
                   0
                   0
                 500
                   0
                   0
                   0
                   0
                   0
                   0
                 539
                   0
                   0
                   0
                   0
                 489
                   0
                   0
                 489
                   0
                   0
                   0
                   0
                   0
                   0
                   0
                   0
                   0
                   0
                 632
                 269
                   0
                   0
                 577
                 396
                   0
                   0
                   0
                   0
                   0
                   0
                   0
                   0
                   0
                 467
                   0
                   0
                 748
                   0
                   0
                   0
                   0
                   0
                 181
                   0
                   0
                 407
                   0
                   0
                 209
                   0
                   0
                   0
                   0
                 148
                 126
                   0
                   0
                 511
                   0
                   0
                   0
                   0
                   0
                   0
                   0
                   0
                   0
                 236
                   0
                   0
                   0
                 605
                 742
                   0
                   0
                 253
                   0
                   0
                   0
                   0
                   0
                   0
                 511
                 511
                   0
                   0
                   0
                   0
                   0
                 489
                 533
                   0
                   0
                   0
                 764
                   0
                   0
                 720
                   0
                 726
                   0
                 753
                   0
                   0
                   0
                   0
                   0
                   0
                 555
                   0
                 407
                   0
                 236
                   0
                   0
                   0
                   0
                   0
                   0
                 269
                   0
                   0
                 632
                   0
                   0
                   0
                 572
                   0
                 181
                   0
                   0
                   0
                   0
                   0
                 660
                 929
                 781
                 660
                 654
                   0
                   0
                   0
                 753
                 247
                 588