          15
           5
           1
           1
           1
           4
           2
           1
           1
           2
           1
           1
           2
           2
           4
 1st Variable Cost Component, Aij
                   0
                   0
                  27
                   0
                   0
                   0
                   0
                   0
                   0
                  19
                   0
                   0
                   0
                   0
                   0
                   0
                   0
                   0
                   4
                   0
                   0
                   0
                   0
                   0
                   0
                   0
                   0
                   0
                   0
                   0
                   0
                   0
                   0
                   0
                  22
                   0
                   0
                   0
                   0
                   0
                   0
                   0
                   0
                   0
                   0
                   0
                   0
                  20
                   0
                  29
                  14
                   0
                   0
                   0
                   0
                   0
                  30
                   0
                  26
                   0
                   0
                   0
                  31
                   7
                   0
                  45
                   0
                   0
                  21
                  21
                   0
                   0
                   6
                   0
                   0
                   0
                  22
                   0
                   0
                  31
                   0
                   0
                   0
                  13
                   0
                   0
                   0
                  10
                   0
                  22
                   0
                   0
                   0
                   0
                   0
                   0
                   0
                   0
                   0
                   0
                  23
                  29
                   7
                   0
                   0
                   0
                   0
                   0
                   0
                   0
                   0
                   0
                   0
                  45
                  32
                   0
                   0
                   0
                   0
                   0
                   0
                   4
                  17
                  36
                   0
                   0
                   0
                  41
                   0
                   0
                   0
                  31
                   0
                  38
                   0
                   0
                   0
                   0
                  32
                   0
                   0
                   0
                   0
                  10
                   0
                  24
                   3
                   0
                   0
                   0
                   0
                   0
                   0
                   0
                   0
                   8
                   0
                   0
                   0
                   0
                   0
                   6
                   0
                   0
                   0
                   0
                   0
                   0
                  27
                   0
                   0
                   0
                   0
                   0
                   0
                   0
                  35
                   0
                   0
                   0
                   0
                  15
                   0
                  16
                   0
                   0
                   0
                  13
                  10
                   0
                   0
                   0
                   0
                   0
                   0
                   0
                  38
                   0
                   0
                   0
                  37
                   0
                  32
                   0
                  36
                   0
                  34
                  29
                   0
                   0
 2nd Variable Cost Component, Bij
                   0
            50000000
                 109
            50000000
            50000000
            50000000
            50000000
            50000000
            50000000
                  76
            50000000
            50000000
            50000000
            50000000
            50000000
                   0
            50000000
            50000000
                  18
            50000000
            50000000
            50000000
            50000000
            50000000
            50000000
            50000000
            50000000
            50000000
            50000000
            50000000
                   0
            50000000
            50000000
            50000000
                  89
            50000000
            50000000
            50000000
            50000000
            50000000
            50000000
            50000000
            50000000
            50000000
            50000000
                   0
            50000000
                  81
            50000000
                 118
                  59
            50000000
            50000000
            50000000
            50000000
            50000000
                 123
            50000000
                 104
            50000000
                   0
            50000000
                 125
                  28
            50000000
                 181
            50000000
            50000000
                  87
                  84
            50000000
            50000000
                  24
            50000000
            50000000
                   0
                  88
            50000000
            50000000
                 127
            50000000
            50000000
            50000000
                  54
            50000000
            50000000
            50000000
                  41
            50000000
                  88
                   0
            50000000
            50000000
            50000000
            50000000
            50000000
            50000000
            50000000
            50000000
            50000000
                  92
                 118
                  28
            50000000
            50000000
                   0
            50000000
            50000000
            50000000
            50000000
            50000000
            50000000
            50000000
                 181
                 129
            50000000
            50000000
            50000000
            50000000
            50000000
                   0
                  18
                  68
                 147
            50000000
            50000000
            50000000
                 164
            50000000
            50000000
            50000000
                 127
            50000000
                 155
            50000000
                   0
            50000000
            50000000
                 129
            50000000
            50000000
            50000000
            50000000
                  41
            50000000
                  99
                  13
            50000000
            50000000
            50000000
                   0
            50000000
            50000000
            50000000
            50000000
                  34
            50000000
            50000000
            50000000
            50000000
            50000000
                  27
            50000000
            50000000
            50000000
                   0
            50000000
            50000000
                 109
            50000000
            50000000
            50000000
            50000000
            50000000
            50000000
            50000000
                 142
            50000000
            50000000
            50000000
                   0
                  62
            50000000
                  67
            50000000
            50000000
            50000000
                  54
                  42
            50000000
            50000000
            50000000
            50000000
            50000000
            50000000
                   0
                 153
            50000000
            50000000
            50000000
                 148
            50000000
                 130
            50000000
                 146
            50000000
                 137
                 118
            50000000
            50000000
 Fixed Cost Component, Cij
                   0
                   0
                 327
                   0
                   0
                   0
                   0
                   0
                   0
                 228
                   0
                   0
                   0
                   0
                   0
                   0
                   0
                   0
                  54
                   0
                   0
                   0
                   0
                   0
                   0
                   0
                   0
                   0
                   0
                   0
                   0
                   0
                   0
                   0
                 267
                   0
                   0
                   0
                   0
                   0
                   0
                   0
                   0
                   0
                   0
                   0
                   0
                 243
                   0
                 354
                 177
                   0
                   0
                   0
                   0
                   0
                 369
                   0
                 312
                   0
                   0
                   0
                 375
                  84
                   0
                 543
                   0
                   0
                 261
                 252
                   0
                   0
                  72
                   0
                   0
                   0
                 264
                   0
                   0
                 381
                   0
                   0
                   0
                 162
                   0
                   0
                   0
                 123
                   0
                 264
                   0
                   0
                   0
                   0
                   0
                   0
                   0
                   0
                   0
                   0
                 276
                 354
                  84
                   0
                   0
                   0
                   0
                   0
                   0
                   0
                   0
                   0
                   0
                 543
                 387
                   0
                   0
                   0
                   0
                   0
                   0
                  54
                 204
                 441
                   0
                   0
                   0
                 492
                   0
                   0
                   0
                 381
                   0
                 465
                   0
                   0
                   0
                   0
                 387
                   0
                   0
                   0
                   0
                 123
                   0
                 297
                  39
                   0
                   0
                   0
                   0
                   0
                   0
                   0
                   0
                 102
                   0
                   0
                   0
                   0
                   0
                  81
                   0
                   0
                   0
                   0
                   0
                   0
                 327
                   0
                   0
                   0
                   0
                   0
                   0
                   0
                 426
                   0
                   0
                   0
                   0
                 186
                   0
                 201
                   0
                   0
                   0
                 162
                 126
                   0
                   0
                   0
                   0
                   0
                   0
                   0
                 459
                   0
                   0
                   0
                 444
                   0
                 390
                   0
                 438
                   0
                 411
                 354
                   0
                   0