          15
           3
           1
           3
           4
           1
           1
           1
           1
           4
           4
           4
           3
           2
           2
 1st Variable Cost Component, Aij
                   0
                   0
                  17
                  17
                   0
                  18
                   0
                   0
                   4
                   0
                   0
                   0
                   7
                   0
                   0
                   0
                   0
                   0
                   0
                   0
                   0
                   0
                   0
                   0
                   0
                   0
                   0
                   0
                   0
                   0
                   0
                   0
                   0
                   0
                   0
                   0
                  15
                  23
                  11
                   0
                   0
                  21
                   0
                  17
                   0
                   0
                   0
                   0
                   0
                   0
                   0
                   0
                   0
                   0
                   0
                   0
                  16
                   0
                   0
                   0
                   0
                  22
                   0
                   0
                   0
                   0
                   0
                   9
                   0
                   0
                   0
                   0
                   0
                  32
                  22
                   0
                   0
                   0
                   0
                   0
                   0
                  14
                   0
                   0
                   0
                   0
                  22
                  24
                   0
                   0
                   0
                   0
                   0
                   0
                   0
                   0
                   0
                   0
                   0
                  16
                   0
                   0
                   0
                   0
                   0
                   0
                   0
                   0
                   0
                   0
                   0
                   0
                   4
                   0
                   0
                  21
                  18
                  15
                  28
                   0
                   0
                  17
                   8
                   0
                   0
                   0
                   0
                   9
                   0
                   0
                   0
                   0
                  17
                   0
                   0
                   0
                  13
                   0
                   0
                   0
                   7
                   0
                   0
                   0
                   0
                  12
                   0
                   0
                   0
                   0
                   0
                   2
                   0
                  11
                   0
                   0
                   0
                   0
                   0
                   0
                  18
                   0
                   0
                   0
                   0
                   0
                   4
                   0
                   0
                   0
                  10
                  20
                   0
                   0
                   0
                   0
                   0
                  15
                   0
                   0
                   0
                  12
                  12
                   0
                   0
                   0
                   0
                   0
                  16
                   0
                   0
                   0
                   0
                   0
                   0
                   0
                   0
                   0
                   0
                   0
                  17
                  39
                  25
                   5
                  29
                   0
                  26
                   0
                  28
                   0
 2nd Variable Cost Component, Bij
                   0
            50000000
                  87
                  84
            50000000
                  89
            50000000
            50000000
                  21
            50000000
            50000000
            50000000
                  37
            50000000
            50000000
                   0
            50000000
            50000000
            50000000
            50000000
            50000000
            50000000
            50000000
            50000000
            50000000
            50000000
            50000000
            50000000
            50000000
            50000000
                   0
            50000000
            50000000
            50000000
            50000000
            50000000
                  76
                 114
                  55
            50000000
            50000000
                 103
            50000000
                  84
            50000000
                   0
            50000000
            50000000
            50000000
            50000000
            50000000
            50000000
            50000000
            50000000
            50000000
            50000000
                  79
            50000000
            50000000
            50000000
                   0
                 111
            50000000
            50000000
            50000000
            50000000
            50000000
                  48
            50000000
            50000000
            50000000
            50000000
            50000000
                 157
                 111
                   0
            50000000
            50000000
            50000000
            50000000
            50000000
                  71
            50000000
            50000000
            50000000
            50000000
                 109
                 119
            50000000
            50000000
                   0
            50000000
            50000000
            50000000
            50000000
            50000000
            50000000
            50000000
            50000000
                  80
            50000000
            50000000
            50000000
            50000000
            50000000
                   0
            50000000
            50000000
            50000000
            50000000
            50000000
            50000000
                  21
            50000000
            50000000
                 104
                  92
                  74
                 137
            50000000
                   0
                  86
                  39
            50000000
            50000000
            50000000
            50000000
                  47
            50000000
            50000000
            50000000
            50000000
                  86
            50000000
            50000000
                   0
                  65
            50000000
            50000000
            50000000
                  38
            50000000
            50000000
            50000000
            50000000
                  63
            50000000
            50000000
            50000000
            50000000
                   0
                  11
            50000000
                  55
            50000000
            50000000
            50000000
            50000000
            50000000
            50000000
                  90
            50000000
            50000000
            50000000
            50000000
                   0
                  20
            50000000
            50000000
            50000000
                  52
                 101
            50000000
            50000000
            50000000
            50000000
            50000000
                  73
            50000000
            50000000
                   0
                  63
                  63
            50000000
            50000000
            50000000
            50000000
            50000000
                  81
            50000000
            50000000
            50000000
            50000000
            50000000
            50000000
                   0
            50000000
            50000000
            50000000
            50000000
                  87
                 190
                 124
                  27
                 144
            50000000
                 129
            50000000
                 136
            50000000
 Fixed Cost Component, Cij
                   0
                   0
                2610
                2520
                   0
                2670
                   0
                   0
                 630
                   0
                   0
                   0
                1110
                   0
                   0
                   0
                   0
                   0
                   0
                   0
                   0
                   0
                   0
                   0
                   0
                   0
                   0
                   0
                   0
                   0
                   0
                   0
                   0
                   0
                   0
                   0
                2280
                3420
                1650
                   0
                   0
                3090
                   0
                2520
                   0
                   0
                   0
                   0
                   0
                   0
                   0
                   0
                   0
                   0
                   0
                   0
                2370
                   0
                   0
                   0
                   0
                3330
                   0
                   0
                   0
                   0
                   0
                1440
                   0
                   0
                   0
                   0
                   0
                4710
                3330
                   0
                   0
                   0
                   0
                   0
                   0
                2130
                   0
                   0
                   0
                   0
                3270
                3570
                   0
                   0
                   0
                   0
                   0
                   0
                   0
                   0
                   0
                   0
                   0
                2400
                   0
                   0
                   0
                   0
                   0
                   0
                   0
                   0
                   0
                   0
                   0
                   0
                 630
                   0
                   0
                3120
                2760
                2220
                4110
                   0
                   0
                2580
                1170
                   0
                   0
                   0
                   0
                1410
                   0
                   0
                   0
                   0
                2580
                   0
                   0
                   0
                1950
                   0
                   0
                   0
                1140
                   0
                   0
                   0
                   0
                1890
                   0
                   0
                   0
                   0
                   0
                 330
                   0
                1650
                   0
                   0
                   0
                   0
                   0
                   0
                2700
                   0
                   0
                   0
                   0
                   0
                 600
                   0
                   0
                   0
                1560
                3030
                   0
                   0
                   0
                   0
                   0
                2190
                   0
                   0
                   0
                1890
                1890
                   0
                   0
                   0
                   0
                   0
                2430
                   0
                   0
                   0
                   0
                   0
                   0
                   0
                   0
                   0
                   0
                   0
                2610
                5700
                3720
                 810
                4320
                   0
                3870
                   0
                4080
                   0