          15
           1
           1
           1
           8
           9
           4
           7
           3
           1
           6
           8
           1
           3
           9
 1st Variable Cost Component, Aij
                   0
                   0
                   0
                   0
                   0
                   0
                   0
                   8
                   0
                   9
                   0
                   0
                   4
                   0
                   0
                   0
                   4
                   0
                   0
                   0
                   0
                   9
                   0
                   0
                   0
                   0
                   9
                   9
                   6
                   0
                   0
                   0
                   0
                   0
                   6
                   0
                   0
                   0
                   0
                   0
                   6
                   9
                   8
                   0
                   0
                   0
                   0
                   0
                   0
                   0
                   0
                  10
                   0
                   3
                   0
                   0
                   0
                   0
                   0
                   0
                   0
                   0
                   0
                   0
                   0
                   7
                   8
                   0
                   0
                   0
                   0
                   0
                   0
                   0
                   0
                   0
                   0
                   0
                   0
                   0
                   0
                   0
                   0
                   0
                   0
                   0
                   0
                   8
                   9
                   0
                   0
                   0
                   0
                   0
                   0
                   0
                   0
                   0
                   0
                   0
                   0
                   0
                   8
                   0
                   0
                   0
                   0
                   0
                   0
                   0
                  12
                   7
                   0
                   0
                   0
                   0
                   3
                   0
                   6
                   0
                   0
                   0
                   0
                   0
                   0
                   3
                   0
                   0
                   0
                  10
                   0
                  14
                   0
                   0
                   0
                   0
                   0
                   0
                   0
                   0
                   6
                   0
                   0
                   0
                   0
                   0
                   0
                   0
                   0
                  15
                   0
                   0
                   0
                   0
                   9
                   0
                   0
                   0
                   0
                   0
                   0
                   0
                   8
                   8
                  16
                   0
                  14
                   0
                   0
                   0
                   0
                   0
                   0
                   0
                   0
                   0
                   0
                  11
                   0
                   0
                   0
                   0
                   0
                   9
                   9
                   8
                   1
                   0
                   0
                   0
                   3
                   5
                   0
                   8
                   6
                   0
                  11
                   0
                  17
                   0
                   0
                   0
                   0
                  13
                   0
                   3
                   0
                   0
                  12
                   8
 2nd Variable Cost Component, Bij
                   0
            50000000
            50000000
            50000000
            50000000
            50000000
            50000000
                  74
            50000000
                  81
            50000000
            50000000
                  43
            50000000
            50000000
                   0
                  39
            50000000
            50000000
            50000000
            50000000
                  84
            50000000
            50000000
            50000000
            50000000
                  83
                  80
                  56
            50000000
                   0
            50000000
            50000000
            50000000
                  61
            50000000
            50000000
            50000000
            50000000
            50000000
                  61
                  85
                  78
            50000000
            50000000
                   0
            50000000
            50000000
            50000000
            50000000
            50000000
                  93
            50000000
                  29
            50000000
            50000000
            50000000
            50000000
            50000000
            50000000
                   0
            50000000
            50000000
            50000000
            50000000
                  65
                  73
            50000000
            50000000
            50000000
            50000000
            50000000
            50000000
            50000000
            50000000
                   0
            50000000
            50000000
            50000000
            50000000
            50000000
            50000000
            50000000
            50000000
            50000000
            50000000
            50000000
                  71
                  85
            50000000
                   0
            50000000
            50000000
            50000000
            50000000
            50000000
            50000000
            50000000
            50000000
            50000000
            50000000
            50000000
                  76
            50000000
            50000000
                   0
            50000000
            50000000
            50000000
            50000000
                 115
                  63
            50000000
            50000000
            50000000
            50000000
                  33
            50000000
                  54
            50000000
                   0
            50000000
            50000000
            50000000
            50000000
                  33
            50000000
            50000000
            50000000
                  93
            50000000
                 128
            50000000
            50000000
            50000000
                   0
            50000000
            50000000
            50000000
            50000000
                  60
            50000000
            50000000
            50000000
            50000000
            50000000
            50000000
            50000000
            50000000
                 137
                   0
            50000000
            50000000
            50000000
                  88
            50000000
            50000000
            50000000
            50000000
            50000000
            50000000
            50000000
                  72
                  75
                 146
                   0
                 128
            50000000
            50000000
            50000000
            50000000
            50000000
            50000000
            50000000
            50000000
            50000000
            50000000
                  98
            50000000
            50000000
                   0
            50000000
            50000000
                  80
                  85
                  71
                  16
            50000000
            50000000
            50000000
                  33
                  52
            50000000
                  71
                  58
                   0
                 104
            50000000
                 157
            50000000
            50000000
            50000000
            50000000
                 117
            50000000
                  34
            50000000
            50000000
                 109
                  78
 Fixed Cost Component, Cij
                   0
                   0
                   0
                   0
                   0
                   0
                   0
                  40
                   0
                  44
                   0
                   0
                  23
                   0
                   0
                   0
                  21
                   0
                   0
                   0
                   0
                  46
                   0
                   0
                   0
                   0
                  45
                  44
                  30
                   0
                   0
                   0
                   0
                   0
                  33
                   0
                   0
                   0
                   0
                   0
                  33
                  46
                  42
                   0
                   0
                   0
                   0
                   0
                   0
                   0
                   0
                  51
                   0
                  15
                   0
                   0
                   0
                   0
                   0
                   0
                   0
                   0
                   0
                   0
                   0
                  35
                  40
                   0
                   0
                   0
                   0
                   0
                   0
                   0
                   0
                   0
                   0
                   0
                   0
                   0
                   0
                   0
                   0
                   0
                   0
                   0
                   0
                  39
                  46
                   0
                   0
                   0
                   0
                   0
                   0
                   0
                   0
                   0
                   0
                   0
                   0
                   0
                  41
                   0
                   0
                   0
                   0
                   0
                   0
                   0
                  63
                  34
                   0
                   0
                   0
                   0
                  18
                   0
                  29
                   0
                   0
                   0
                   0
                   0
                   0
                  18
                   0
                   0
                   0
                  51
                   0
                  70
                   0
                   0
                   0
                   0
                   0
                   0
                   0
                   0
                  33
                   0
                   0
                   0
                   0
                   0
                   0
                   0
                   0
                  75
                   0
                   0
                   0
                   0
                  48
                   0
                   0
                   0
                   0
                   0
                   0
                   0
                  39
                  41
                  80
                   0
                  70
                   0
                   0
                   0
                   0
                   0
                   0
                   0
                   0
                   0
                   0
                  53
                   0
                   0
                   0
                   0
                   0
                  44
                  46
                  39
                   8
                   0
                   0
                   0
                  18
                  28
                   0
                  39
                  31
                   0
                  57
                   0
                  86
                   0
                   0
                   0
                   0
                  64
                   0
                  18
                   0
                   0
                  59
                  42