          15
           1
           1
           1
           8
           7
           3
           3
           8
           6
           6
           5
           5
           3
           6
 1st Variable Cost Component, Aij
                   0
                   0
                   0
                   0
                   0
                   6
                   0
                   3
                   0
                   0
                   0
                   0
                   0
                   0
                   0
                   0
                   0
                   0
                   0
                   0
                   0
                   0
                   0
                   0
                   0
                   0
                   0
                   6
                   0
                   0
                   0
                   0
                   0
                   0
                   0
                   0
                   0
                   0
                  12
                   9
                   2
                   3
                   0
                   0
                   0
                   0
                  13
                   0
                   0
                   0
                   0
                   0
                   0
                   2
                   0
                   0
                   0
                   4
                   0
                   0
                   0
                   0
                   0
                   0
                   0
                   0
                   0
                   0
                   0
                   0
                   0
                   0
                   0
                   0
                   0
                   0
                   0
                   0
                   0
                   0
                   0
                   0
                   0
                   0
                   7
                   0
                   0
                   0
                  11
                   0
                   0
                   0
                   0
                   0
                   0
                   0
                   0
                   0
                   0
                   7
                   0
                  11
                   0
                   0
                   0
                   0
                   1
                  11
                  12
                   0
                   8
                   0
                   0
                   0
                   0
                  11
                   8
                   0
                   0
                   1
                   0
                   0
                   0
                   0
                   0
                  11
                   0
                   0
                   0
                   0
                   3
                   0
                   9
                   0
                   0
                   0
                   0
                   0
                   0
                   0
                   0
                   0
                   0
                   0
                   0
                   0
                   0
                  12
                   0
                  11
                   0
                   0
                   0
                   0
                   0
                   0
                   9
                   0
                   0
                   0
                   0
                   0
                   0
                   0
                   0
                   0
                   0
                   0
                   0
                   0
                   0
                   0
                   0
                   0
                   0
                   0
                   7
                   0
                   0
                   0
                   0
                   0
                   0
                   6
                   0
                  11
                   0
                   0
                   0
                   0
                   0
                   0
                   0
                   9
                   0
                   0
                   0
                   0
                  14
                   0
                   0
                   0
                  16
                   6
                   0
                  15
                  19
                   0
                   0
                   0
 2nd Variable Cost Component, Bij
                   0
            50000000
            50000000
            50000000
            50000000
                  58
            50000000
                  30
            50000000
            50000000
            50000000
            50000000
            50000000
            50000000
            50000000
                   0
            50000000
            50000000
            50000000
            50000000
            50000000
            50000000
            50000000
            50000000
            50000000
            50000000
            50000000
                  55
            50000000
            50000000
                   0
            50000000
            50000000
            50000000
            50000000
            50000000
            50000000
            50000000
                 110
                  88
                  24
                  27
            50000000
            50000000
            50000000
                   0
                 118
            50000000
            50000000
            50000000
            50000000
            50000000
                   7
                  21
            50000000
            50000000
            50000000
                  43
            50000000
            50000000
                   0
            50000000
            50000000
            50000000
            50000000
            50000000
            50000000
            50000000
            50000000
            50000000
            50000000
            50000000
            50000000
            50000000
            50000000
                   0
            50000000
            50000000
            50000000
            50000000
            50000000
            50000000
            50000000
            50000000
                  67
            50000000
            50000000
            50000000
                 100
            50000000
                   0
            50000000
            50000000
            50000000
            50000000
            50000000
            50000000
            50000000
            50000000
                  64
            50000000
                 107
            50000000
            50000000
            50000000
                   0
                  12
                 102
                 114
            50000000
                  77
            50000000
            50000000
            50000000
            50000000
                 105
                  77
            50000000
            50000000
                  12
                   0
            50000000
            50000000
            50000000
            50000000
                 106
            50000000
            50000000
            50000000
            50000000
                  32
            50000000
                  81
            50000000
            50000000
                   0
            50000000
            50000000
            50000000
            50000000
            50000000
            50000000
            50000000
            50000000
            50000000
            50000000
            50000000
                 114
            50000000
                 101
                   0
            50000000
            50000000
            50000000
            50000000
            50000000
                  88
            50000000
            50000000
            50000000
            50000000
            50000000
            50000000
            50000000
            50000000
                   0
            50000000
            50000000
            50000000
            50000000
            50000000
            50000000
            50000000
            50000000
            50000000
            50000000
                  65
            50000000
            50000000
            50000000
                   0
            50000000
            50000000
                  55
            50000000
                 102
            50000000
            50000000
            50000000
            50000000
            50000000
            50000000
            50000000
                  87
            50000000
                   0
            50000000
            50000000
                 131
            50000000
            50000000
            50000000
                 152
                  58
            50000000
                 141
                 172
            50000000
            50000000
            50000000
 Fixed Cost Component, Cij
                   0
                   0
                   0
                   0
                   0
                3190
                   0
                1650
                   0
                   0
                   0
                   0
                   0
                   0
                   0
                   0
                   0
                   0
                   0
                   0
                   0
                   0
                   0
                   0
                   0
                   0
                   0
                3025
                   0
                   0
                   0
                   0
                   0
                   0
                   0
                   0
                   0
                   0
                6050
                4840
                1320
                1485
                   0
                   0
                   0
                   0
                6490
                   0
                   0
                   0
                   0
                   0
                 385
                1155
                   0
                   0
                   0
                2365
                   0
                   0
                   0
                   0
                   0
                   0
                   0
                   0
                   0
                   0
                   0
                   0
                   0
                   0
                   0
                   0
                   0
                   0
                   0
                   0
                   0
                   0
                   0
                   0
                   0
                   0
                3685
                   0
                   0
                   0
                5500
                   0
                   0
                   0
                   0
                   0
                   0
                   0
                   0
                   0
                   0
                3520
                   0
                5885
                   0
                   0
                   0
                   0
                 660
                5610
                6270
                   0
                4235
                   0
                   0
                   0
                   0
                5775
                4235
                   0
                   0
                 660
                   0
                   0
                   0
                   0
                   0
                5830
                   0
                   0
                   0
                   0
                1760
                   0
                4455
                   0
                   0
                   0
                   0
                   0
                   0
                   0
                   0
                   0
                   0
                   0
                   0
                   0
                   0
                6270
                   0
                5555
                   0
                   0
                   0
                   0
                   0
                   0
                4840
                   0
                   0
                   0
                   0
                   0
                   0
                   0
                   0
                   0
                   0
                   0
                   0
                   0
                   0
                   0
                   0
                   0
                   0
                   0
                3575
                   0
                   0
                   0
                   0
                   0
                   0
                3025
                   0
                5610
                   0
                   0
                   0
                   0
                   0
                   0
                   0
                4785
                   0
                   0
                   0
                   0
                7205
                   0
                   0
                   0
                8360
                3190
                   0
                7755
                9460
                   0
                   0
                   0