          15
           4
           2
           2
           5
           3
           5
           1
           1
           2
           1
           5
           2
           2
           5
 1st Variable Cost Component, Aij
                   0
                   0
                  13
                   0
                   0
                  19
                  12
                   9
                   0
                   0
                   0
                   0
                  18
                   0
                   0
                   0
                   4
                   0
                   9
                   0
                   0
                   4
                   0
                   9
                   0
                   0
                   0
                   0
                  13
                   0
                   0
                   0
                   0
                  28
                   0
                   0
                   0
                   0
                   0
                   0
                   0
                   0
                  23
                   0
                   0
                   0
                   0
                  19
                  15
                  19
                   0
                   0
                   0
                   0
                   0
                   0
                  20
                   0
                  11
                   0
                   0
                  25
                  18
                   0
                   0
                   0
                   0
                  24
                   0
                   8
                   0
                   0
                   0
                   0
                   0
                   0
                   8
                  25
                   0
                   0
                  11
                   0
                   0
                   0
                   0
                   0
                   0
                   0
                   0
                   0
                   0
                  16
                   0
                   0
                   0
                   0
                   0
                  12
                   0
                   0
                   0
                   0
                   0
                   0
                  16
                   0
                   0
                   0
                  13
                   0
                   0
                  17
                   0
                   0
                   0
                   0
                   0
                   0
                   0
                   0
                   0
                   0
                   0
                   0
                   0
                   0
                   1
                   9
                   0
                   0
                  19
                   0
                  13
                   0
                   0
                   0
                   0
                   0
                  18
                   0
                   0
                   0
                   0
                   0
                  16
                   0
                   3
                   0
                   0
                  10
                   0
                   0
                  12
                   0
                   0
                   0
                   0
                   0
                   0
                   0
                   0
                   0
                   4
                   0
                   0
                   0
                   0
                  21
                  18
                   0
                   0
                   0
                   0
                   0
                   0
                   0
                   0
                   0
                   0
                  22
                   0
                   0
                   0
                  13
                   0
                   0
                   0
                   0
                   0
                   0
                   0
                   0
                  11
                  21
                   0
                   0
                  23
                   0
                  30
                  19
                   0
                   0
                  11
                   0
                   0
                   0
                   0
                   0
                  21
                  18
 2nd Variable Cost Component, Bij
                   0
            50000000
                  79
            50000000
            50000000
                 113
                  74
                  53
            50000000
            50000000
            50000000
            50000000
                 108
            50000000
            50000000
                   0
                  28
            50000000
                  56
            50000000
            50000000
                  24
            50000000
                  56
            50000000
            50000000
            50000000
            50000000
                  79
            50000000
                   0
            50000000
            50000000
                 160
            50000000
            50000000
            50000000
            50000000
            50000000
            50000000
            50000000
            50000000
                 132
            50000000
            50000000
                   0
            50000000
                 114
                  88
                 114
            50000000
            50000000
            50000000
            50000000
            50000000
            50000000
                 116
            50000000
                  66
            50000000
                   0
                 144
                 104
            50000000
            50000000
            50000000
            50000000
                 141
            50000000
                  50
            50000000
            50000000
            50000000
            50000000
            50000000
                   0
                  47
                 143
            50000000
            50000000
                  65
            50000000
            50000000
            50000000
            50000000
            50000000
            50000000
            50000000
            50000000
            50000000
                   0
                  96
            50000000
            50000000
            50000000
            50000000
            50000000
                  70
            50000000
            50000000
            50000000
            50000000
            50000000
            50000000
                  96
                   0
            50000000
            50000000
                  78
            50000000
            50000000
                  98
            50000000
            50000000
            50000000
            50000000
            50000000
            50000000
            50000000
            50000000
                   0
            50000000
            50000000
            50000000
            50000000
            50000000
                   9
                  56
            50000000
            50000000
                 109
            50000000
                  77
            50000000
            50000000
                   0
            50000000
            50000000
                 104
            50000000
            50000000
            50000000
            50000000
            50000000
                  93
            50000000
                  18
            50000000
            50000000
                  61
                   0
            50000000
                  72
            50000000
            50000000
            50000000
            50000000
            50000000
            50000000
            50000000
            50000000
            50000000
                  24
            50000000
            50000000
                   0
            50000000
                 125
                 108
            50000000
            50000000
            50000000
            50000000
            50000000
            50000000
            50000000
            50000000
            50000000
            50000000
                 126
                   0
            50000000
            50000000
                  75
            50000000
            50000000
            50000000
            50000000
            50000000
            50000000
            50000000
            50000000
                  67
                 125
            50000000
                   0
                 133
            50000000
                 174
                 114
            50000000
            50000000
                  63
            50000000
            50000000
            50000000
            50000000
            50000000
                 121
                 104
 Fixed Cost Component, Cij
                   0
                   0
               23700
                   0
                   0
               33900
               22200
               15900
                   0
                   0
                   0
                   0
               32400
                   0
                   0
                   0
                8400
                   0
               16800
                   0
                   0
                7200
                   0
               16800
                   0
                   0
                   0
                   0
               23700
                   0
                   0
                   0
                   0
               48000
                   0
                   0
                   0
                   0
                   0
                   0
                   0
                   0
               39600
                   0
                   0
                   0
                   0
               34200
               26400
               34200
                   0
                   0
                   0
                   0
                   0
                   0
               34800
                   0
               19800
                   0
                   0
               43200
               31200
                   0
                   0
                   0
                   0
               42300
                   0
               15000
                   0
                   0
                   0
                   0
                   0
                   0
               14100
               42900
                   0
                   0
               19500
                   0
                   0
                   0
                   0
                   0
                   0
                   0
                   0
                   0
                   0
               28800
                   0
                   0
                   0
                   0
                   0
               21000
                   0
                   0
                   0
                   0
                   0
                   0
               28800
                   0
                   0
                   0
               23400
                   0
                   0
               29400
                   0
                   0
                   0
                   0
                   0
                   0
                   0
                   0
                   0
                   0
                   0
                   0
                   0
                   0
                2700
               16800
                   0
                   0
               32700
                   0
               23100
                   0
                   0
                   0
                   0
                   0
               31200
                   0
                   0
                   0
                   0
                   0
               27900
                   0
                5400
                   0
                   0
               18300
                   0
                   0
               21600
                   0
                   0
                   0
                   0
                   0
                   0
                   0
                   0
                   0
                7200
                   0
                   0
                   0
                   0
               37500
               32400
                   0
                   0
                   0
                   0
                   0
                   0
                   0
                   0
                   0
                   0
               37800
                   0
                   0
                   0
               22500
                   0
                   0
                   0
                   0
                   0
                   0
                   0
                   0
               20100
               37500
                   0
                   0
               39900
                   0
               52200
               34200
                   0
                   0
               18900
                   0
                   0
                   0
                   0
                   0
               36300
               31200