          15
           1
           1
           3
           2
           2
           1
           2
           1
           4
           5
           5
           4
           4
           4
 1st Variable Cost Component, Aij
                   0
                   0
                   0
                  13
                   0
                   0
                   0
                   0
                  17
                   0
                   0
                   0
                   0
                  10
                   0
                   0
                   0
                   0
                   0
                   0
                   0
                   0
                   0
                   0
                   0
                   0
                   0
                  16
                   0
                   0
                   0
                   0
                   0
                   7
                   0
                   0
                   5
                   0
                   0
                   0
                   0
                   0
                   0
                   0
                   0
                   0
                   9
                   5
                   0
                   0
                   4
                   0
                   0
                   0
                  17
                   0
                   0
                   0
                   0
                   0
                   0
                   0
                   0
                   0
                   0
                   0
                   0
                   0
                   0
                   0
                   0
                   0
                   7
                   0
                   0
                   0
                   6
                  12
                   0
                   4
                   8
                   0
                  14
                  17
                   0
                  15
                   1
                   0
                   0
                   6
                   0
                   0
                   4
                   0
                   0
                   0
                   0
                   0
                  20
                   0
                   0
                   0
                   0
                   0
                   0
                   0
                   0
                   0
                   0
                   0
                   0
                   0
                   0
                   0
                   5
                   0
                   0
                   0
                   0
                   0
                   0
                  11
                   1
                  22
                   0
                   0
                   0
                   0
                   0
                   0
                   0
                   0
                   6
                   0
                   0
                   0
                   9
                   0
                   0
                   0
                  16
                   0
                   3
                   0
                   0
                   8
                   0
                   0
                   0
                   0
                   0
                   0
                   0
                   0
                   0
                   0
                   0
                   0
                   0
                   0
                   0
                   0
                   0
                   0
                   0
                   0
                   0
                   0
                  24
                   0
                  13
                   0
                   0
                  14
                   0
                   0
                  18
                   0
                  17
                   0
                   0
                   0
                   0
                   0
                   0
                   0
                   0
                   0
                   0
                   0
                   0
                   0
                   0
                   0
                   0
                   0
                   0
                  18
                  24
                  19
                   0
                  19
                  22
                   0
                  21
                   0
                   0
                  31
                   0
                   0
 2nd Variable Cost Component, Bij
                   0
            50000000
            50000000
                  75
            50000000
            50000000
            50000000
            50000000
                  97
            50000000
            50000000
            50000000
            50000000
                  61
            50000000
                   0
            50000000
            50000000
            50000000
            50000000
            50000000
            50000000
            50000000
            50000000
            50000000
            50000000
            50000000
                  93
            50000000
            50000000
                   0
            50000000
            50000000
                  43
            50000000
            50000000
                  29
            50000000
            50000000
            50000000
            50000000
            50000000
            50000000
            50000000
            50000000
                   0
                  55
                  31
            50000000
            50000000
                  25
            50000000
            50000000
            50000000
                  95
            50000000
            50000000
            50000000
            50000000
            50000000
                   0
            50000000
            50000000
            50000000
            50000000
            50000000
            50000000
            50000000
            50000000
            50000000
            50000000
            50000000
                  43
            50000000
            50000000
                   0
                  34
                  71
            50000000
                  23
                  46
            50000000
                  82
                 100
            50000000
                  87
                  11
            50000000
            50000000
                  34
                   0
            50000000
                  27
            50000000
            50000000
            50000000
            50000000
            50000000
                 116
            50000000
            50000000
            50000000
            50000000
            50000000
            50000000
                   0
            50000000
            50000000
            50000000
            50000000
            50000000
            50000000
            50000000
            50000000
                  29
            50000000
            50000000
            50000000
            50000000
            50000000
                   0
                  64
                   9
                 126
            50000000
            50000000
            50000000
            50000000
            50000000
            50000000
            50000000
            50000000
                  38
            50000000
            50000000
                   0
                  55
            50000000
            50000000
            50000000
                  91
            50000000
                  22
            50000000
            50000000
                  46
            50000000
            50000000
            50000000
            50000000
                   0
            50000000
            50000000
            50000000
            50000000
            50000000
            50000000
            50000000
            50000000
            50000000
            50000000
            50000000
            50000000
            50000000
            50000000
                   0
            50000000
            50000000
                 135
            50000000
                  75
            50000000
            50000000
                  82
            50000000
            50000000
                 104
            50000000
                  97
            50000000
                   0
            50000000
            50000000
            50000000
            50000000
            50000000
            50000000
            50000000
            50000000
            50000000
            50000000
            50000000
            50000000
            50000000
            50000000
                   0
            50000000
                 102
                 134
                 106
            50000000
                 111
                 124
            50000000
                 117
            50000000
            50000000
                 173
            50000000
            50000000
 Fixed Cost Component, Cij
                   0
                   0
                   0
                 750
                   0
                   0
                   0
                   0
                 970
                   0
                   0
                   0
                   0
                 610
                   0
                   0
                   0
                   0
                   0
                   0
                   0
                   0
                   0
                   0
                   0
                   0
                   0
                 930
                   0
                   0
                   0
                   0
                   0
                 430
                   0
                   0
                 290
                   0
                   0
                   0
                   0
                   0
                   0
                   0
                   0
                   0
                 550
                 310
                   0
                   0
                 250
                   0
                   0
                   0
                 950
                   0
                   0
                   0
                   0
                   0
                   0
                   0
                   0
                   0
                   0
                   0
                   0
                   0
                   0
                   0
                   0
                   0
                 430
                   0
                   0
                   0
                 340
                 710
                   0
                 230
                 460
                   0
                 820
                1000
                   0
                 870
                 110
                   0
                   0
                 340
                   0
                   0
                 270
                   0
                   0
                   0
                   0
                   0
                1160
                   0
                   0
                   0
                   0
                   0
                   0
                   0
                   0
                   0
                   0
                   0
                   0
                   0
                   0
                   0
                 290
                   0
                   0
                   0
                   0
                   0
                   0
                 640
                  90
                1260
                   0
                   0
                   0
                   0
                   0
                   0
                   0
                   0
                 380
                   0
                   0
                   0
                 550
                   0
                   0
                   0
                 910
                   0
                 220
                   0
                   0
                 460
                   0
                   0
                   0
                   0
                   0
                   0
                   0
                   0
                   0
                   0
                   0
                   0
                   0
                   0
                   0
                   0
                   0
                   0
                   0
                   0
                   0
                   0
                1350
                   0
                 750
                   0
                   0
                 820
                   0
                   0
                1040
                   0
                 970
                   0
                   0
                   0
                   0
                   0
                   0
                   0
                   0
                   0
                   0
                   0
                   0
                   0
                   0
                   0
                   0
                   0
                   0
                1020
                1340
                1060
                   0
                1110
                1240
                   0
                1170
                   0
                   0
                1730
                   0
                   0