          15
           9
           4
           7
           7
          10
           7
           9
           6
           3
           1
           1
           5
           7
           2
 1st Variable Cost Component, Aij
                   0
                   0
                   0
                   0
                   0
                   0
                   0
                   0
                   0
                   0
                   0
                   0
                   0
                   0
                   0
                   0
                   0
                   0
                   7
                   5
                   0
                   3
                   2
                   5
                   0
                   4
                   3
                   0
                   0
                   3
                   0
                   0
                   3
                   0
                   7
                   0
                   6
                   8
                   0
                   0
                   0
                   2
                   0
                   7
                   0
                   0
                   0
                   0
                   0
                   4
                   9
                   0
                   0
                   0
                   0
                   0
                   7
                   0
                   0
                   0
                   0
                   0
                   0
                   0
                   9
                   0
                   7
                   7
                   0
                   0
                   0
                   0
                   0
                   0
                   0
                   0
                   0
                   0
                   0
                   0
                   0
                   0
                   0
                   0
                   0
                   0
                   7
                   0
                   0
                   0
                   0
                   0
                   0
                   0
                   0
                   0
                   3
                   0
                   0
                   0
                   0
                   0
                   0
                   0
                   0
                   0
                   0
                   0
                   0
                   0
                   0
                   4
                   0
                   0
                   0
                   0
                   0
                   0
                   0
                   0
                   0
                   0
                   0
                   6
                   0
                   0
                   0
                   0
                   0
                   0
                   0
                   0
                   0
                   8
                   4
                   0
                   0
                   5
                   0
                   0
                   3
                   8
                   0
                   0
                   7
                   0
                   0
                   0
                  10
                   0
                   0
                   0
                   0
                   6
                   0
                   0
                   4
                   0
                   0
                   0
                   0
                   0
                   0
                   0
                   0
                   0
                   0
                   0
                   0
                   0
                   3
                   0
                   4
                   0
                   0
                   0
                   0
                   0
                   0
                   6
                   0
                   0
                   0
                   0
                   2
                   0
                   0
                   0
                   0
                   0
                   0
                   0
                   6
                   0
                   0
                   0
                   0
                   0
                   0
                   0
                  10
                   0
                   0
                   0
                  12
                  11
                   0
                   6
                   0
                   8
 2nd Variable Cost Component, Bij
                   0
            50000000
            50000000
            50000000
            50000000
            50000000
            50000000
            50000000
            50000000
            50000000
            50000000
            50000000
            50000000
            50000000
            50000000
                   0
            50000000
            50000000
                  80
                  62
            50000000
                  41
                  27
                  56
            50000000
                  52
                  37
            50000000
            50000000
                  43
                   0
            50000000
                  44
            50000000
                  80
            50000000
                  69
                  90
            50000000
            50000000
            50000000
                  27
            50000000
                  82
            50000000
                   0
            50000000
            50000000
            50000000
                  48
                 104
            50000000
            50000000
            50000000
            50000000
            50000000
                  78
            50000000
            50000000
                  10
                   0
            50000000
            50000000
            50000000
                 103
            50000000
                  86
                  86
            50000000
            50000000
            50000000
            50000000
            50000000
            50000000
            50000000
                   0
            50000000
            50000000
            50000000
            50000000
            50000000
            50000000
            50000000
            50000000
            50000000
            50000000
                  80
            50000000
            50000000
            50000000
                   0
            50000000
            50000000
            50000000
            50000000
            50000000
                  44
            50000000
            50000000
            50000000
            50000000
            50000000
            50000000
            50000000
            50000000
                   0
            50000000
            50000000
            50000000
            50000000
                   4
                  48
            50000000
            50000000
            50000000
            50000000
            50000000
            50000000
            50000000
            50000000
                   0
            50000000
            50000000
                  74
            50000000
            50000000
            50000000
            50000000
            50000000
            50000000
            50000000
            50000000
            50000000
                  97
                  50
                   0
            50000000
                  66
            50000000
            50000000
                  38
                  95
            50000000
            50000000
                  86
            50000000
            50000000
            50000000
                 121
            50000000
                   0
            50000000
            50000000
                  68
            50000000
            50000000
                  45
            50000000
            50000000
            50000000
            50000000
            50000000
            50000000
            50000000
            50000000
                   0
            50000000
            50000000
            50000000
            50000000
                  37
            50000000
                  53
            50000000
            50000000
            50000000
            50000000
            50000000
            50000000
                  73
                   0
            50000000
            50000000
            50000000
                  27
            50000000
            50000000
            50000000
            50000000
            50000000
            50000000
            50000000
                  68
            50000000
            50000000
                   0
            50000000
            50000000
            50000000
            50000000
                 118
            50000000
            50000000
            50000000
                 143
                 127
            50000000
                  69
            50000000
                 100
 Fixed Cost Component, Cij
                   0
                   0
                   0
                   0
                   0
                   0
                   0
                   0
                   0
                   0
                   0
                   0
                   0
                   0
                   0
                   0
                   0
                   0
                4400
                3410
                   0
                2255
                1485
                3080
                   0
                2860
                2035
                   0
                   0
                2365
                   0
                   0
                2420
                   0
                4400
                   0
                3795
                4950
                   0
                   0
                   0
                1485
                   0
                4510
                   0
                   0
                   0
                   0
                   0
                2640
                5720
                   0
                   0
                   0
                   0
                   0
                4290
                   0
                   0
                 550
                   0
                   0
                   0
                   0
                5665
                   0
                4730
                4730
                   0
                   0
                   0
                   0
                   0
                   0
                   0
                   0
                   0
                   0
                   0
                   0
                   0
                   0
                   0
                   0
                   0
                   0
                4400
                   0
                   0
                   0
                   0
                   0
                   0
                   0
                   0
                   0
                2420
                   0
                   0
                   0
                   0
                   0
                   0
                   0
                   0
                   0
                   0
                   0
                   0
                   0
                 220
                2640
                   0
                   0
                   0
                   0
                   0
                   0
                   0
                   0
                   0
                   0
                   0
                4070
                   0
                   0
                   0
                   0
                   0
                   0
                   0
                   0
                   0
                5335
                2750
                   0
                   0
                3630
                   0
                   0
                2090
                5225
                   0
                   0
                4730
                   0
                   0
                   0
                6655
                   0
                   0
                   0
                   0
                3740
                   0
                   0
                2475
                   0
                   0
                   0
                   0
                   0
                   0
                   0
                   0
                   0
                   0
                   0
                   0
                   0
                2035
                   0
                2915
                   0
                   0
                   0
                   0
                   0
                   0
                4015
                   0
                   0
                   0
                   0
                1485
                   0
                   0
                   0
                   0
                   0
                   0
                   0
                3740
                   0
                   0
                   0
                   0
                   0
                   0
                   0
                6490
                   0
                   0
                   0
                7865
                6985
                   0
                3795
                   0
                5500