          15
           4
           2
           4
           3
           4
           3
           3
           4
           3
           5
           3
           1
           2
           2
 1st Variable Cost Component, Aij
                   0
                   0
                   0
                   0
                   0
                   0
                  17
                   0
                   0
                   0
                   0
                   0
                   0
                   0
                   3
                   0
                   0
                   0
                   0
                   0
                  21
                   0
                   0
                   0
                   1
                   0
                  21
                  22
                   0
                   0
                   0
                  21
                   0
                   0
                   6
                   0
                   0
                  10
                   0
                   0
                   0
                   0
                   0
                   0
                  21
                   0
                   0
                   0
                   0
                   0
                   0
                   0
                   0
                  20
                   0
                   0
                   0
                  19
                   0
                  18
                   0
                   0
                   3
                   0
                  14
                   4
                   0
                   0
                  20
                   9
                  20
                  24
                   0
                   0
                   5
                   0
                   0
                   0
                   0
                   0
                  22
                   0
                  24
                   0
                   0
                   0
                   6
                   0
                   0
                   3
                   0
                   0
                   0
                   0
                   0
                   8
                  23
                   0
                   0
                   0
                   0
                   0
                   0
                   0
                   0
                   0
                   0
                  11
                   0
                   0
                   0
                   0
                   0
                   0
                   0
                   0
                   0
                  18
                   0
                  11
                   0
                   0
                   0
                   0
                   0
                   0
                   0
                   0
                  10
                   0
                   0
                   0
                   0
                  11
                   0
                   0
                   0
                   0
                   0
                   0
                   0
                   0
                   0
                   0
                  17
                   0
                   0
                   0
                  14
                   0
                   0
                  12
                  20
                   0
                   0
                   0
                   0
                   0
                   8
                  11
                   8
                   0
                   0
                   0
                   0
                   0
                   0
                   0
                   0
                   0
                  24
                   4
                  20
                   0
                  23
                  19
                   0
                   0
                   0
                   0
                   0
                   0
                   0
                  22
                   6
                   0
                   9
                   0
                   6
                   0
                   0
                   0
                  21
                   0
                  29
                   0
                  30
                   0
                   0
                   0
                  17
                   0
                   0
                  26
                   0
                  15
                   0
                   0
                   0
                   0
 2nd Variable Cost Component, Bij
                   0
            50000000
            50000000
            50000000
            50000000
            50000000
                 110
            50000000
            50000000
            50000000
            50000000
            50000000
            50000000
            50000000
                  23
                   0
            50000000
            50000000
            50000000
            50000000
                 131
            50000000
            50000000
            50000000
                  11
            50000000
                 132
                 141
            50000000
            50000000
                   0
                 131
            50000000
            50000000
                  38
            50000000
            50000000
                  63
            50000000
            50000000
            50000000
            50000000
            50000000
            50000000
                 131
                   0
            50000000
            50000000
            50000000
            50000000
            50000000
            50000000
            50000000
                 126
            50000000
            50000000
            50000000
                 118
            50000000
                 111
                   0
            50000000
                  21
            50000000
                  86
                  26
            50000000
            50000000
                 126
                  56
                 127
                 149
            50000000
            50000000
                  32
                   0
            50000000
            50000000
            50000000
            50000000
                 138
            50000000
                 148
            50000000
            50000000
            50000000
                  38
            50000000
            50000000
                  22
                   0
            50000000
            50000000
            50000000
            50000000
                  52
                 147
            50000000
            50000000
            50000000
            50000000
            50000000
            50000000
            50000000
            50000000
                   0
            50000000
                  68
            50000000
            50000000
            50000000
            50000000
            50000000
            50000000
            50000000
            50000000
            50000000
                 113
            50000000
                  73
                   0
            50000000
            50000000
            50000000
            50000000
            50000000
            50000000
            50000000
                  63
            50000000
            50000000
            50000000
            50000000
                  68
            50000000
                   0
            50000000
            50000000
            50000000
            50000000
            50000000
            50000000
            50000000
            50000000
                 106
            50000000
            50000000
            50000000
                  88
            50000000
                   0
                  77
                 128
            50000000
            50000000
            50000000
            50000000
            50000000
                  50
                  73
                  52
            50000000
            50000000
            50000000
            50000000
                   0
            50000000
            50000000
            50000000
            50000000
                 152
                  29
                 126
            50000000
                 147
                 120
            50000000
            50000000
            50000000
            50000000
                   0
            50000000
            50000000
                 141
                  40
            50000000
                  56
            50000000
                  37
            50000000
            50000000
            50000000
                 130
            50000000
                 181
                   0
                 187
            50000000
            50000000
            50000000
                 105
            50000000
            50000000
                 162
            50000000
                  94
            50000000
            50000000
            50000000
            50000000
 Fixed Cost Component, Cij
                   0
                   0
                   0
                   0
                   0
                   0
               33000
                   0
                   0
                   0
                   0
                   0
                   0
                   0
                6900
                   0
                   0
                   0
                   0
                   0
               39300
                   0
                   0
                   0
                3300
                   0
               39600
               42300
                   0
                   0
                   0
               39300
                   0
                   0
               11400
                   0
                   0
               18900
                   0
                   0
                   0
                   0
                   0
                   0
               39300
                   0
                   0
                   0
                   0
                   0
                   0
                   0
                   0
               37800
                   0
                   0
                   0
               35400
                   0
               33300
                   0
                   0
                6300
                   0
               25800
                7800
                   0
                   0
               37800
               16800
               38100
               44700
                   0
                   0
                9600
                   0
                   0
                   0
                   0
                   0
               41400
                   0
               44400
                   0
                   0
                   0
               11400
                   0
                   0
                6600
                   0
                   0
                   0
                   0
                   0
               15600
               44100
                   0
                   0
                   0
                   0
                   0
                   0
                   0
                   0
                   0
                   0
               20400
                   0
                   0
                   0
                   0
                   0
                   0
                   0
                   0
                   0
               33900
                   0
               21900
                   0
                   0
                   0
                   0
                   0
                   0
                   0
                   0
               18900
                   0
                   0
                   0
                   0
               20400
                   0
                   0
                   0
                   0
                   0
                   0
                   0
                   0
                   0
                   0
               31800
                   0
                   0
                   0
               26400
                   0
                   0
               23100
               38400
                   0
                   0
                   0
                   0
                   0
               15000
               21900
               15600
                   0
                   0
                   0
                   0
                   0
                   0
                   0
                   0
                   0
               45600
                8700
               37800
                   0
               44100
               36000
                   0
                   0
                   0
                   0
                   0
                   0
                   0
               42300
               12000
                   0
               16800
                   0
               11100
                   0
                   0
                   0
               39000
                   0
               54300
                   0
               56100
                   0
                   0
                   0
               31500
                   0
                   0
               48600
                   0
               28200
                   0
                   0
                   0
                   0