          15
           2
           1
           4
           2
           2
           2
           1
           1
           4
           4
           5
           3
           2
           2
 1st Variable Cost Component, Aij
                   0
                   0
                   0
                   0
                   0
                   8
                   0
                   0
                   0
                  20
                   0
                   0
                  21
                   0
                  27
                   0
                   0
                   9
                   0
                   0
                   0
                   0
                   0
                   0
                   0
                   0
                   0
                   0
                   0
                   0
                   0
                   0
                   0
                   6
                   0
                   0
                   0
                   0
                   0
                   0
                   9
                   0
                  26
                   0
                   0
                   0
                  10
                  17
                   0
                  14
                   0
                   0
                   0
                  21
                   0
                   0
                   0
                   0
                   0
                  10
                   0
                   7
                   0
                   0
                   0
                   0
                   0
                   0
                  13
                  15
                   0
                   0
                   6
                  17
                   0
                   0
                   0
                   0
                  20
                   0
                   0
                  12
                   0
                   0
                   0
                  20
                   0
                  23
                  13
                   0
                   0
                   0
                   0
                   0
                  20
                   0
                   0
                  18
                   0
                   0
                   0
                   0
                   0
                   0
                   0
                   0
                   0
                  10
                   0
                   0
                   0
                   0
                   0
                   0
                  15
                   0
                   0
                   0
                   0
                   0
                   0
                   0
                  21
                   0
                   0
                   0
                   0
                   0
                   0
                   0
                   0
                   0
                   0
                   0
                   0
                   0
                   0
                   0
                   0
                   0
                   0
                   0
                   0
                   0
                   0
                   0
                   0
                   0
                  21
                   0
                   0
                   0
                   0
                   0
                   0
                   0
                   0
                  21
                   0
                  12
                   4
                   0
                   0
                   0
                  17
                   0
                   0
                  14
                  21
                   0
                   0
                   0
                   0
                  15
                   0
                   0
                   0
                   0
                  12
                   0
                   0
                   0
                  28
                   0
                   0
                   0
                   0
                   0
                  18
                   0
                   0
                  15
                   0
                   0
                   0
                   0
                  37
                   0
                  23
                  15
                  22
                   0
                   0
                   0
                   0
                   0
                   8
                   0
                   0
                   0
 2nd Variable Cost Component, Bij
                   0
            50000000
            50000000
            50000000
            50000000
                  42
            50000000
            50000000
            50000000
                 103
            50000000
            50000000
                 107
            50000000
                 139
                   0
            50000000
                  47
            50000000
            50000000
            50000000
            50000000
            50000000
            50000000
            50000000
            50000000
            50000000
            50000000
            50000000
            50000000
                   0
            50000000
            50000000
                  34
            50000000
            50000000
            50000000
            50000000
            50000000
            50000000
                  45
            50000000
                 131
            50000000
            50000000
                   0
                  53
                  89
            50000000
                  73
            50000000
            50000000
            50000000
                 109
            50000000
            50000000
            50000000
            50000000
            50000000
                  53
                   0
                  38
            50000000
            50000000
            50000000
            50000000
            50000000
            50000000
                  66
                  75
            50000000
            50000000
                  34
                  89
            50000000
                   0
            50000000
            50000000
                 102
            50000000
            50000000
                  62
            50000000
            50000000
            50000000
                 103
            50000000
                 115
                  65
            50000000
                   0
            50000000
            50000000
            50000000
                 103
            50000000
            50000000
                  92
            50000000
            50000000
            50000000
            50000000
            50000000
            50000000
            50000000
                   0
            50000000
                  54
            50000000
            50000000
            50000000
            50000000
            50000000
            50000000
                  76
            50000000
            50000000
            50000000
            50000000
            50000000
                   0
            50000000
                 107
            50000000
            50000000
            50000000
            50000000
            50000000
            50000000
            50000000
            50000000
            50000000
            50000000
            50000000
            50000000
                   0
            50000000
            50000000
            50000000
            50000000
            50000000
            50000000
            50000000
            50000000
            50000000
            50000000
            50000000
            50000000
                 107
            50000000
                   0
            50000000
            50000000
            50000000
            50000000
            50000000
            50000000
                 109
            50000000
                  62
                  23
            50000000
            50000000
            50000000
                  88
                   0
            50000000
                  72
                 107
            50000000
            50000000
            50000000
            50000000
                  78
            50000000
            50000000
            50000000
            50000000
                  63
            50000000
                   0
            50000000
                 140
            50000000
            50000000
            50000000
            50000000
            50000000
                  92
            50000000
            50000000
                  75
            50000000
            50000000
            50000000
                   0
                 187
            50000000
                 119
                  79
                 110
            50000000
            50000000
            50000000
            50000000
            50000000
                  44
            50000000
            50000000
            50000000
 Fixed Cost Component, Cij
                   0
                   0
                   0
                   0
                   0
                 126
                   0
                   0
                   0
                 309
                   0
                   0
                 321
                   0
                 417
                   0
                   0
                 141
                   0
                   0
                   0
                   0
                   0
                   0
                   0
                   0
                   0
                   0
                   0
                   0
                   0
                   0
                   0
                 102
                   0
                   0
                   0
                   0
                   0
                   0
                 135
                   0
                 393
                   0
                   0
                   0
                 159
                 267
                   0
                 219
                   0
                   0
                   0
                 327
                   0
                   0
                   0
                   0
                   0
                 159
                   0
                 114
                   0
                   0
                   0
                   0
                   0
                   0
                 198
                 225
                   0
                   0
                 102
                 267
                   0
                   0
                   0
                   0
                 306
                   0
                   0
                 186
                   0
                   0
                   0
                 309
                   0
                 345
                 195
                   0
                   0
                   0
                   0
                   0
                 309
                   0
                   0
                 276
                   0
                   0
                   0
                   0
                   0
                   0
                   0
                   0
                   0
                 162
                   0
                   0
                   0
                   0
                   0
                   0
                 228
                   0
                   0
                   0
                   0
                   0
                   0
                   0
                 321
                   0
                   0
                   0
                   0
                   0
                   0
                   0
                   0
                   0
                   0
                   0
                   0
                   0
                   0
                   0
                   0
                   0
                   0
                   0
                   0
                   0
                   0
                   0
                   0
                   0
                 321
                   0
                   0
                   0
                   0
                   0
                   0
                   0
                   0
                 327
                   0
                 186
                  69
                   0
                   0
                   0
                 264
                   0
                   0
                 216
                 321
                   0
                   0
                   0
                   0
                 234
                   0
                   0
                   0
                   0
                 189
                   0
                   0
                   0
                 420
                   0
                   0
                   0
                   0
                   0
                 276
                   0
                   0
                 225
                   0
                   0
                   0
                   0
                 561
                   0
                 357
                 237
                 330
                   0
                   0
                   0
                   0
                   0
                 132
                   0
                   0
                   0