          15
           3
           1
           1
           1
           4
           1
           1
           2
           4
           4
           2
           2
           4
           3
 1st Variable Cost Component, Aij
                   0
                   0
                   0
                   0
                   0
                   0
                   0
                  15
                   0
                   0
                   0
                   0
                   0
                   0
                   0
                   0
                   0
                   0
                   0
                   0
                   0
                   0
                   0
                   0
                   0
                  14
                   0
                   7
                   0
                   0
                   0
                   0
                  22
                   0
                  25
                   0
                   0
                   8
                   0
                  12
                   3
                   0
                   0
                   0
                   7
                   0
                   0
                   0
                  17
                   2
                  12
                   0
                   6
                   6
                   0
                   0
                   0
                   0
                   0
                  16
                   0
                   0
                  11
                   0
                   0
                  14
                   0
                   0
                   0
                   0
                   0
                   0
                   0
                   0
                   0
                   0
                   0
                   0
                   0
                   0
                   0
                   0
                   0
                   0
                   0
                  26
                  25
                   0
                   0
                   0
                   0
                  20
                  24
                   0
                  23
                   0
                   0
                   0
                   0
                   0
                   5
                   0
                   0
                   0
                   0
                   0
                   0
                   7
                   0
                   0
                   0
                  15
                   0
                   0
                   0
                   0
                   0
                   0
                   0
                  12
                   0
                   5
                   0
                   0
                   0
                   0
                   0
                   0
                   0
                   0
                  14
                   0
                  19
                   0
                   0
                   0
                   0
                   6
                   0
                   0
                   0
                  15
                   0
                   0
                   0
                  18
                  23
                   0
                   0
                   0
                   0
                   0
                   0
                   0
                   0
                  14
                   0
                   6
                   0
                   0
                  13
                   8
                   0
                   0
                  10
                   0
                   0
                   0
                   0
                  13
                   0
                   0
                   0
                   0
                   0
                   0
                   9
                   0
                   0
                  14
                   0
                   8
                  21
                   0
                  11
                  16
                   0
                   0
                   0
                  15
                   7
                   0
                   0
                   0
                   8
                   0
                   0
                   0
                   0
                   0
                   0
                   0
                   0
                   0
                  18
                  15
                   0
                  17
                  10
                   0
 2nd Variable Cost Component, Bij
                   0
            50000000
            50000000
            50000000
            50000000
            50000000
            50000000
                  72
            50000000
            50000000
            50000000
            50000000
            50000000
            50000000
            50000000
                   0
            50000000
            50000000
            50000000
            50000000
            50000000
            50000000
            50000000
            50000000
            50000000
                  70
            50000000
                  37
            50000000
            50000000
                   0
            50000000
                 105
            50000000
                 119
            50000000
            50000000
                  40
            50000000
                  58
                  16
            50000000
            50000000
            50000000
                  37
                   0
            50000000
            50000000
                  83
                  13
                  59
            50000000
                  29
                  29
            50000000
            50000000
            50000000
            50000000
            50000000
                  79
                   0
            50000000
                  56
            50000000
            50000000
                  66
            50000000
            50000000
            50000000
            50000000
            50000000
            50000000
            50000000
            50000000
            50000000
                   0
            50000000
            50000000
            50000000
            50000000
            50000000
            50000000
            50000000
            50000000
            50000000
                 126
                 119
            50000000
            50000000
            50000000
                   0
                  96
                 115
            50000000
                 111
            50000000
            50000000
            50000000
            50000000
            50000000
                  26
            50000000
            50000000
            50000000
            50000000
                   0
            50000000
                  37
            50000000
            50000000
            50000000
                  75
            50000000
            50000000
            50000000
            50000000
            50000000
            50000000
            50000000
                  60
                   0
                  27
            50000000
            50000000
            50000000
            50000000
            50000000
            50000000
            50000000
            50000000
                  66
            50000000
                  92
            50000000
            50000000
                   0
            50000000
                  29
            50000000
            50000000
            50000000
                  72
            50000000
            50000000
            50000000
                  87
                 111
            50000000
            50000000
            50000000
                   0
            50000000
            50000000
            50000000
            50000000
                  70
            50000000
                  29
            50000000
            50000000
                  64
                  41
            50000000
            50000000
                  51
                   0
            50000000
            50000000
            50000000
                  65
            50000000
            50000000
            50000000
            50000000
            50000000
            50000000
                  46
            50000000
            50000000
                  68
                   0
                  41
                 103
            50000000
                  56
                  79
            50000000
            50000000
            50000000
                  75
                  33
            50000000
            50000000
            50000000
                  41
                   0
            50000000
            50000000
            50000000
            50000000
            50000000
            50000000
            50000000
            50000000
                  89
                  75
            50000000
                  84
                  48
            50000000
 Fixed Cost Component, Cij
                   0
                   0
                   0
                   0
                   0
                   0
                   0
                 720
                   0
                   0
                   0
                   0
                   0
                   0
                   0
                   0
                   0
                   0
                   0
                   0
                   0
                   0
                   0
                   0
                   0
                 700
                   0
                 370
                   0
                   0
                   0
                   0
                1050
                   0
                1190
                   0
                   0
                 400
                   0
                 580
                 160
                   0
                   0
                   0
                 370
                   0
                   0
                   0
                 830
                 130
                 590
                   0
                 290
                 290
                   0
                   0
                   0
                   0
                   0
                 790
                   0
                   0
                 560
                   0
                   0
                 660
                   0
                   0
                   0
                   0
                   0
                   0
                   0
                   0
                   0
                   0
                   0
                   0
                   0
                   0
                   0
                   0
                   0
                   0
                   0
                1260
                1190
                   0
                   0
                   0
                   0
                 960
                1150
                   0
                1110
                   0
                   0
                   0
                   0
                   0
                 260
                   0
                   0
                   0
                   0
                   0
                   0
                 370
                   0
                   0
                   0
                 750
                   0
                   0
                   0
                   0
                   0
                   0
                   0
                 600
                   0
                 270
                   0
                   0
                   0
                   0
                   0
                   0
                   0
                   0
                 660
                   0
                 920
                   0
                   0
                   0
                   0
                 290
                   0
                   0
                   0
                 720
                   0
                   0
                   0
                 870
                1110
                   0
                   0
                   0
                   0
                   0
                   0
                   0
                   0
                 700
                   0
                 290
                   0
                   0
                 640
                 410
                   0
                   0
                 510
                   0
                   0
                   0
                   0
                 650
                   0
                   0
                   0
                   0
                   0
                   0
                 460
                   0
                   0
                 680
                   0
                 410
                1030
                   0
                 560
                 790
                   0
                   0
                   0
                 750
                 330
                   0
                   0
                   0
                 410
                   0
                   0
                   0
                   0
                   0
                   0
                   0
                   0
                   0
                 890
                 750
                   0
                 840
                 480
                   0