          15
           1
           4
           3
           1
           3
           3
           5
           3
           4
           3
           3
           3
           1
           4
 1st Variable Cost Component, Aij
                   0
                   0
                   0
                   0
                  17
                   0
                  15
                   5
                   0
                   9
                  19
                   0
                   0
                   0
                   0
                   0
                   0
                   0
                   0
                  22
                  24
                   0
                  18
                   0
                   0
                   0
                   0
                  19
                   0
                  20
                   0
                   0
                   0
                   5
                   0
                   0
                  15
                   0
                   0
                   0
                   0
                   0
                   0
                   0
                   0
                   0
                   0
                   0
                   0
                   0
                   9
                   0
                   0
                   0
                   0
                   0
                  17
                   0
                   0
                   0
                   0
                   0
                   0
                  22
                   0
                   0
                   0
                   0
                   0
                   0
                   0
                  22
                   5
                   0
                   4
                   0
                   0
                   0
                   0
                   0
                   0
                   0
                   0
                  18
                   0
                   0
                   0
                   0
                   0
                  19
                   0
                   0
                   0
                   0
                   0
                   0
                   0
                   5
                   0
                   0
                   0
                  13
                  22
                   0
                   0
                   0
                  11
                   8
                   0
                   9
                   0
                  13
                   0
                   0
                  15
                   0
                  21
                   0
                   0
                   0
                   0
                   0
                   0
                   0
                   0
                   0
                   0
                   0
                  20
                   0
                  20
                  23
                  24
                   0
                   0
                   0
                   0
                   0
                  24
                  19
                   0
                   0
                   0
                   0
                   0
                   0
                   7
                  23
                   0
                   0
                   0
                   0
                   0
                   0
                   0
                   0
                   9
                   0
                  13
                   0
                   0
                   0
                   9
                   0
                   0
                   0
                   0
                   8
                   0
                  23
                   9
                   0
                   0
                   4
                  23
                   0
                   0
                   0
                   0
                   0
                   0
                   0
                   0
                   0
                   0
                   0
                  19
                  18
                   0
                   0
                   2
                   0
                   0
                   0
                  22
                   0
                  22
                  24
                  11
                   0
                   0
                   6
                   0
                   0
                  26
                  25
                  22
                   0
                   0
                  24
 2nd Variable Cost Component, Bij
                   0
            50000000
            50000000
            50000000
                 100
            50000000
                  91
                  30
            50000000
                  53
                 114
            50000000
            50000000
            50000000
            50000000
                   0
            50000000
            50000000
            50000000
                 133
                 143
            50000000
                 110
            50000000
            50000000
            50000000
            50000000
                 113
            50000000
                 118
                   0
            50000000
            50000000
                  34
            50000000
            50000000
                  92
            50000000
            50000000
            50000000
            50000000
            50000000
            50000000
            50000000
            50000000
                   0
            50000000
            50000000
            50000000
            50000000
                  54
            50000000
            50000000
            50000000
            50000000
            50000000
                 100
            50000000
            50000000
            50000000
                   0
            50000000
            50000000
                 129
            50000000
            50000000
            50000000
            50000000
            50000000
            50000000
            50000000
                 133
                  34
            50000000
                  26
                   0
            50000000
            50000000
            50000000
            50000000
            50000000
            50000000
            50000000
                 111
            50000000
            50000000
            50000000
            50000000
            50000000
                 115
                   0
            50000000
            50000000
            50000000
            50000000
            50000000
            50000000
                  31
            50000000
            50000000
            50000000
                  77
                 129
            50000000
            50000000
                   0
                  68
                  48
            50000000
                  58
            50000000
                  77
            50000000
            50000000
                  92
            50000000
                 128
            50000000
            50000000
            50000000
                   0
            50000000
            50000000
            50000000
            50000000
            50000000
            50000000
            50000000
                 122
            50000000
                 119
                 138
                 144
            50000000
            50000000
                   0
            50000000
            50000000
                 144
                 114
            50000000
            50000000
            50000000
            50000000
            50000000
            50000000
                  41
                 138
            50000000
            50000000
                   0
            50000000
            50000000
            50000000
            50000000
            50000000
                  57
            50000000
                  77
            50000000
            50000000
            50000000
                  58
            50000000
            50000000
                   0
            50000000
                  52
            50000000
                 138
                  58
            50000000
            50000000
                  25
                 139
            50000000
            50000000
            50000000
            50000000
            50000000
                   0
            50000000
            50000000
            50000000
            50000000
            50000000
                 115
                 111
            50000000
            50000000
                  17
            50000000
            50000000
            50000000
                 134
                   0
                 132
                 141
                  68
            50000000
            50000000
                  36
            50000000
            50000000
                 157
                 148
                 130
            50000000
            50000000
                 144
 Fixed Cost Component, Cij
                   0
                   0
                   0
                   0
                3000
                   0
                2730
                 900
                   0
                1590
                3420
                   0
                   0
                   0
                   0
                   0
                   0
                   0
                   0
                3990
                4290
                   0
                3300
                   0
                   0
                   0
                   0
                3390
                   0
                3540
                   0
                   0
                   0
                1020
                   0
                   0
                2760
                   0
                   0
                   0
                   0
                   0
                   0
                   0
                   0
                   0
                   0
                   0
                   0
                   0
                1620
                   0
                   0
                   0
                   0
                   0
                3000
                   0
                   0
                   0
                   0
                   0
                   0
                3870
                   0
                   0
                   0
                   0
                   0
                   0
                   0
                3990
                1020
                   0
                 780
                   0
                   0
                   0
                   0
                   0
                   0
                   0
                   0
                3330
                   0
                   0
                   0
                   0
                   0
                3450
                   0
                   0
                   0
                   0
                   0
                   0
                   0
                 930
                   0
                   0
                   0
                2310
                3870
                   0
                   0
                   0
                2040
                1440
                   0
                1740
                   0
                2310
                   0
                   0
                2760
                   0
                3840
                   0
                   0
                   0
                   0
                   0
                   0
                   0
                   0
                   0
                   0
                   0
                3660
                   0
                3570
                4140
                4320
                   0
                   0
                   0
                   0
                   0
                4320
                3420
                   0
                   0
                   0
                   0
                   0
                   0
                1230
                4140
                   0
                   0
                   0
                   0
                   0
                   0
                   0
                   0
                1710
                   0
                2310
                   0
                   0
                   0
                1740
                   0
                   0
                   0
                   0
                1560
                   0
                4140
                1740
                   0
                   0
                 750
                4170
                   0
                   0
                   0
                   0
                   0
                   0
                   0
                   0
                   0
                   0
                   0
                3450
                3330
                   0
                   0
                 510
                   0
                   0
                   0
                4020
                   0
                3960
                4230
                2040
                   0
                   0
                1080
                   0
                   0
                4710
                4440
                3900
                   0
                   0
                4320