          15
           4
           4
           3
           2
           3
           1
           4
           4
           4
           2
           2
           3
           3
           3
 1st Variable Cost Component, Aij
                   0
                   0
                   9
                   0
                   0
                   0
                   0
                  17
                   0
                   3
                   0
                   0
                   0
                   0
                   0
                   0
                   0
                   0
                   0
                   9
                  16
                   0
                  14
                   0
                   0
                   0
                  14
                  11
                   0
                   0
                   0
                   0
                   4
                   0
                   0
                   0
                  24
                   0
                   0
                   0
                   0
                   0
                   3
                   0
                   0
                   0
                   0
                   0
                  23
                   0
                   0
                   0
                   0
                   0
                   0
                   0
                   0
                  12
                   4
                   0
                   0
                   0
                   0
                  15
                   0
                   0
                   0
                   0
                   0
                   5
                   0
                   0
                  23
                   0
                   0
                   0
                   0
                   0
                   0
                   0
                   0
                   0
                   0
                   0
                  23
                   0
                   0
                   0
                  23
                   0
                   0
                   0
                   0
                  23
                   0
                   0
                   0
                   0
                  17
                   0
                  14
                  15
                   0
                   0
                   0
                   0
                   0
                   0
                   0
                  12
                   0
                   9
                  23
                   0
                   0
                   0
                   0
                   0
                   3
                  11
                   0
                  23
                   0
                   0
                   0
                   0
                   3
                   0
                   5
                   0
                   0
                   0
                  23
                   0
                   0
                   0
                   0
                  20
                  22
                   0
                  17
                   0
                   0
                   0
                   0
                   0
                   0
                   0
                   0
                   0
                   0
                   8
                   0
                   0
                  23
                   0
                  15
                   0
                   0
                   0
                   0
                   0
                   0
                   0
                   0
                   0
                   0
                  14
                   0
                   0
                   0
                   0
                   0
                   0
                   1
                   0
                   1
                   0
                  13
                  20
                   0
                   0
                   8
                  11
                   4
                   0
                   0
                   0
                  18
                   0
                   0
                   0
                   0
                   0
                   0
                   0
                   0
                  17
                   8
                   6
                   0
                   0
                  29
                   0
                   0
                   6
                   0
                   0
                   0
                   0
 2nd Variable Cost Component, Bij
                   0
            50000000
                  57
            50000000
            50000000
            50000000
            50000000
                 102
            50000000
                  23
            50000000
            50000000
            50000000
            50000000
            50000000
                   0
            50000000
            50000000
            50000000
                  56
                  96
            50000000
                  88
            50000000
            50000000
            50000000
                  86
                  70
            50000000
            50000000
                   0
            50000000
                  28
            50000000
            50000000
            50000000
                 144
            50000000
            50000000
            50000000
            50000000
            50000000
                  21
            50000000
            50000000
                   0
            50000000
            50000000
                 142
            50000000
            50000000
            50000000
            50000000
            50000000
            50000000
            50000000
            50000000
                  76
                  28
            50000000
                   0
            50000000
            50000000
                  91
            50000000
            50000000
            50000000
            50000000
            50000000
                  34
            50000000
            50000000
                 140
            50000000
            50000000
                   0
            50000000
            50000000
            50000000
            50000000
            50000000
            50000000
            50000000
            50000000
                 142
            50000000
            50000000
            50000000
                 141
            50000000
                   0
            50000000
            50000000
                 139
            50000000
            50000000
            50000000
            50000000
                 102
            50000000
                  84
                  95
            50000000
            50000000
            50000000
                   0
            50000000
            50000000
            50000000
                  72
            50000000
                  58
                 139
            50000000
            50000000
            50000000
            50000000
            50000000
                  18
                  68
                   0
                 139
            50000000
            50000000
            50000000
            50000000
                  23
            50000000
                  34
            50000000
            50000000
            50000000
                 139
            50000000
            50000000
                   0
            50000000
                 122
                 133
            50000000
                 102
            50000000
            50000000
            50000000
            50000000
            50000000
            50000000
            50000000
            50000000
            50000000
                   0
                  50
            50000000
            50000000
                 141
            50000000
                  93
            50000000
            50000000
            50000000
            50000000
            50000000
            50000000
            50000000
            50000000
                   0
            50000000
                  88
            50000000
            50000000
            50000000
            50000000
            50000000
            50000000
                  11
            50000000
                  11
            50000000
                  83
                 123
                   0
            50000000
                  53
                  70
                  29
            50000000
            50000000
            50000000
                 111
            50000000
            50000000
            50000000
            50000000
            50000000
            50000000
                   0
            50000000
                 105
                  51
                  37
            50000000
            50000000
                 178
            50000000
            50000000
                  39
            50000000
            50000000
            50000000
            50000000
 Fixed Cost Component, Cij
                   0
                   0
                 171
                   0
                   0
                   0
                   0
                 306
                   0
                  69
                   0
                   0
                   0
                   0
                   0
                   0
                   0
                   0
                   0
                 168
                 288
                   0
                 264
                   0
                   0
                   0
                 258
                 210
                   0
                   0
                   0
                   0
                  84
                   0
                   0
                   0
                 432
                   0
                   0
                   0
                   0
                   0
                  63
                   0
                   0
                   0
                   0
                   0
                 426
                   0
                   0
                   0
                   0
                   0
                   0
                   0
                   0
                 228
                  84
                   0
                   0
                   0
                   0
                 273
                   0
                   0
                   0
                   0
                   0
                 102
                   0
                   0
                 420
                   0
                   0
                   0
                   0
                   0
                   0
                   0
                   0
                   0
                   0
                   0
                 426
                   0
                   0
                   0
                 423
                   0
                   0
                   0
                   0
                 417
                   0
                   0
                   0
                   0
                 306
                   0
                 252
                 285
                   0
                   0
                   0
                   0
                   0
                   0
                   0
                 216
                   0
                 174
                 417
                   0
                   0
                   0
                   0
                   0
                  54
                 204
                   0
                 417
                   0
                   0
                   0
                   0
                  69
                   0
                 102
                   0
                   0
                   0
                 417
                   0
                   0
                   0
                   0
                 366
                 399
                   0
                 306
                   0
                   0
                   0
                   0
                   0
                   0
                   0
                   0
                   0
                   0
                 150
                   0
                   0
                 423
                   0
                 279
                   0
                   0
                   0
                   0
                   0
                   0
                   0
                   0
                   0
                   0
                 264
                   0
                   0
                   0
                   0
                   0
                   0
                  33
                   0
                  33
                   0
                 249
                 369
                   0
                   0
                 159
                 210
                  87
                   0
                   0
                   0
                 333
                   0
                   0
                   0
                   0
                   0
                   0
                   0
                   0
                 315
                 153
                 111
                   0
                   0
                 534
                   0
                   0
                 117
                   0
                   0
                   0
                   0