          15
           5
           6
           5
           1
           9
           5
           6
           4
           8
           8
           9
           2
           4
           4
 1st Variable Cost Component, Aij
                   0
                   0
                   0
                   0
                   0
                   0
                   0
                   0
                   0
                   0
                   0
                   0
                   0
                   0
                   0
                   0
                   0
                   0
                   0
                   0
                   0
                  11
                   0
                   0
                   0
                   0
                   0
                   0
                   0
                   5
                   0
                   3
                  12
                   0
                   0
                   0
                   0
                   0
                  12
                  11
                   0
                   0
                   0
                   0
                   0
                   0
                   0
                   0
                   0
                   4
                   7
                   0
                   0
                   0
                   0
                  11
                   0
                  12
                  12
                   9
                   0
                   7
                   5
                   0
                   0
                   0
                   5
                   0
                   0
                   3
                   4
                   5
                   0
                   0
                   0
                   0
                   0
                   9
                   0
                   8
                   0
                   0
                   2
                   0
                   0
                   0
                   0
                   0
                   0
                   0
                   0
                   0
                   0
                   0
                   0
                   9
                  12
                   0
                   0
                  11
                   7
                   0
                   0
                   0
                   7
                   0
                   0
                   7
                   7
                   0
                   0
                   0
                   0
                   0
                   0
                   0
                   0
                   0
                   7
                   0
                   0
                   6
                   7
                   0
                   0
                   4
                   0
                   0
                  11
                   7
                   4
                   8
                   1
                   0
                   6
                   0
                   0
                   0
                   0
                   0
                   7
                  14
                   0
                   0
                   5
                   0
                   0
                   7
                   7
                   0
                   0
                   0
                   0
                   9
                   0
                   0
                   0
                   0
                   0
                   0
                   0
                   0
                   0
                   0
                   0
                   0
                   0
                   0
                   0
                   0
                   0
                   0
                   0
                   0
                   0
                  11
                   0
                   0
                   0
                   0
                   0
                   0
                   9
                   0
                   0
                   0
                   0
                   0
                   0
                   0
                   0
                   0
                   0
                   0
                   0
                   0
                   0
                   0
                   5
                   8
                  13
                   0
                  15
                  12
                   0
                   0
                  15
                   0
                   0
                   0
 2nd Variable Cost Component, Bij
                   0
            50000000
            50000000
            50000000
            50000000
            50000000
            50000000
            50000000
            50000000
            50000000
            50000000
            50000000
            50000000
            50000000
            50000000
                   0
            50000000
            50000000
            50000000
            50000000
            50000000
                 130
            50000000
            50000000
            50000000
            50000000
            50000000
            50000000
            50000000
                  55
                   0
                  43
                 133
            50000000
            50000000
            50000000
            50000000
            50000000
                 132
                 130
            50000000
            50000000
            50000000
            50000000
            50000000
                   0
            50000000
            50000000
            50000000
                  45
                  80
            50000000
            50000000
            50000000
            50000000
                 124
            50000000
                 141
                 133
                 102
                   0
                  84
                  60
            50000000
            50000000
            50000000
                  60
            50000000
            50000000
                  40
                  51
                  57
            50000000
            50000000
            50000000
                   0
            50000000
                 102
            50000000
                  96
            50000000
            50000000
                  22
            50000000
            50000000
            50000000
            50000000
            50000000
            50000000
            50000000
                   0
            50000000
            50000000
            50000000
            50000000
                 104
                 132
            50000000
            50000000
                 130
                  81
            50000000
            50000000
            50000000
                  81
                   0
            50000000
                  83
                  80
            50000000
            50000000
            50000000
            50000000
            50000000
            50000000
            50000000
            50000000
            50000000
                  84
            50000000
                   0
                  68
                  83
            50000000
            50000000
                  46
            50000000
            50000000
                 125
                  85
                  45
                  96
                  16
            50000000
                  68
                   0
            50000000
            50000000
            50000000
            50000000
                  78
                 162
            50000000
            50000000
                  60
            50000000
            50000000
                  80
                  83
            50000000
                   0
            50000000
            50000000
                 100
            50000000
            50000000
            50000000
            50000000
            50000000
            50000000
            50000000
            50000000
            50000000
            50000000
            50000000
                   0
            50000000
            50000000
            50000000
            50000000
            50000000
            50000000
            50000000
            50000000
            50000000
                 122
            50000000
            50000000
            50000000
            50000000
                   0
            50000000
                 108
            50000000
            50000000
            50000000
            50000000
            50000000
            50000000
            50000000
            50000000
            50000000
            50000000
            50000000
            50000000
                   0
            50000000
            50000000
                  59
                  93
                 149
            50000000
                 171
                 137
            50000000
            50000000
                 170
            50000000
            50000000
            50000000
 Fixed Cost Component, Cij
                   0
                   0
                   0
                   0
                   0
                   0
                   0
                   0
                   0
                   0
                   0
                   0
                   0
                   0
                   0
                   0
                   0
                   0
                   0
                   0
                   0
                 357
                   0
                   0
                   0
                   0
                   0
                   0
                   0
                 151
                   0
                 118
                 365
                   0
                   0
                   0
                   0
                   0
                 363
                 357
                   0
                   0
                   0
                   0
                   0
                   0
                   0
                   0
                   0
                 123
                 220
                   0
                   0
                   0
                   0
                 341
                   0
                 387
                 365
                 280
                   0
                 231
                 165
                   0
                   0
                   0
                 165
                   0
                   0
                 110
                 140
                 156
                   0
                   0
                   0
                   0
                   0
                 280
                   0
                 264
                   0
                   0
                  60
                   0
                   0
                   0
                   0
                   0
                   0
                   0
                   0
                   0
                   0
                   0
                   0
                 286
                 363
                   0
                   0
                 357
                 222
                   0
                   0
                   0
                 222
                   0
                   0
                 228
                 220
                   0
                   0
                   0
                   0
                   0
                   0
                   0
                   0
                   0
                 231
                   0
                   0
                 187
                 228
                   0
                   0
                 126
                   0
                   0
                 343
                 233
                 123
                 264
                  44
                   0
                 187
                   0
                   0
                   0
                   0
                   0
                 214
                 445
                   0
                   0
                 165
                   0
                   0
                 220
                 228
                   0
                   0
                   0
                   0
                 275
                   0
                   0
                   0
                   0
                   0
                   0
                   0
                   0
                   0
                   0
                   0
                   0
                   0
                   0
                   0
                   0
                   0
                   0
                   0
                   0
                   0
                 335
                   0
                   0
                   0
                   0
                   0
                   0
                 297
                   0
                   0
                   0
                   0
                   0
                   0
                   0
                   0
                   0
                   0
                   0
                   0
                   0
                   0
                   0
                 162
                 255
                 409
                   0
                 470
                 376
                   0
                   0
                 467
                   0
                   0
                   0