          15
           4
           2
           2
           3
           5
           2
           2
           3
           1
           3
           5
           2
           2
           2
 1st Variable Cost Component, Aij
                   0
                   0
                  12
                   0
                   0
                  13
                   0
                   0
                  22
                   0
                   0
                   0
                   0
                  16
                   0
                   0
                  10
                   7
                   0
                   0
                   0
                   0
                   0
                   0
                   0
                   0
                  27
                   0
                   0
                  10
                   0
                   0
                   0
                   0
                   0
                   0
                   9
                   0
                   0
                   0
                   0
                   0
                  17
                   0
                   0
                   0
                   0
                   0
                   0
                   0
                   0
                  12
                   0
                   0
                   0
                   0
                   0
                  10
                   0
                   0
                   0
                   8
                   0
                   0
                   0
                   0
                   9
                   0
                   0
                   0
                   0
                   0
                   0
                   0
                   0
                   0
                   0
                   0
                   0
                   0
                   0
                   0
                   0
                   0
                   0
                   0
                   0
                   6
                   0
                   3
                   0
                   0
                   0
                   0
                   0
                   0
                   0
                   0
                   0
                   0
                   0
                   8
                   0
                   0
                   0
                   0
                   8
                   0
                   0
                   0
                  18
                   0
                   0
                   1
                   9
                   0
                   0
                   0
                   0
                   0
                   0
                  18
                  17
                   0
                  26
                   0
                   0
                   0
                  10
                  12
                   0
                   0
                   5
                  12
                   0
                   0
                   0
                   0
                  10
                   0
                   0
                   0
                   0
                  16
                   9
                  16
                   0
                   0
                   0
                   0
                   0
                  10
                  12
                   7
                   0
                   0
                   0
                  23
                   0
                   0
                   0
                   0
                   0
                  13
                  10
                   0
                   0
                   0
                   0
                   0
                   0
                   0
                  16
                  16
                  15
                   0
                  26
                   0
                   0
                   0
                   0
                   0
                   0
                   0
                   0
                   0
                   0
                  19
                   0
                   0
                  14
                   0
                   7
                   0
                   0
                   0
                  14
                  35
                  25
                   0
                   0
                  27
                  25
                   0
                   0
                  21
                  17
                   0
                   0
                   0
 2nd Variable Cost Component, Bij
                   0
            50000000
                  69
            50000000
            50000000
                  73
            50000000
            50000000
                 120
            50000000
            50000000
            50000000
            50000000
                  88
            50000000
                   0
                  55
                  39
            50000000
            50000000
            50000000
            50000000
            50000000
            50000000
            50000000
            50000000
                 147
            50000000
            50000000
                  55
                   0
            50000000
            50000000
            50000000
            50000000
            50000000
                  51
            50000000
            50000000
            50000000
            50000000
            50000000
                  97
            50000000
            50000000
                   0
            50000000
            50000000
            50000000
            50000000
            50000000
                  67
            50000000
            50000000
            50000000
            50000000
            50000000
                  57
            50000000
            50000000
                   0
                  48
            50000000
            50000000
            50000000
            50000000
                  54
            50000000
            50000000
            50000000
            50000000
            50000000
            50000000
            50000000
            50000000
                   0
            50000000
            50000000
            50000000
            50000000
            50000000
            50000000
            50000000
            50000000
            50000000
            50000000
            50000000
                  37
            50000000
                  21
                   0
            50000000
            50000000
            50000000
            50000000
            50000000
            50000000
            50000000
            50000000
            50000000
            50000000
                  44
            50000000
            50000000
            50000000
                   0
                  45
            50000000
            50000000
            50000000
                 101
            50000000
            50000000
                  10
                  51
            50000000
            50000000
            50000000
            50000000
            50000000
                   0
                 102
                  96
            50000000
                 144
            50000000
            50000000
            50000000
                  57
                  67
            50000000
            50000000
                  31
                  69
            50000000
                   0
            50000000
            50000000
                  59
            50000000
            50000000
            50000000
            50000000
                  92
                  54
                  91
            50000000
            50000000
            50000000
            50000000
                   0
                  55
                  70
                  38
            50000000
            50000000
            50000000
                 125
            50000000
            50000000
            50000000
            50000000
            50000000
                  75
                  55
                   0
            50000000
            50000000
            50000000
            50000000
            50000000
            50000000
                  91
                  92
                  82
            50000000
                 144
            50000000
            50000000
            50000000
                   0
            50000000
            50000000
            50000000
            50000000
            50000000
            50000000
                 107
            50000000
            50000000
                  80
            50000000
                  38
            50000000
            50000000
                   0
                  77
                 193
                 138
            50000000
            50000000
                 150
                 137
            50000000
            50000000
                 119
                  93
            50000000
            50000000
            50000000
 Fixed Cost Component, Cij
                   0
                   0
                 103
                   0
                   0
                 109
                   0
                   0
                 180
                   0
                   0
                   0
                   0
                 132
                   0
                   0
                  82
                  58
                   0
                   0
                   0
                   0
                   0
                   0
                   0
                   0
                 220
                   0
                   0
                  82
                   0
                   0
                   0
                   0
                   0
                   0
                  76
                   0
                   0
                   0
                   0
                   0
                 145
                   0
                   0
                   0
                   0
                   0
                   0
                   0
                   0
                 100
                   0
                   0
                   0
                   0
                   0
                  85
                   0
                   0
                   0
                  72
                   0
                   0
                   0
                   0
                  81
                   0
                   0
                   0
                   0
                   0
                   0
                   0
                   0
                   0
                   0
                   0
                   0
                   0
                   0
                   0
                   0
                   0
                   0
                   0
                   0
                  55
                   0
                  31
                   0
                   0
                   0
                   0
                   0
                   0
                   0
                   0
                   0
                   0
                   0
                  66
                   0
                   0
                   0
                   0
                  67
                   0
                   0
                   0
                 151
                   0
                   0
                  15
                  76
                   0
                   0
                   0
                   0
                   0
                   0
                 153
                 144
                   0
                 216
                   0
                   0
                   0
                  85
                 100
                   0
                   0
                  46
                 103
                   0
                   0
                   0
                   0
                  88
                   0
                   0
                   0
                   0
                 138
                  81
                 136
                   0
                   0
                   0
                   0
                   0
                  82
                 105
                  57
                   0
                   0
                   0
                 187
                   0
                   0
                   0
                   0
                   0
                 112
                  82
                   0
                   0
                   0
                   0
                   0
                   0
                   0
                 136
                 138
                 123
                   0
                 216
                   0
                   0
                   0
                   0
                   0
                   0
                   0
                   0
                   0
                   0
                 160
                   0
                   0
                 120
                   0
                  57
                   0
                   0
                   0
                 115
                 289
                 207
                   0
                   0
                 225
                 205
                   0
                   0
                 178
                 139
                   0
                   0
                   0