          10
           6
          10
           1
           6
           7
           7
           3
           8
           9
 1st Variable Cost Component, Aij
                   0
                  10
                   6
                   9
                  10
                   6
                   0
                   6
                   0
                  10
                   0
                   0
                   1
                   0
                   0
                   0
                   0
                  10
                   0
                   0
                   0
                   0
                   0
                   0
                   0
                   0
                   0
                   0
                   1
                   5
                   0
                   0
                   6
                   0
                   0
                   0
                  10
                   0
                   0
                   0
                   0
                   0
                   0
                   0
                  10
                   0
                   0
                   0
                   6
                   0
                   0
                   0
                   0
                   7
                   0
                   9
                   0
                   0
                   0
                   0
                   0
                   0
                   6
                   0
                   0
                   0
                   0
                   0
                   0
                   0
                   0
                   0
                   0
                   0
                   0
                   9
                  10
                   7
                   0
                   0
                   0
                   4
                  15
                   0
                  14
                  14
                  11
                  10
                  10
                   0
 2nd Variable Cost Component, Bij
                   0
                 137
                  83
                 122
                 128
                  85
            50000000
                  76
                  11
                 137
                   0
            50000000
                  16
                   8
            50000000
            50000000
            50000000
                 138
            50000000
            50000000
                   0
            50000000
            50000000
            50000000
            50000000
            50000000
            50000000
            50000000
                  16
                  75
                   0
                   7
                  79
            50000000
            50000000
            50000000
                 128
            50000000
            50000000
            50000000
                   0
            50000000
            50000000
            50000000
                 130
            50000000
            50000000
            50000000
                  79
            50000000
                   0
            50000000
            50000000
                  94
            50000000
                 121
            50000000
            50000000
            50000000
            50000000
                   0
            50000000
                  87
            50000000
            50000000
            50000000
            50000000
            50000000
            50000000
            50000000
                   0
            50000000
                  11
            50000000
            50000000
                 124
                 130
                  94
            50000000
            50000000
                   0
                  59
                 192
            50000000
                 178
                 184
                 143
                 129
                 136
            50000000
 Fixed Cost Component, Cij
                   0
               75350
               45650
               67100
               70400
               46750
                   0
               41800
                6050
               75350
                   0
                   0
                8800
                4400
                   0
                   0
                   0
               75900
                   0
                   0
                   0
                   0
                   0
                   0
                   0
                   0
                   0
                   0
                8800
               41250
                   0
                3850
               43450
                   0
                   0
                   0
               70400
                   0
                   0
                   0
                   0
                   0
                   0
                   0
               71500
                   0
                   0
                   0
               43450
                   0
                   0
                   0
                   0
               51700
                   0
               66550
                   0
                   0
                   0
                   0
                   0
                   0
               47850
                   0
                   0
                   0
                   0
                   0
                   0
                   0
                   0
                   0
                6050
                   0
                   0
               68200
               71500
               51700
                   0
                   0
                   0
               32450
              105600
                   0
               97900
              101200
               78650
               70950
               74800
                   0