          10
           7
           5
           8
           1
           7
           6
           7
           5
           2
 1st Variable Cost Component, Aij
                   0
                   0
                   5
                   9
                   0
                   9
                   0
                   6
                   0
                   0
                   0
                   9
                   0
                   0
                   0
                   0
                   0
                   0
                   0
                   9
                   0
                   7
                   0
                   7
                   0
                   0
                   0
                   0
                   2
                   7
                   0
                   0
                   0
                   5
                   0
                   1
                   0
                   7
                   0
                   5
                   0
                   0
                   4
                   6
                   0
                   0
                   0
                   0
                   0
                   5
                   0
                   0
                   0
                   0
                   9
                   8
                   0
                   5
                   0
                   5
                   0
                   0
                   0
                   6
                   0
                   4
                   0
                   0
                   0
                   0
                   0
                   0
                   0
                   0
                   0
                   0
                   0
                   0
                   0
                   0
                   0
                   0
                   0
                   7
                  13
                   8
                  13
                  11
                   0
                  14
 2nd Variable Cost Component, Bij
                   0
            50000000
                  61
                  99
            50000000
                 101
            50000000
                  65
            50000000
            50000000
                   0
                 105
            50000000
            50000000
            50000000
            50000000
            50000000
            50000000
            50000000
                 105
                   0
                  80
            50000000
                  82
            50000000
            50000000
            50000000
            50000000
                  31
                  80
                   0
            50000000
            50000000
                  58
            50000000
                  18
            50000000
                  77
            50000000
                  58
                   0
            50000000
                  50
                  70
            50000000
            50000000
            50000000
            50000000
            50000000
                  60
                   0
            50000000
            50000000
            50000000
                  97
                  89
            50000000
                  58
            50000000
                  60
                   0
            50000000
            50000000
                  65
            50000000
                  46
            50000000
            50000000
            50000000
            50000000
                   0
            50000000
            50000000
            50000000
            50000000
            50000000
            50000000
            50000000
            50000000
            50000000
                   0
            50000000
            50000000
                  75
                 145
                  88
                 147
                 120
            50000000
                 159
 Fixed Cost Component, Cij
                   0
                   0
                 335
                 544
                   0
                 555
                   0
                 357
                   0
                   0
                   0
                 577
                   0
                   0
                   0
                   0
                   0
                   0
                   0
                 577
                   0
                 440
                   0
                 451
                   0
                   0
                   0
                   0
                 170
                 440
                   0
                   0
                   0
                 319
                   0
                  99
                   0
                 423
                   0
                 319
                   0
                   0
                 275
                 385
                   0
                   0
                   0
                   0
                   0
                 330
                   0
                   0
                   0
                   0
                 533
                 489
                   0
                 319
                   0
                 330
                   0
                   0
                   0
                 357
                   0
                 253
                   0
                   0
                   0
                   0
                   0
                   0
                   0
                   0
                   0
                   0
                   0
                   0
                   0
                   0
                   0
                   0
                   0
                 412
                 797
                 484
                 808
                 660
                   0
                 874