          10
           2
           1
           4
           1
           2
           5
           3
           4
           4
 1st Variable Cost Component, Aij
                   0
                   6
                  15
                   0
                   0
                   0
                   0
                   0
                   1
                   0
                   0
                   0
                   0
                   0
                   0
                   0
                   0
                   0
                   0
                   0
                   0
                   0
                  21
                   0
                   0
                   0
                  15
                  14
                   7
                   0
                   0
                   2
                   0
                   0
                  15
                   0
                  13
                   0
                  21
                   2
                   0
                   0
                   6
                   0
                   0
                   0
                   0
                  26
                   3
                   0
                   0
                   4
                   0
                  18
                   0
                   0
                   0
                   0
                   0
                   0
                   0
                  18
                  16
                   0
                  18
                   0
                   0
                  12
                  15
                   0
                   0
                   0
                   1
                   7
                   0
                   0
                  14
                   0
                  16
                  24
                   0
                   0
                   0
                  32
                   0
                   0
                   0
                   5
                  22
                  21
 2nd Variable Cost Component, Bij
                   0
                  35
                  87
            50000000
            50000000
            50000000
            50000000
            50000000
                  11
            50000000
                   0
            50000000
            50000000
            50000000
            50000000
            50000000
            50000000
            50000000
            50000000
            50000000
                   0
            50000000
                 124
            50000000
            50000000
            50000000
                  91
                  81
                  45
            50000000
                   0
                  15
            50000000
            50000000
                  87
            50000000
                  76
            50000000
                 124
                  15
                   0
            50000000
                  39
            50000000
            50000000
            50000000
            50000000
                 154
                  19
            50000000
                   0
                  25
            50000000
                 109
            50000000
            50000000
            50000000
            50000000
            50000000
            50000000
                   0
                 109
                  98
            50000000
                 108
            50000000
            50000000
                  75
                  87
            50000000
                   0
            50000000
                  11
                  44
            50000000
            50000000
                  86
            50000000
                  98
                 141
                   0
            50000000
            50000000
                 188
            50000000
            50000000
            50000000
                  31
                 132
                 124
 Fixed Cost Component, Cij
                   0
                 350
                 870
                   0
                   0
                   0
                   0
                   0
                 110
                   0
                   0
                   0
                   0
                   0
                   0
                   0
                   0
                   0
                   0
                   0
                   0
                   0
                1240
                   0
                   0
                   0
                 910
                 810
                 450
                   0
                   0
                 150
                   0
                   0
                 870
                   0
                 760
                   0
                1240
                 150
                   0
                   0
                 390
                   0
                   0
                   0
                   0
                1540
                 190
                   0
                   0
                 250
                   0
                1090
                   0
                   0
                   0
                   0
                   0
                   0
                   0
                1090
                 980
                   0
                1080
                   0
                   0
                 750
                 870
                   0
                   0
                   0
                 110
                 440
                   0
                   0
                 860
                   0
                 980
                1410
                   0
                   0
                   0
                1880
                   0
                   0
                   0
                 310
                1320
                1240