          10
           8
           8
           3
           9
           5
           3
           4
           1
           5
 1st Variable Cost Component, Aij
                   0
                   0
                   0
                   0
                   5
                   0
                   0
                   0
                   0
                   0
                   0
                   0
                   0
                   0
                   9
                  14
                   0
                   4
                   0
                   0
                   0
                   0
                   0
                   0
                   0
                   9
                   0
                   0
                   0
                   0
                   0
                   0
                   0
                   7
                   0
                   0
                   5
                   0
                   0
                   0
                   0
                   0
                   0
                   0
                   4
                   0
                   9
                   8
                   0
                  10
                   0
                   9
                  10
                  10
                   0
                   0
                   0
                   0
                   0
                   0
                   0
                   0
                  11
                   0
                  10
                   0
                   0
                  10
                   0
                   6
                   0
                   6
                   0
                   0
                  12
                   0
                   4
                  10
                   0
                   0
                   0
                   0
                  14
                  14
                   5
                   0
                   0
                   0
                   0
                   0
 2nd Variable Cost Component, Bij
                   0
            50000000
            50000000
            50000000
                  56
            50000000
            50000000
            50000000
            50000000
            50000000
                   0
            50000000
            50000000
            50000000
                  96
                 151
            50000000
                  50
            50000000
            50000000
                   0
            50000000
            50000000
            50000000
            50000000
                  92
            50000000
            50000000
            50000000
            50000000
                   0
            50000000
            50000000
                  74
            50000000
            50000000
                  56
            50000000
            50000000
            50000000
                   0
            50000000
            50000000
            50000000
                  51
            50000000
                  96
                  82
            50000000
                 109
                   0
                 102
                 109
                 103
            50000000
            50000000
            50000000
            50000000
            50000000
            50000000
                   0
            50000000
                 119
            50000000
                 108
            50000000
            50000000
                 112
            50000000
                  66
                   0
                  63
            50000000
            50000000
                 132
            50000000
                  51
                 103
            50000000
            50000000
                   0
            50000000
                 149
                 147
                  58
            50000000
            50000000
            50000000
            50000000
            50000000
 Fixed Cost Component, Cij
                   0
                   0
                   0
                   0
               30800
                   0
                   0
                   0
                   0
                   0
                   0
                   0
                   0
                   0
               52800
               83050
                   0
               27500
                   0
                   0
                   0
                   0
                   0
                   0
                   0
               50600
                   0
                   0
                   0
                   0
                   0
                   0
                   0
               40700
                   0
                   0
               30800
                   0
                   0
                   0
                   0
                   0
                   0
                   0
               28050
                   0
               52800
               45100
                   0
               59950
                   0
               56100
               59950
               56650
                   0
                   0
                   0
                   0
                   0
                   0
                   0
                   0
               65450
                   0
               59400
                   0
                   0
               61600
                   0
               36300
                   0
               34650
                   0
                   0
               72600
                   0
               28050
               56650
                   0
                   0
                   0
                   0
               81950
               80850
               31900
                   0
                   0
                   0
                   0
                   0