          10
           3
           3
           2
           2
           6
           5
           4
           3
           8
 1st Variable Cost Component, Aij
                   0
                   0
                   0
                   0
                   6
                   0
                   0
                   1
                   2
                   0
                   0
                  14
                   0
                   0
                   0
                  12
                   0
                   0
                  19
                  14
                   0
                  13
                  19
                   0
                   6
                   0
                   0
                  15
                   0
                  13
                   0
                  11
                   0
                   6
                   0
                   0
                   6
                   0
                  19
                   0
                   0
                   0
                   0
                   0
                   8
                  11
                   0
                   0
                   5
                  10
                   0
                   0
                   0
                  11
                   0
                  12
                   0
                   6
                  14
                   0
                   0
                  15
                  14
                   1
                   0
                  19
                  14
                   4
                   0
                   0
                   0
                   4
                   0
                   0
                   0
                  16
                   0
                   0
                  14
                   4
                   0
                   0
                   0
                  23
                  15
                   3
                  14
                  18
                   0
                  10
 2nd Variable Cost Component, Bij
                   0
            50000000
            50000000
            50000000
                  50
            50000000
            50000000
                  12
                  23
            50000000
                   0
                 117
            50000000
            50000000
            50000000
                 103
            50000000
            50000000
                 154
                 117
                   0
                 105
                 159
            50000000
                  54
            50000000
            50000000
                 124
            50000000
                 105
                   0
                  94
            50000000
                  52
            50000000
            50000000
                  50
            50000000
                 159
            50000000
                   0
            50000000
            50000000
            50000000
                  69
                  95
            50000000
            50000000
                  46
                  84
                   0
            50000000
            50000000
                  92
            50000000
                 103
            50000000
                  52
                 115
            50000000
                   0
                 120
                 118
                  12
            50000000
                 154
                 115
                  38
            50000000
            50000000
                   0
                  33
            50000000
            50000000
            50000000
                 128
            50000000
            50000000
                 118
                  33
                   0
            50000000
            50000000
                 189
                 120
                  31
                 115
                 145
            50000000
                  86
 Fixed Cost Component, Cij
                   0
                   0
                   0
                   0
                 137
                   0
                   0
                  33
                  63
                   0
                   0
                 321
                   0
                   0
                   0
                 283
                   0
                   0
                 423
                 321
                   0
                 288
                 437
                   0
                 148
                   0
                   0
                 341
                   0
                 288
                   0
                 258
                   0
                 143
                   0
                   0
                 137
                   0
                 437
                   0
                   0
                   0
                   0
                   0
                 189
                 261
                   0
                   0
                 126
                 231
                   0
                   0
                   0
                 253
                   0
                 283
                   0
                 143
                 316
                   0
                   0
                 330
                 324
                  33
                   0
                 423
                 316
                 104
                   0
                   0
                   0
                  90
                   0
                   0
                   0
                 352
                   0
                   0
                 324
                  90
                   0
                   0
                   0
                 519
                 330
                  85
                 316
                 398
                   0
                 236