          10
           5
           1
           1
           1
           5
           2
           2
           2
           2
 1st Variable Cost Component, Aij
                   0
                   0
                  25
                   0
                   0
                   0
                   0
                   0
                   0
                   0
                   0
                   0
                   0
                  31
                  16
                   0
                   0
                   0
                   0
                   0
                   0
                   0
                  13
                  15
                  28
                   0
                   0
                  29
                   0
                   0
                   0
                   0
                   0
                   0
                   0
                   0
                   0
                  31
                  13
                   0
                   0
                  17
                  31
                  16
                   0
                   0
                  16
                   0
                   0
                   0
                   0
                  14
                   0
                  10
                   0
                   0
                  28
                   0
                   0
                   0
                   0
                   0
                   0
                  29
                   0
                   3
                   2
                   0
                  18
                   0
                   0
                   0
                   0
                  11
                   0
                   0
                  27
                  10
                   0
                   0
                   0
                  10
                   0
                   0
                  38
                  32
                  19
                   0
                   0
                   0
 2nd Variable Cost Component, Bij
                   0
            50000000
                 121
            50000000
            50000000
            50000000
            50000000
            50000000
            50000000
            50000000
                   0
            50000000
            50000000
                 145
                  77
            50000000
            50000000
            50000000
            50000000
            50000000
                   0
            50000000
                  64
                  73
                 132
            50000000
            50000000
                 137
            50000000
            50000000
                   0
            50000000
            50000000
            50000000
            50000000
            50000000
            50000000
                 145
                  64
            50000000
                   0
                  81
                 146
                  75
            50000000
            50000000
                  77
            50000000
            50000000
            50000000
                   0
                  66
            50000000
                  48
            50000000
            50000000
                 132
            50000000
            50000000
            50000000
                   0
            50000000
            50000000
                 136
            50000000
                  15
                  11
            50000000
                  86
            50000000
                   0
            50000000
            50000000
                  52
            50000000
            50000000
                 129
                  48
            50000000
            50000000
                   0
                  50
            50000000
            50000000
                 179
                 151
                  90
            50000000
            50000000
            50000000
 Fixed Cost Component, Cij
                   0
                   0
                3630
                   0
                   0
                   0
                   0
                   0
                   0
                   0
                   0
                   0
                   0
                4350
                2310
                   0
                   0
                   0
                   0
                   0
                   0
                   0
                1920
                2190
                3960
                   0
                   0
                4110
                   0
                   0
                   0
                   0
                   0
                   0
                   0
                   0
                   0
                4350
                1920
                   0
                   0
                2430
                4380
                2250
                   0
                   0
                2310
                   0
                   0
                   0
                   0
                1980
                   0
                1440
                   0
                   0
                3960
                   0
                   0
                   0
                   0
                   0
                   0
                4080
                   0
                 450
                 330
                   0
                2580
                   0
                   0
                   0
                   0
                1560
                   0
                   0
                3870
                1440
                   0
                   0
                   0
                1500
                   0
                   0
                5370
                4530
                2700
                   0
                   0
                   0