          10
           6
           7
           7
           9
           6
           9
           5
           9
           9
 1st Variable Cost Component, Aij
                   0
                   0
                   2
                   0
                   3
                   3
                   0
                   7
                   0
                   0
                   0
                   2
                   0
                   5
                   0
                   4
                   0
                   0
                   0
                   0
                   0
                   0
                   0
                   0
                   0
                   7
                   3
                   0
                   0
                   6
                   0
                   4
                   0
                   6
                   4
                   2
                   3
                   0
                   3
                   0
                   0
                   0
                   0
                   3
                   3
                   3
                   0
                   1
                   0
                   0
                   0
                   0
                   5
                   1
                   0
                   0
                   0
                   0
                   0
                   2
                   0
                   0
                   4
                   0
                   0
                   0
                   4
                   3
                   5
                   0
                   0
                   5
                   5
                   3
                   3
                   0
                   3
                   1
                   0
                   0
                   0
                   4
                   0
                   5
                   0
                   0
                   6
                   0
                   0
                   8
 2nd Variable Cost Component, Bij
                   0
            50000000
                  34
            50000000
                  54
                  47
            50000000
                 106
            50000000
            50000000
                   0
                  40
            50000000
                  89
            50000000
                  73
            50000000
            50000000
            50000000
            50000000
                   0
            50000000
            50000000
            50000000
            50000000
                 108
                  53
            50000000
            50000000
                  91
                   0
                  68
            50000000
                  95
                  61
                  39
                  54
            50000000
                  59
            50000000
                   0
            50000000
            50000000
                  52
                  51
                  47
            50000000
                  27
            50000000
            50000000
                   0
            50000000
                  84
                  28
                  14
            50000000
            50000000
            50000000
            50000000
                  37
                   0
            50000000
                  64
            50000000
            50000000
            50000000
                  61
                  52
                  84
            50000000
                   0
                  76
                  75
                  56
                  53
            50000000
                  51
                  28
            50000000
            50000000
                   0
                  70
            50000000
                  79
            50000000
            50000000
                 104
            50000000
            50000000
                 131
 Fixed Cost Component, Cij
                   0
                   0
                  18
                   0
                  29
                  25
                   0
                  58
                   0
                   0
                   0
                  22
                   0
                  48
                   0
                  40
                   0
                   0
                   0
                   0
                   0
                   0
                   0
                   0
                   0
                  59
                  29
                   0
                   0
                  50
                   0
                  37
                   0
                  52
                  33
                  21
                  29
                   0
                  32
                   0
                   0
                   0
                   0
                  28
                  28
                  25
                   0
                  14
                   0
                   0
                   0
                   0
                  46
                  15
                   7
                   0
                   0
                   0
                   0
                  20
                   0
                   0
                  35
                   0
                   0
                   0
                  33
                  28
                  46
                   0
                   0
                  41
                  41
                  30
                  29
                   0
                  28
                  15
                   0
                   0
                   0
                  38
                   0
                  43
                   0
                   0
                  57
                   0
                   0
                  72