          10
           9
           2
           2
           2
           6
           8
           4
           9
           6
 1st Variable Cost Component, Aij
                   0
                   0
                   0
                  10
                   0
                   0
                   5
                   0
                   0
                   3
                   0
                   0
                  10
                  13
                   9
                   4
                   0
                  10
                   0
                   0
                   0
                   0
                   0
                   9
                   5
                   0
                   0
                   0
                   0
                  10
                   0
                   6
                   0
                   0
                   5
                   8
                   0
                  13
                   0
                   0
                   0
                   4
                   0
                  12
                   0
                   0
                   9
                   0
                   4
                   4
                   0
                   5
                   9
                   0
                   0
                   0
                   5
                   5
                   0
                   0
                   0
                   0
                   7
                   0
                   0
                   0
                   5
                  12
                   9
                   0
                   0
                   0
                   8
                   0
                   0
                   0
                   5
                   0
                   0
                   0
                   0
                   0
                   0
                  17
                   0
                   3
                   7
                  12
                  13
                   0
 2nd Variable Cost Component, Bij
                   0
            50000000
            50000000
                 115
            50000000
            50000000
                  54
            50000000
            50000000
                  39
                   0
            50000000
                 107
                 143
                 100
                  48
            50000000
                 114
            50000000
            50000000
                   0
            50000000
            50000000
                 105
                  54
            50000000
            50000000
            50000000
            50000000
                 114
                   0
                  70
            50000000
            50000000
                  57
                  95
            50000000
                 143
            50000000
            50000000
                   0
                  43
            50000000
                 128
            50000000
            50000000
                 100
            50000000
                  52
                  43
                   0
                  54
                 104
            50000000
            50000000
            50000000
                  54
                  62
            50000000
            50000000
                   0
            50000000
                  80
            50000000
            50000000
            50000000
                  57
                 128
                 104
            50000000
                   0
            50000000
                  89
            50000000
            50000000
            50000000
                  57
            50000000
            50000000
            50000000
                   0
            50000000
            50000000
                 186
            50000000
                  40
                  82
                 133
                 147
            50000000
 Fixed Cost Component, Cij
                   0
                   0
                   0
               63250
                   0
                   0
               29700
                   0
                   0
               21450
                   0
                   0
               58850
               78650
               55000
               26400
                   0
               62700
                   0
                   0
                   0
                   0
                   0
               57750
               29700
                   0
                   0
                   0
                   0
               62700
                   0
               38500
                   0
                   0
               31350
               52250
                   0
               78650
                   0
                   0
                   0
               23650
                   0
               70400
                   0
                   0
               55000
                   0
               28600
               23650
                   0
               29700
               57200
                   0
                   0
                   0
               29700
               34100
                   0
                   0
                   0
                   0
               44000
                   0
                   0
                   0
               31350
               70400
               57200
                   0
                   0
                   0
               48950
                   0
                   0
                   0
               31350
                   0
                   0
                   0
                   0
                   0
                   0
              102300
                   0
               22000
               45100
               73150
               80850
                   0