          10
           3
           3
           7
           1
           4
           2
           7
           1
           9
 1st Variable Cost Component, Aij
                   0
                   0
                   0
                   5
                  14
                   0
                   7
                   0
                   0
                   0
                   0
                   0
                   0
                   0
                  13
                   0
                   0
                   6
                   0
                   3
                   0
                   7
                   0
                  11
                   0
                   0
                   0
                   5
                   8
                   7
                   0
                  14
                   7
                   0
                   2
                   0
                  14
                   0
                   0
                  14
                   0
                   7
                   9
                   0
                  11
                  10
                   0
                   0
                   0
                   0
                   0
                   2
                   0
                   0
                   0
                  10
                   0
                   0
                   0
                   0
                   0
                   0
                   0
                   0
                   6
                   5
                   0
                   0
                   6
                   0
                   0
                   0
                   0
                   0
                   4
                  10
                  11
                  11
                   0
                   7
                   0
                   0
                  10
                   9
                  17
                  18
                   0
                   0
                   0
                   0
 2nd Variable Cost Component, Bij
                   0
            50000000
            50000000
                  43
                 123
            50000000
                  65
            50000000
            50000000
            50000000
                   0
            50000000
            50000000
            50000000
                 108
            50000000
            50000000
                  57
            50000000
                  25
                   0
                  65
            50000000
                  92
            50000000
            50000000
            50000000
                  43
                  67
                  65
                   0
                 117
                  60
            50000000
                  24
            50000000
                 123
            50000000
            50000000
                 117
                   0
                  65
                  75
            50000000
                  96
                  85
            50000000
            50000000
            50000000
            50000000
                   0
                  20
            50000000
            50000000
            50000000
                  89
            50000000
            50000000
            50000000
            50000000
                   0
            50000000
            50000000
            50000000
                  55
                  45
            50000000
            50000000
                  55
            50000000
                   0
            50000000
            50000000
            50000000
                  33
                  88
                  96
                  93
            50000000
                  65
                   0
            50000000
                  87
                  80
                 145
                 154
            50000000
            50000000
            50000000
            50000000
 Fixed Cost Component, Cij
                   0
                   0
                   0
                 118
                 338
                   0
                 178
                   0
                   0
                   0
                   0
                   0
                   0
                   0
                 297
                   0
                   0
                 156
                   0
                  68
                   0
                 178
                   0
                 253
                   0
                   0
                   0
                 118
                 184
                 178
                   0
                 321
                 165
                   0
                  66
                   0
                 338
                   0
                   0
                 321
                   0
                 178
                 206
                   0
                 264
                 233
                   0
                   0
                   0
                   0
                   0
                  55
                   0
                   0
                   0
                 244
                   0
                   0
                   0
                   0
                   0
                   0
                   0
                   0
                 151
                 123
                   0
                   0
                 151
                   0
                   0
                   0
                   0
                   0
                  90
                 242
                 264
                 255
                   0
                 178
                   0
                   0
                 239
                 220
                 398
                 423
                   0
                   0
                   0
                   0