          10
           3
           8
           5
           5
           8
           7
           9
           2
           2
 1st Variable Cost Component, Aij
                   0
                   0
                   0
                   0
                   0
                   0
                   0
                   0
                   0
                   0
                   0
                   7
                   0
                   0
                   0
                   0
                   0
                   4
                   0
                   7
                   0
                   0
                   0
                   6
                   5
                   5
                   0
                   0
                   9
                   6
                   0
                   0
                   0
                   0
                  11
                   0
                   0
                   0
                   0
                   4
                   0
                   0
                   0
                  15
                   0
                   4
                  11
                   0
                   0
                   0
                   0
                   5
                  11
                   0
                   0
                   0
                   5
                   0
                   0
                   5
                   0
                   0
                   7
                   0
                   7
                   0
                  11
                  15
                  11
                   9
                   0
                   0
                   9
                   4
                  11
                   0
                  13
                  13
                   0
                  12
                   0
                   0
                   0
                   7
                   0
                   0
                  13
                  10
                   1
                  12
 2nd Variable Cost Component, Bij
                   0
            50000000
            50000000
            50000000
            50000000
            50000000
            50000000
            50000000
            50000000
            50000000
                   0
                  79
            50000000
            50000000
            50000000
            50000000
            50000000
                  51
            50000000
                  79
                   0
            50000000
            50000000
                  69
                  60
                  59
            50000000
            50000000
                 100
                  67
                   0
            50000000
            50000000
            50000000
                 124
            50000000
            50000000
            50000000
            50000000
                  46
                   0
            50000000
            50000000
                 170
            50000000
                  49
                 121
            50000000
            50000000
            50000000
                   0
                  63
                 128
            50000000
            50000000
            50000000
                  60
            50000000
            50000000
                  63
                   0
            50000000
                  84
            50000000
                  81
            50000000
                 124
                 170
                 128
                 105
                   0
            50000000
                 105
                  51
                 123
            50000000
                 146
                 147
            50000000
                 132
                   0
            50000000
            50000000
                  79
            50000000
            50000000
                 147
                 119
                  20
                 134
 Fixed Cost Component, Cij
                   0
                   0
                   0
                   0
                   0
                   0
                   0
                   0
                   0
                   0
                   0
                  43
                   0
                   0
                   0
                   0
                   0
                  28
                   0
                  43
                   0
                   0
                   0
                  37
                  33
                  32
                   0
                   0
                  55
                  36
                   0
                   0
                   0
                   0
                  68
                   0
                   0
                   0
                   0
                  25
                   0
                   0
                   0
                  93
                   0
                  26
                  66
                   0
                   0
                   0
                   0
                  34
                  70
                   0
                   0
                   0
                  33
                   0
                   0
                  34
                   0
                   0
                  46
                   0
                  44
                   0
                  68
                  93
                  70
                  57
                   0
                   0
                  57
                  28
                  67
                   0
                  80
                  80
                   0
                  72
                   0
                   0
                   0
                  43
                   0
                   0
                  80
                  65
                  11
                  73