          10
           2
           4
           3
           5
           5
           4
           1
           3
           1
 1st Variable Cost Component, Aij
                   0
                   1
                   0
                   0
                  17
                   0
                  13
                   0
                  10
                   0
                   0
                   0
                  12
                   0
                  15
                   0
                   0
                   9
                   0
                   9
                   0
                   0
                   0
                   0
                   0
                   0
                   0
                   0
                  12
                   0
                   0
                   0
                   8
                   0
                   0
                   0
                  17
                  17
                   0
                   0
                   0
                   0
                   0
                   0
                   0
                   0
                  15
                   0
                   0
                   0
                   0
                   4
                   0
                   0
                  13
                  15
                   6
                  11
                   0
                   0
                   0
                   0
                  20
                   0
                   5
                   0
                   0
                   0
                   9
                   9
                   0
                  11
                   0
                   9
                   0
                  10
                   0
                  18
                   0
                  11
                   0
                  23
                  23
                   0
                   0
                   0
                  27
                  31
                  25
                   0
 2nd Variable Cost Component, Bij
                   0
                  10
            50000000
            50000000
                 111
            50000000
                  86
            50000000
                  63
            50000000
                   0
            50000000
                  76
            50000000
                  97
            50000000
            50000000
                  60
            50000000
                  58
                   0
            50000000
            50000000
            50000000
            50000000
            50000000
            50000000
            50000000
                  76
            50000000
                   0
            50000000
                  54
            50000000
            50000000
            50000000
                 111
                 111
            50000000
            50000000
                   0
            50000000
            50000000
            50000000
            50000000
            50000000
                  97
            50000000
            50000000
            50000000
                   0
                  26
            50000000
            50000000
                  86
                  97
                  40
                  74
            50000000
            50000000
                   0
            50000000
                 125
            50000000
                  36
            50000000
            50000000
            50000000
                  62
                  61
                   0
                  74
            50000000
                  60
            50000000
                  63
            50000000
                 112
            50000000
                  74
                   0
                 149
                 147
            50000000
            50000000
            50000000
                 172
                 193
                 156
            50000000
 Fixed Cost Component, Cij
                   0
                 100
                   0
                   0
                1110
                   0
                 860
                   0
                 630
                   0
                   0
                   0
                 760
                   0
                 970
                   0
                   0
                 600
                   0
                 580
                   0
                   0
                   0
                   0
                   0
                   0
                   0
                   0
                 760
                   0
                   0
                   0
                 540
                   0
                   0
                   0
                1110
                1110
                   0
                   0
                   0
                   0
                   0
                   0
                   0
                   0
                 970
                   0
                   0
                   0
                   0
                 260
                   0
                   0
                 860
                 970
                 400
                 740
                   0
                   0
                   0
                   0
                1250
                   0
                 360
                   0
                   0
                   0
                 620
                 610
                   0
                 740
                   0
                 600
                   0
                 630
                   0
                1120
                   0
                 740
                   0
                1490
                1470
                   0
                   0
                   0
                1720
                1930
                1560
                   0