          10
           9
          10
           3
           8
           8
           1
           8
           4
           6
 1st Variable Cost Component, Aij
                   0
                   0
                   0
                   8
                   0
                   0
                   0
                   8
                   0
                   0
                   0
                   2
                   4
                   0
                   2
                   0
                   0
                   0
                   0
                   0
                   0
                   0
                   0
                   0
                   4
                   0
                   0
                   8
                   0
                   0
                   0
                   4
                   2
                   0
                   0
                   4
                   7
                   3
                   0
                   0
                   0
                   4
                   4
                   0
                   0
                   0
                   2
                   0
                   2
                   0
                   0
                   0
                   0
                   0
                   0
                   0
                   0
                   0
                   0
                   0
                   0
                   0
                   0
                   0
                   5
                   5
                   0
                   0
                   0
                   0
                   0
                   6
                   0
                   1
                   0
                   4
                   0
                   2
                   0
                   6
                   0
                   0
                   2
                   0
                   5
                   6
                   0
                   7
                   8
                   0
 2nd Variable Cost Component, Bij
                   0
            50000000
            50000000
                 103
            50000000
            50000000
            50000000
                 108
            50000000
            50000000
                   0
                  29
                  53
            50000000
                  33
            50000000
            50000000
            50000000
            50000000
            50000000
                   0
            50000000
            50000000
            50000000
                  54
            50000000
            50000000
                 103
            50000000
            50000000
                   0
                  51
                  31
            50000000
            50000000
                  59
                  98
                  48
            50000000
            50000000
                   0
                  60
                  61
            50000000
            50000000
            50000000
                  33
            50000000
                  31
            50000000
                   0
            50000000
            50000000
            50000000
            50000000
            50000000
            50000000
            50000000
            50000000
            50000000
                   0
            50000000
            50000000
            50000000
                  68
                  73
            50000000
            50000000
            50000000
            50000000
                   0
                  80
            50000000
                  13
            50000000
                  59
            50000000
                  33
            50000000
                  80
                   0
            50000000
                  37
            50000000
                  65
                  82
            50000000
                  96
                 104
            50000000
 Fixed Cost Component, Cij
                   0
                   0
                   0
                  56
                   0
                   0
                   0
                  59
                   0
                   0
                   0
                  15
                  29
                   0
                  18
                   0
                   0
                   0
                   0
                   0
                   0
                   0
                   0
                   0
                  29
                   0
                   0
                  56
                   0
                   0
                   0
                  28
                  17
                   0
                   0
                  32
                  53
                  26
                   0
                   0
                   0
                  33
                  33
                   0
                   0
                   0
                  18
                   0
                  17
                   0
                   0
                   0
                   0
                   0
                   0
                   0
                   0
                   0
                   0
                   0
                   0
                   0
                   0
                   0
                  37
                  40
                   0
                   0
                   0
                   0
                   0
                  44
                   0
                   7
                   0
                  32
                   0
                  18
                   0
                  44
                   0
                   0
                  20
                   0
                  35
                  45
                   0
                  52
                  57
                   0