          10
           7
           5
           4
           1
           8
           3
           6
           4
           2
 1st Variable Cost Component, Aij
                   0
                   0
                   0
                   5
                   4
                   0
                   0
                   0
                  16
                   7
                   0
                   0
                   0
                   7
                   9
                   2
                   0
                  11
                   0
                   1
                   0
                   8
                   0
                   0
                   0
                   0
                   9
                   5
                   0
                   8
                   0
                   0
                   4
                   0
                   0
                   0
                   0
                   7
                   0
                   1
                   0
                   0
                   6
                   0
                   0
                   0
                   0
                   0
                   0
                   0
                   0
                   0
                   0
                   0
                   0
                   2
                   3
                   6
                   6
                   9
                   0
                   0
                   0
                  14
                   0
                   0
                  14
                   0
                  15
                   0
                   0
                   0
                  16
                   0
                   0
                   0
                  12
                   8
                  12
                   0
                   0
                   0
                  10
                  11
                   8
                   0
                  13
                   0
                  16
                  19
 2nd Variable Cost Component, Bij
                   0
            50000000
            50000000
                  50
                  38
            50000000
            50000000
            50000000
                 143
                  71
                   0
            50000000
            50000000
                  68
                  87
                  19
            50000000
                  99
            50000000
                  14
                   0
                  74
            50000000
            50000000
            50000000
            50000000
                  87
                  50
            50000000
                  74
                   0
            50000000
                  37
            50000000
            50000000
            50000000
            50000000
                  68
            50000000
                  12
                   0
            50000000
                  54
            50000000
            50000000
            50000000
            50000000
            50000000
            50000000
            50000000
                   0
            50000000
            50000000
            50000000
            50000000
                  19
                  30
                  59
                  54
                  82
                   0
            50000000
            50000000
                 132
            50000000
            50000000
                 130
            50000000
                 135
            50000000
                   0
            50000000
                 143
            50000000
            50000000
            50000000
                 112
                  75
                 108
            50000000
                   0
            50000000
                  93
                 105
                  79
            50000000
                 116
            50000000
                 150
                 172
 Fixed Cost Component, Cij
                   0
                   0
                   0
                 275
                 209
                   0
                   0
                   0
                 786
                 390
                   0
                   0
                   0
                 374
                 478
                 104
                   0
                 544
                   0
                  77
                   0
                 407
                   0
                   0
                   0
                   0
                 478
                 275
                   0
                 407
                   0
                   0
                 203
                   0
                   0
                   0
                   0
                 374
                   0
                  66
                   0
                   0
                 297
                   0
                   0
                   0
                   0
                   0
                   0
                   0
                   0
                   0
                   0
                   0
                   0
                 104
                 165
                 324
                 297
                 451
                   0
                   0
                   0
                 726
                   0
                   0
                 715
                   0
                 742
                   0
                   0
                   0
                 786
                   0
                   0
                   0
                 616
                 412
                 594
                   0
                   0
                   0
                 511
                 577
                 434
                   0
                 638
                   0
                 825
                 946