          10
           1
           2
           4
           2
           3
           4
           2
           3
           3
 1st Variable Cost Component, Aij
                   0
                  11
                   0
                   0
                  19
                   0
                   0
                  14
                  21
                   0
                   0
                  10
                   0
                   0
                  14
                   0
                   0
                   0
                   0
                   0
                   0
                   0
                  27
                  14
                   0
                   0
                   0
                   0
                   0
                   0
                   0
                   0
                   0
                   0
                   0
                   0
                  19
                  19
                   0
                  27
                   0
                  33
                  24
                   0
                   0
                   0
                  14
                   0
                   0
                   0
                   0
                   0
                   3
                  14
                  16
                   0
                   4
                   0
                  24
                   0
                   0
                   0
                   4
                   0
                   0
                   0
                   0
                  30
                   0
                   0
                   0
                  14
                   0
                  10
                   0
                   0
                   0
                   0
                   0
                   0
                   0
                   0
                   0
                  17
                   0
                   0
                   0
                  16
                   8
                   0
 2nd Variable Cost Component, Bij
                   0
                  61
            50000000
            50000000
                 104
            50000000
            50000000
                  78
                 115
            50000000
                   0
                  57
            50000000
            50000000
                  77
            50000000
            50000000
            50000000
            50000000
            50000000
                   0
            50000000
                 145
                  77
            50000000
            50000000
                   2
            50000000
            50000000
            50000000
                   0
            50000000
            50000000
            50000000
            50000000
            50000000
                 104
                 102
            50000000
                 148
                   0
                 177
                 130
            50000000
            50000000
            50000000
                  77
            50000000
            50000000
            50000000
                   0
            50000000
                  18
                  79
                  90
            50000000
                  25
            50000000
                 130
            50000000
                   0
            50000000
                  25
            50000000
            50000000
            50000000
            50000000
                 160
            50000000
            50000000
                   0
                  76
            50000000
                  56
            50000000
            50000000
            50000000
            50000000
            50000000
            50000000
                   0
            50000000
            50000000
                  93
            50000000
            50000000
            50000000
                  87
                  47
            50000000
 Fixed Cost Component, Cij
                   0
                 183
                   0
                   0
                 312
                   0
                   0
                 234
                 345
                   0
                   0
                 171
                   0
                   0
                 231
                   0
                   0
                   0
                   0
                   0
                   0
                   0
                 435
                 231
                   0
                   0
                   6
                   0
                   0
                   0
                   0
                   0
                   0
                   0
                   0
                   0
                 312
                 306
                   0
                 444
                   0
                 531
                 390
                   0
                   0
                   0
                 231
                   0
                   0
                   0
                   0
                   0
                  54
                 237
                 270
                   0
                  75
                   0
                 390
                   0
                   0
                   0
                  75
                   0
                   0
                   0
                   0
                 480
                   0
                   0
                   0
                 228
                   0
                 168
                   0
                   0
                   0
                   0
                   0
                   0
                   0
                   0
                   0
                 279
                   0
                   0
                   0
                 261
                 141
                   0