          10
           3
           1
           1
           4
           2
           2
           3
           2
           3
 1st Variable Cost Component, Aij
                   0
                   0
                  19
                   0
                   0
                   0
                   0
                   0
                   1
                   0
                   0
                  23
                   0
                  11
                   7
                   0
                   0
                  11
                   0
                  23
                   0
                  12
                   0
                   0
                   0
                  27
                  18
                   0
                   0
                   0
                   0
                   1
                   3
                   0
                  17
                  10
                  13
                  11
                   0
                   1
                   0
                   0
                   1
                  18
                  12
                   0
                   0
                  15
                   3
                   0
                   0
                   0
                  15
                  10
                  13
                   0
                   0
                   0
                   1
                   0
                   0
                  17
                   0
                   0
                  11
                   0
                   0
                  18
                  15
                   0
                   0
                   0
                   0
                  11
                  18
                   0
                   0
                   0
                  11
                   0
                   0
                  24
                  10
                  29
                   0
                  17
                   0
                   0
                  21
                   0
 2nd Variable Cost Component, Bij
                   0
            50000000
                  92
            50000000
            50000000
            50000000
            50000000
            50000000
                   9
            50000000
                   0
                 110
            50000000
                  53
                  36
            50000000
            50000000
                  55
            50000000
                 110
                   0
                  58
            50000000
            50000000
            50000000
                 127
                  86
            50000000
            50000000
            50000000
                   0
                   8
                  16
            50000000
                  80
                  49
                  65
                  53
            50000000
                   8
                   0
            50000000
                   6
                  85
                  56
            50000000
            50000000
                  74
                  16
            50000000
                   0
            50000000
                  70
                  47
                  61
            50000000
            50000000
            50000000
                   6
            50000000
                   0
                  83
            50000000
            50000000
                  53
            50000000
            50000000
                  85
                  70
            50000000
                   0
            50000000
            50000000
                  55
                  86
            50000000
            50000000
            50000000
                  52
            50000000
                   0
                 112
                  51
                 139
            50000000
                  80
            50000000
            50000000
                 100
            50000000
 Fixed Cost Component, Cij
                   0
                   0
               27600
                   0
                   0
                   0
                   0
                   0
                2700
                   0
                   0
               33000
                   0
               15900
               10800
                   0
                   0
               16500
                   0
               33000
                   0
               17400
                   0
                   0
                   0
               38100
               25800
                   0
                   0
                   0
                   0
                2400
                4800
                   0
               24000
               14700
               19500
               15900
                   0
                2400
                   0
                   0
                1800
               25500
               16800
                   0
                   0
               22200
                4800
                   0
                   0
                   0
               21000
               14100
               18300
                   0
                   0
                   0
                1800
                   0
                   0
               24900
                   0
                   0
               15900
                   0
                   0
               25500
               21000
                   0
                   0
                   0
                   0
               16500
               25800
                   0
                   0
                   0
               15600
                   0
                   0
               33600
               15300
               41700
                   0
               24000
                   0
                   0
               30000
                   0