          10
           3
           3
           3
           3
           5
           2
           2
           5
           1
 1st Variable Cost Component, Aij
                   0
                   0
                   0
                   0
                  14
                   0
                  10
                  20
                  19
                   0
                   0
                   0
                   0
                   7
                   0
                   0
                  13
                   0
                  12
                   0
                   0
                  16
                   0
                   9
                   0
                  17
                   8
                   0
                  15
                  16
                   0
                   8
                   6
                  13
                   6
                  10
                   0
                   0
                   0
                   8
                   0
                   0
                   4
                   0
                   7
                   0
                  12
                   9
                   6
                   0
                   0
                   0
                   0
                   0
                   0
                   4
                   0
                   0
                   4
                   0
                   0
                   0
                   0
                  20
                   0
                   0
                   0
                   0
                  10
                  13
                   0
                   0
                   0
                  13
                   0
                   0
                   0
                   4
                   0
                   0
                   0
                   0
                  21
                   0
                  21
                  18
                   0
                   0
                   0
                   0
 2nd Variable Cost Component, Bij
                   0
            50000000
            50000000
            50000000
                  85
            50000000
                  65
                 120
                 115
            50000000
                   0
            50000000
            50000000
                  44
            50000000
            50000000
                  81
            50000000
                  76
            50000000
                   0
                  97
            50000000
                  59
            50000000
                 105
                  48
            50000000
                  93
                  97
                   0
                  53
                  40
                  79
                  37
                  63
            50000000
            50000000
            50000000
                  53
                   0
            50000000
                  26
            50000000
                  44
            50000000
                  72
                  59
                  40
            50000000
                   0
            50000000
            50000000
            50000000
            50000000
                  29
            50000000
            50000000
                  26
            50000000
                   0
            50000000
            50000000
                 120
            50000000
            50000000
            50000000
            50000000
                  61
                  78
                   0
            50000000
            50000000
                  79
            50000000
            50000000
            50000000
                  24
            50000000
            50000000
                   0
            50000000
                 128
            50000000
                 130
                 108
            50000000
            50000000
            50000000
            50000000
 Fixed Cost Component, Cij
                   0
                   0
                   0
                   0
                2550
                   0
                1950
                3600
                3450
                   0
                   0
                   0
                   0
                1320
                   0
                   0
                2430
                   0
                2280
                   0
                   0
                2910
                   0
                1770
                   0
                3150
                1440
                   0
                2790
                2910
                   0
                1590
                1200
                2370
                1110
                1890
                   0
                   0
                   0
                1590
                   0
                   0
                 780
                   0
                1320
                   0
                2160
                1770
                1200
                   0
                   0
                   0
                   0
                   0
                   0
                 870
                   0
                   0
                 780
                   0
                   0
                   0
                   0
                3600
                   0
                   0
                   0
                   0
                1830
                2340
                   0
                   0
                   0
                2370
                   0
                   0
                   0
                 720
                   0
                   0
                   0
                   0
                3840
                   0
                3900
                3240
                   0
                   0
                   0
                   0