          10
           3
           2
           1
           2
           3
           2
           1
           2
           3
 1st Variable Cost Component, Aij
                   0
                   9
                   0
                  14
                  12
                  17
                   0
                  13
                  22
                   0
                   0
                   0
                   0
                  20
                   0
                   0
                   0
                   0
                  14
                  19
                   0
                   0
                  19
                   0
                   0
                  17
                  16
                  14
                   0
                  19
                   0
                   0
                   0
                  17
                   0
                   0
                  12
                   0
                   0
                   0
                   0
                   0
                   0
                   0
                   0
                   0
                   0
                   0
                   0
                   0
                   0
                   0
                   0
                   0
                   0
                   0
                   0
                   0
                   0
                   0
                   0
                  12
                   0
                  13
                  22
                  17
                   0
                   4
                   9
                  12
                   0
                   0
                  22
                   0
                   0
                   0
                  16
                  20
                   0
                   0
                   0
                   0
                   0
                  27
                   0
                   8
                   0
                  15
                  11
                   0
 2nd Variable Cost Component, Bij
                   0
                  38
            50000000
                  60
                  51
                  73
            50000000
                  57
                  93
            50000000
                   0
            50000000
            50000000
                  87
            50000000
            50000000
            50000000
            50000000
                  62
                  81
                   0
            50000000
                  83
            50000000
            50000000
                  73
                  69
                  60
            50000000
                  82
                   0
            50000000
            50000000
                  73
            50000000
            50000000
                  51
            50000000
            50000000
            50000000
                   0
            50000000
            50000000
            50000000
            50000000
            50000000
            50000000
            50000000
            50000000
            50000000
                   0
            50000000
            50000000
            50000000
            50000000
            50000000
            50000000
            50000000
            50000000
            50000000
                   0
                  54
            50000000
                  57
                  95
                  73
            50000000
                  18
                  39
                  54
                   0
            50000000
                  93
            50000000
            50000000
            50000000
                  69
                  85
            50000000
            50000000
                   0
            50000000
            50000000
                 118
            50000000
                  36
            50000000
                  65
                  48
            50000000
 Fixed Cost Component, Cij
                   0
                1140
                   0
                1800
                1530
                2190
                   0
                1710
                2790
                   0
                   0
                   0
                   0
                2610
                   0
                   0
                   0
                   0
                1860
                2430
                   0
                   0
                2490
                   0
                   0
                2190
                2070
                1800
                   0
                2460
                   0
                   0
                   0
                2190
                   0
                   0
                1530
                   0
                   0
                   0
                   0
                   0
                   0
                   0
                   0
                   0
                   0
                   0
                   0
                   0
                   0
                   0
                   0
                   0
                   0
                   0
                   0
                   0
                   0
                   0
                   0
                1620
                   0
                1710
                2850
                2190
                   0
                 540
                1170
                1620
                   0
                   0
                2790
                   0
                   0
                   0
                2070
                2550
                   0
                   0
                   0
                   0
                   0
                3540
                   0
                1080
                   0
                1950
                1440
                   0