          10
           3
           1
           2
           2
           1
           1
           1
           5
           5
 1st Variable Cost Component, Aij
                   0
                   0
                   0
                  18
                   0
                   0
                   6
                   0
                  20
                   6
                   0
                  23
                   0
                  20
                   0
                  12
                  14
                   0
                  17
                  23
                   0
                  21
                   0
                  15
                   0
                   0
                   0
                   0
                   0
                  21
                   0
                  18
                   0
                  18
                   0
                   0
                   0
                  20
                   0
                   0
                   0
                   0
                   9
                   0
                   0
                   0
                   0
                   0
                   0
                   0
                   0
                   0
                   6
                   0
                   6
                   0
                   0
                   0
                   0
                   0
                   0
                   3
                   0
                   8
                   0
                   0
                   0
                   0
                   6
                   3
                   0
                   0
                   0
                  15
                   0
                   0
                   0
                  19
                   0
                   0
                   0
                   0
                  27
                   6
                  27
                   0
                   0
                  15
                  13
                   0
 2nd Variable Cost Component, Bij
                   0
            50000000
            50000000
                  85
            50000000
            50000000
                  28
            50000000
                  96
                  29
                   0
                 108
            50000000
                  94
            50000000
                  57
                  66
            50000000
                  83
                 108
                   0
                  98
            50000000
                  72
            50000000
            50000000
            50000000
            50000000
            50000000
                  98
                   0
                  85
            50000000
                  88
            50000000
            50000000
            50000000
                  94
            50000000
            50000000
                   0
            50000000
                  45
            50000000
            50000000
            50000000
            50000000
            50000000
            50000000
            50000000
                   0
            50000000
                  30
            50000000
                  28
            50000000
            50000000
            50000000
            50000000
            50000000
                   0
                  18
            50000000
                  41
            50000000
            50000000
            50000000
            50000000
                  30
                  18
                   0
            50000000
            50000000
                  72
            50000000
            50000000
            50000000
                  92
            50000000
            50000000
                   0
            50000000
                 129
                  31
                 129
            50000000
            50000000
                  73
                  65
            50000000
 Fixed Cost Component, Cij
                   0
                   0
                   0
                 850
                   0
                   0
                 280
                   0
                 960
                 290
                   0
                1080
                   0
                 940
                   0
                 570
                 660
                   0
                 830
                1080
                   0
                 980
                   0
                 720
                   0
                   0
                   0
                   0
                   0
                 980
                   0
                 850
                   0
                 880
                   0
                   0
                   0
                 940
                   0
                   0
                   0
                   0
                 450
                   0
                   0
                   0
                   0
                   0
                   0
                   0
                   0
                   0
                 300
                   0
                 280
                   0
                   0
                   0
                   0
                   0
                   0
                 180
                   0
                 410
                   0
                   0
                   0
                   0
                 300
                 180
                   0
                   0
                   0
                 720
                   0
                   0
                   0
                 920
                   0
                   0
                   0
                   0
                1290
                 310
                1290
                   0
                   0
                 730
                 650
                   0