          10
           7
           9
           7
           2
           8
           5
           5
           3
           1
 1st Variable Cost Component, Aij
                   0
                   0
                   0
                   3
                   0
                  10
                   0
                   0
                   7
                   0
                   0
                   6
                   0
                   0
                   0
                   0
                   0
                   9
                   4
                   0
                   0
                   0
                  10
                   0
                   0
                   4
                   8
                   0
                   7
                   0
                   0
                   7
                   0
                   6
                   0
                   4
                   0
                  13
                   0
                   0
                   0
                   6
                  10
                   8
                   0
                  10
                  11
                   0
                   0
                   0
                   0
                   0
                   0
                   3
                   4
                  12
                   0
                   6
                   0
                   0
                   0
                   0
                  11
                   0
                  11
                   4
                   0
                   8
                   0
                   0
                   0
                   0
                   0
                   9
                   0
                   0
                   0
                   3
                  11
                   0
                   0
                   7
                  13
                   0
                   9
                  14
                   0
                   3
                   0
                   0
 2nd Variable Cost Component, Bij
                   0
            50000000
            50000000
                  37
            50000000
                 111
            50000000
            50000000
                  75
            50000000
                   0
                  64
            50000000
            50000000
            50000000
            50000000
            50000000
                  98
                  52
            50000000
                   0
            50000000
                 111
            50000000
            50000000
                  52
                  86
            50000000
                  76
            50000000
                   0
                  77
            50000000
                  72
            50000000
                  52
            50000000
                 146
            50000000
            50000000
                   0
                  73
                 114
                  91
            50000000
                 111
                 119
            50000000
            50000000
            50000000
                   0
            50000000
            50000000
                  37
                  46
                 126
            50000000
                  72
            50000000
            50000000
                   0
            50000000
                 119
            50000000
                 115
                  52
            50000000
                  91
            50000000
            50000000
                   0
            50000000
            50000000
                  98
            50000000
            50000000
            50000000
                  37
                 119
            50000000
                   0
                  79
                 136
            50000000
                  99
                 149
            50000000
                  34
            50000000
            50000000
 Fixed Cost Component, Cij
                   0
                   0
                   0
                 203
                   0
                 610
                   0
                   0
                 412
                   0
                   0
                 352
                   0
                   0
                   0
                   0
                   0
                 539
                 286
                   0
                   0
                   0
                 610
                   0
                   0
                 286
                 473
                   0
                 418
                   0
                   0
                 423
                   0
                 396
                   0
                 286
                   0
                 803
                   0
                   0
                   0
                 401
                 627
                 500
                   0
                 610
                 654
                   0
                   0
                   0
                   0
                   0
                   0
                 203
                 253
                 693
                   0
                 396
                   0
                   0
                   0
                   0
                 654
                   0
                 632
                 286
                   0
                 500
                   0
                   0
                   0
                   0
                   0
                 539
                   0
                   0
                   0
                 203
                 654
                   0
                   0
                 434
                 748
                   0
                 544
                 819
                   0
                 187
                   0
                   0