          10
           8
           6
           2
           1
           3
           7
           3
           7
           7
 1st Variable Cost Component, Aij
                   0
                   0
                   0
                  10
                   0
                   0
                   0
                   0
                   0
                   2
                   0
                   0
                  10
                   0
                   6
                  14
                   0
                   6
                   0
                   0
                   0
                  10
                   0
                   0
                   0
                   0
                   3
                   0
                   0
                   0
                   0
                   6
                   0
                   0
                  16
                   0
                   0
                  13
                   8
                   0
                   0
                   0
                   0
                   0
                   0
                   0
                   6
                  10
                   5
                   0
                   0
                   0
                  13
                   0
                  13
                   0
                  11
                   0
                   0
                  10
                   0
                   0
                   9
                   0
                   7
                   0
                   0
                   0
                   0
                  19
                   0
                   0
                   0
                   6
                   0
                   6
                   0
                   6
                   0
                   0
                   0
                   6
                   8
                   9
                   0
                   0
                  14
                  20
                   0
                   0
 2nd Variable Cost Component, Bij
                   0
            50000000
            50000000
                 101
            50000000
            50000000
            50000000
            50000000
            50000000
                  29
                   0
            50000000
                 101
            50000000
                  61
                 143
            50000000
                  60
            50000000
            50000000
                   0
                  99
            50000000
            50000000
            50000000
            50000000
                  37
            50000000
            50000000
            50000000
                   0
                  67
            50000000
            50000000
                 159
            50000000
            50000000
                 132
                  82
            50000000
                   0
            50000000
            50000000
            50000000
            50000000
            50000000
                  61
                 101
                  54
            50000000
                   0
            50000000
                 133
            50000000
                 134
            50000000
                 110
            50000000
            50000000
                 105
                   0
            50000000
                  91
            50000000
                  76
            50000000
            50000000
            50000000
            50000000
                 186
                   0
            50000000
            50000000
                  60
            50000000
                  66
            50000000
                  65
            50000000
            50000000
                   0
                  67
                  79
                  92
            50000000
            50000000
                 139
                 196
            50000000
            50000000
 Fixed Cost Component, Cij
                   0
                   0
                   0
                5555
                   0
                   0
                   0
                   0
                   0
                1595
                   0
                   0
                5555
                   0
                3355
                7865
                   0
                3300
                   0
                   0
                   0
                5445
                   0
                   0
                   0
                   0
                2035
                   0
                   0
                   0
                   0
                3685
                   0
                   0
                8745
                   0
                   0
                7260
                4510
                   0
                   0
                   0
                   0
                   0
                   0
                   0
                3355
                5555
                2970
                   0
                   0
                   0
                7315
                   0
                7370
                   0
                6050
                   0
                   0
                5775
                   0
                   0
                5005
                   0
                4180
                   0
                   0
                   0
                   0
               10230
                   0
                   0
                   0
                3300
                   0
                3630
                   0
                3575
                   0
                   0
                   0
                3685
                4345
                5060
                   0
                   0
                7645
               10780
                   0
                   0