          10
           7
          10
           3
           6
           3
           2
           4
           9
           8
 1st Variable Cost Component, Aij
                   0
                   0
                   0
                   0
                   1
                   0
                   0
                   0
                   0
                   0
                   0
                  12
                   9
                   0
                   6
                  11
                   0
                  14
                   6
                   0
                   0
                   0
                   0
                   9
                   0
                   0
                   0
                  12
                   0
                   0
                   0
                   0
                  11
                   9
                   2
                   8
                   0
                   0
                   0
                   0
                   0
                   0
                   0
                   0
                  10
                   0
                   0
                   0
                   0
                   0
                   0
                   0
                   8
                   0
                   5
                   0
                   0
                   0
                   0
                   0
                   0
                   0
                   0
                   9
                   7
                   0
                   0
                   0
                   0
                   0
                   0
                   8
                   9
                  14
                   0
                   0
                   0
                  11
                   0
                   0
                   0
                   0
                  10
                   0
                   0
                   0
                  13
                   0
                   0
                  11
 2nd Variable Cost Component, Bij
                   0
            50000000
            50000000
            50000000
                  23
            50000000
            50000000
            50000000
            50000000
            50000000
                   0
                 146
                 114
            50000000
                  70
                 133
            50000000
                 163
                  78
            50000000
                   0
            50000000
            50000000
                 109
            50000000
            50000000
            50000000
                 143
            50000000
            50000000
                   0
            50000000
                 135
                 107
                  33
                 100
            50000000
            50000000
            50000000
            50000000
                   0
            50000000
            50000000
            50000000
                 123
            50000000
            50000000
            50000000
            50000000
            50000000
                   0
            50000000
                 102
            50000000
                  61
            50000000
            50000000
            50000000
            50000000
            50000000
                   0
            50000000
            50000000
                 112
                  86
            50000000
            50000000
            50000000
            50000000
            50000000
                   0
                  94
                 107
                 163
            50000000
            50000000
            50000000
                 135
            50000000
            50000000
                   0
            50000000
                 123
            50000000
            50000000
            50000000
                 157
            50000000
            50000000
                 128
 Fixed Cost Component, Cij
                   0
                   0
                   0
                   0
                  63
                   0
                   0
                   0
                   0
                   0
                   0
                 401
                 313
                   0
                 192
                 365
                   0
                 448
                 214
                   0
                   0
                   0
                   0
                 299
                   0
                   0
                   0
                 393
                   0
                   0
                   0
                   0
                 371
                 294
                  90
                 275
                   0
                   0
                   0
                   0
                   0
                   0
                   0
                   0
                 338
                   0
                   0
                   0
                   0
                   0
                   0
                   0
                 280
                   0
                 167
                   0
                   0
                   0
                   0
                   0
                   0
                   0
                   0
                 308
                 236
                   0
                   0
                   0
                   0
                   0
                   0
                 258
                 294
                 448
                   0
                   0
                   0
                 371
                   0
                   0
                   0
                   0
                 338
                   0
                   0
                   0
                 431
                   0
                   0
                 352