          10
           4
           1
           5
           2
           2
           4
           1
           2
           4
 1st Variable Cost Component, Aij
                   0
                   0
                   0
                   3
                   0
                   4
                   0
                   0
                  19
                  14
                   0
                   3
                  16
                   0
                   0
                  18
                  27
                   0
                   0
                   0
                   0
                  18
                   0
                  15
                   0
                  28
                   0
                   3
                  16
                  18
                   0
                   0
                   7
                   7
                   0
                  22
                   0
                  25
                  26
                   0
                   0
                   0
                   0
                   1
                   0
                   0
                  15
                   0
                   0
                   0
                   0
                   3
                  13
                  15
                   5
                   0
                   0
                   7
                   0
                   3
                   0
                  10
                   0
                  12
                   0
                  28
                   0
                   0
                  13
                  10
                   0
                  24
                   0
                   0
                   0
                   0
                  23
                   0
                   0
                   0
                   0
                  22
                   8
                   0
                   0
                  32
                  22
                   0
                  34
                   0
 2nd Variable Cost Component, Bij
                   0
            50000000
            50000000
                  21
            50000000
                  23
            50000000
            50000000
                 106
                  79
                   0
                  20
                  91
            50000000
            50000000
                 104
                 150
            50000000
            50000000
            50000000
                   0
                 102
            50000000
                  86
            50000000
                 157
            50000000
                  21
                  91
                 102
                   0
            50000000
                  41
                  43
            50000000
                 125
            50000000
                 139
                 146
            50000000
                   0
            50000000
            50000000
                  11
            50000000
            50000000
                  84
            50000000
            50000000
            50000000
                   0
                  20
                  74
                  84
                  32
            50000000
            50000000
                  43
            50000000
                  20
                   0
                  57
            50000000
                  71
            50000000
                 157
            50000000
            50000000
                  74
                  57
                   0
                 136
            50000000
            50000000
            50000000
            50000000
                 128
            50000000
            50000000
            50000000
                   0
                 123
                  49
            50000000
            50000000
                 183
                 123
            50000000
                 194
            50000000
 Fixed Cost Component, Cij
                   0
                   0
                   0
                  63
                   0
                  69
                   0
                   0
                 318
                 237
                   0
                  60
                 273
                   0
                   0
                 312
                 450
                   0
                   0
                   0
                   0
                 306
                   0
                 258
                   0
                 471
                   0
                  63
                 273
                 306
                   0
                   0
                 123
                 129
                   0
                 375
                   0
                 417
                 438
                   0
                   0
                   0
                   0
                  33
                   0
                   0
                 252
                   0
                   0
                   0
                   0
                  60
                 222
                 252
                  96
                   0
                   0
                 129
                   0
                  60
                   0
                 171
                   0
                 213
                   0
                 471
                   0
                   0
                 222
                 171
                   0
                 408
                   0
                   0
                   0
                   0
                 384
                   0
                   0
                   0
                   0
                 369
                 147
                   0
                   0
                 549
                 369
                   0
                 582
                   0