          10
           1
           5
           1
           2
           3
           1
           2
           4
           1
 1st Variable Cost Component, Aij
                   0
                   0
                  27
                   0
                  15
                   0
                  16
                  28
                  21
                   0
                   0
                   0
                   0
                   0
                   0
                  18
                   0
                   0
                   0
                   0
                   0
                   0
                   0
                  25
                   0
                   0
                  14
                  16
                   0
                  19
                   0
                  25
                   0
                  23
                   0
                   5
                  15
                  17
                  24
                  25
                   0
                  25
                   0
                  24
                   0
                  13
                   0
                   0
                   0
                  25
                   0
                  24
                   0
                   0
                   0
                   0
                   0
                   0
                   0
                   0
                   0
                   0
                  23
                   0
                   0
                   0
                   0
                   0
                  26
                  20
                   0
                   0
                  21
                   0
                   0
                   0
                   0
                  13
                  23
                   0
                   0
                   0
                   0
                  38
                  27
                  20
                   0
                   0
                   0
                  31
 2nd Variable Cost Component, Bij
                   0
            50000000
                 123
            50000000
                  70
            50000000
                  72
                 125
                  94
            50000000
                   0
            50000000
            50000000
            50000000
            50000000
                  82
            50000000
            50000000
            50000000
            50000000
                   0
            50000000
            50000000
                 115
            50000000
                   3
                  66
                  74
            50000000
                  87
                   0
                 113
            50000000
                 103
            50000000
                  26
                  70
                  79
                 107
                 113
                   0
                 115
            50000000
                 107
            50000000
                  58
            50000000
            50000000
            50000000
                 115
                   0
                 109
            50000000
            50000000
            50000000
            50000000
            50000000
            50000000
            50000000
            50000000
                   0
            50000000
                 106
            50000000
            50000000
                   3
            50000000
            50000000
                 118
                  91
                   0
            50000000
                  94
            50000000
            50000000
            50000000
            50000000
                  58
                 106
            50000000
                   0
            50000000
            50000000
                 170
                 121
                  91
            50000000
            50000000
            50000000
                 142
 Fixed Cost Component, Cij
                   0
                   0
                 184
                   0
                 105
                   0
                 108
                 187
                 141
                   0
                   0
                   0
                   0
                   0
                   0
                 123
                   0
                   0
                   0
                   0
                   0
                   0
                   0
                 172
                   0
                   4
                  99
                 111
                   0
                 130
                   0
                 169
                   0
                 154
                   0
                  39
                 105
                 118
                 160
                 169
                   0
                 172
                   0
                 160
                   0
                  87
                   0
                   0
                   0
                 172
                   0
                 163
                   0
                   0
                   0
                   0
                   0
                   0
                   0
                   0
                   0
                   0
                 159
                   0
                   0
                   4
                   0
                   0
                 177
                 136
                   0
                   0
                 141
                   0
                   0
                   0
                   0
                  87
                 159
                   0
                   0
                   0
                   0
                 255
                 181
                 136
                   0
                   0
                   0
                 213