          12
           4
           2
           3
           3
           3
           3
           3
           4
           2
           5
           1
 1st Variable Cost Component, Aij
                   0
                  13
                   0
                   0
                   0
                   0
                   0
                  17
                   0
                  16
                   0
                   0
                   0
                   5
                   0
                   0
                   0
                  18
                  10
                   0
                   0
                   0
                   0
                   0
                   0
                   0
                   9
                   2
                  18
                  13
                   0
                   0
                  11
                   7
                  16
                  13
                   0
                   0
                  12
                   0
                  15
                   0
                  20
                  15
                   0
                   0
                   0
                   0
                   0
                   0
                  27
                   0
                  20
                   0
                   0
                   7
                   0
                   0
                  12
                  11
                   0
                  16
                  12
                   9
                   8
                   0
                   0
                   0
                   0
                   0
                   0
                   0
                   0
                   0
                   0
                   0
                   0
                   0
                  10
                  13
                   0
                  21
                   0
                   0
                   0
                   0
                   0
                   0
                   0
                   0
                   0
                   0
                   0
                   0
                   0
                  12
                   0
                  17
                  11
                   0
                   0
                   0
                  20
                   0
                   0
                   0
                  13
                   0
                   0
                   9
                  15
                   0
                  11
                  15
                   0
                   0
                  13
                   3
                   0
                   0
                   0
                  11
                   0
                   0
                  15
                   0
                  17
                   0
                  28
                   0
                  25
                   0
 2nd Variable Cost Component, Bij
                   0
                  79
            50000000
            50000000
            50000000
            50000000
            50000000
                 102
            50000000
                 100
            50000000
            50000000
                   0
                  34
            50000000
            50000000
            50000000
                 108
                  60
            50000000
            50000000
            50000000
            50000000
            50000000
                   0
            50000000
                  56
                  12
                 108
                  83
            50000000
            50000000
                  67
                  43
                  97
                  83
                   0
            50000000
                  73
            50000000
                  95
            50000000
                 123
                  93
            50000000
            50000000
            50000000
            50000000
                   0
            50000000
                 164
            50000000
                 122
            50000000
            50000000
                  47
            50000000
            50000000
                  73
                  67
                   0
                  97
                  75
                  55
                  53
            50000000
            50000000
            50000000
            50000000
            50000000
            50000000
            50000000
                   0
            50000000
            50000000
            50000000
            50000000
            50000000
                  60
                  83
            50000000
                 127
            50000000
            50000000
                   0
            50000000
            50000000
            50000000
            50000000
            50000000
            50000000
            50000000
            50000000
            50000000
            50000000
                  74
                   0
                 102
                  71
            50000000
            50000000
            50000000
                 123
            50000000
            50000000
            50000000
                  78
            50000000
                   0
                  59
                  93
            50000000
                  67
                  93
            50000000
            50000000
                  83
                  19
            50000000
            50000000
                   0
                  66
            50000000
            50000000
                  95
            50000000
                 103
            50000000
                 168
            50000000
                 150
            50000000
 Fixed Cost Component, Cij
                   0
                 237
                   0
                   0
                   0
                   0
                   0
                 306
                   0
                 300
                   0
                   0
                   0
                 102
                   0
                   0
                   0
                 324
                 180
                   0
                   0
                   0
                   0
                   0
                   0
                   0
                 168
                  36
                 324
                 249
                   0
                   0
                 201
                 129
                 291
                 249
                   0
                   0
                 219
                   0
                 285
                   0
                 369
                 279
                   0
                   0
                   0
                   0
                   0
                   0
                 492
                   0
                 366
                   0
                   0
                 141
                   0
                   0
                 219
                 201
                   0
                 291
                 225
                 165
                 159
                   0
                   0
                   0
                   0
                   0
                   0
                   0
                   0
                   0
                   0
                   0
                   0
                   0
                 180
                 249
                   0
                 381
                   0
                   0
                   0
                   0
                   0
                   0
                   0
                   0
                   0
                   0
                   0
                   0
                   0
                 222
                   0
                 306
                 213
                   0
                   0
                   0
                 369
                   0
                   0
                   0
                 234
                   0
                   0
                 177
                 279
                   0
                 201
                 279
                   0
                   0
                 249
                  57
                   0
                   0
                   0
                 198
                   0
                   0
                 285
                   0
                 309
                   0
                 504
                   0
                 450
                   0