          12
           1
           2
           1
           5
           2
           4
           3
           4
           4
           3
           4
 1st Variable Cost Component, Aij
                   0
                  19
                   0
                   0
                   0
                   0
                   0
                   0
                  15
                   0
                   0
                  19
                   0
                   0
                   0
                   0
                   0
                   0
                   0
                   0
                  12
                   9
                   0
                   0
                   0
                   0
                   0
                   0
                   6
                   0
                  15
                   0
                   6
                  18
                  19
                   0
                   0
                   0
                  10
                  22
                   0
                   0
                  10
                  23
                  21
                   0
                  13
                   0
                   0
                   0
                   0
                   9
                   0
                   0
                   0
                   0
                   0
                   7
                   0
                   0
                   0
                  12
                   0
                   0
                   0
                   0
                  20
                   3
                   6
                  22
                   0
                  12
                   0
                  23
                  21
                  15
                   0
                   0
                  20
                  18
                   0
                   0
                   0
                   0
                   0
                   0
                  12
                   0
                   0
                  18
                  15
                   0
                   0
                   0
                   0
                   0
                   0
                   0
                   0
                   0
                   0
                   8
                  10
                   0
                   0
                   0
                   0
                   0
                   0
                   0
                  14
                   9
                   0
                   0
                  20
                   0
                   0
                  25
                  21
                  13
                   0
                   0
                   0
                   0
                   0
                   0
                  21
                   0
                   0
                  29
                   0
                   9
 2nd Variable Cost Component, Bij
                   0
                 115
            50000000
            50000000
            50000000
            50000000
            50000000
            50000000
                  92
            50000000
            50000000
                 115
                   0
            50000000
            50000000
            50000000
            50000000
            50000000
            50000000
            50000000
                  75
                  57
            50000000
            50000000
                   0
            50000000
            50000000
            50000000
                  41
            50000000
                  93
            50000000
                  40
                 113
                 114
            50000000
                   0
            50000000
                  62
                 135
            50000000
            50000000
                  62
                 142
                 131
            50000000
                  80
            50000000
                   0
            50000000
            50000000
                  56
            50000000
            50000000
            50000000
            50000000
            50000000
                  42
            50000000
            50000000
                   0
                  77
            50000000
            50000000
            50000000
            50000000
                 122
                  22
                  41
                 135
            50000000
                  77
                   0
                 142
                 128
                  90
            50000000
            50000000
                 120
                 113
            50000000
            50000000
            50000000
            50000000
                   0
            50000000
                  75
            50000000
            50000000
                 108
                  93
            50000000
            50000000
            50000000
            50000000
            50000000
                   0
            50000000
            50000000
            50000000
            50000000
                  51
                  62
            50000000
            50000000
            50000000
            50000000
            50000000
                   0
            50000000
                  87
                  57
            50000000
            50000000
                 120
            50000000
            50000000
                 152
                 127
                  83
                   0
            50000000
            50000000
            50000000
            50000000
            50000000
                 128
            50000000
            50000000
                 178
            50000000
                  56
 Fixed Cost Component, Cij
                   0
               34500
                   0
                   0
                   0
                   0
                   0
                   0
               27600
                   0
                   0
               34500
                   0
                   0
                   0
                   0
                   0
                   0
                   0
                   0
               22500
               17100
                   0
                   0
                   0
                   0
                   0
                   0
               12300
                   0
               27900
                   0
               12000
               33900
               34200
                   0
                   0
                   0
               18600
               40500
                   0
                   0
               18600
               42600
               39300
                   0
               24000
                   0
                   0
                   0
                   0
               16800
                   0
                   0
                   0
                   0
                   0
               12600
                   0
                   0
                   0
               23100
                   0
                   0
                   0
                   0
               36600
                6600
               12300
               40500
                   0
               23100
                   0
               42600
               38400
               27000
                   0
                   0
               36000
               33900
                   0
                   0
                   0
                   0
                   0
                   0
               22500
                   0
                   0
               32400
               27900
                   0
                   0
                   0
                   0
                   0
                   0
                   0
                   0
                   0
                   0
               15300
               18600
                   0
                   0
                   0
                   0
                   0
                   0
                   0
               26100
               17100
                   0
                   0
               36000
                   0
                   0
               45600
               38100
               24900
                   0
                   0
                   0
                   0
                   0
                   0
               38400
                   0
                   0
               53400
                   0
               16800