          12
           3
           5
           5
           3
           4
           1
           4
           4
           1
           4
           3
 1st Variable Cost Component, Aij
                   0
                   0
                  15
                   0
                   0
                   0
                   0
                   3
                   0
                   0
                  23
                  11
                   0
                   0
                   0
                   0
                   0
                   0
                   0
                   0
                   0
                   0
                   0
                   8
                   0
                   0
                   0
                   0
                  18
                   0
                   0
                   0
                   0
                   0
                   0
                   0
                   0
                  11
                   0
                   0
                  17
                  16
                   0
                   0
                   0
                   0
                   0
                  11
                   0
                  23
                   0
                   0
                   0
                   0
                   9
                   0
                   0
                   0
                   0
                   0
                   0
                   0
                   0
                  18
                  12
                  22
                  17
                   0
                   0
                   0
                   8
                  17
                   0
                  15
                   0
                   0
                  13
                   0
                   0
                   0
                   0
                   0
                   3
                  15
                   0
                   0
                  10
                   0
                   0
                   0
                   0
                   0
                   0
                   0
                   0
                  16
                   0
                   0
                   0
                  12
                   6
                   0
                  13
                   0
                  12
                   5
                   0
                   0
                   0
                  14
                   0
                  11
                   0
                   0
                   0
                  22
                   0
                   0
                  15
                   0
                   0
                  20
                  17
                   0
                  22
                  14
                   0
                   0
                  20
                   0
                  11
                   0
 2nd Variable Cost Component, Bij
                   0
            50000000
                 102
            50000000
            50000000
            50000000
            50000000
                  25
            50000000
            50000000
                 156
                  78
                   0
            50000000
            50000000
            50000000
            50000000
            50000000
            50000000
            50000000
            50000000
            50000000
            50000000
                  55
                   0
            50000000
            50000000
            50000000
                 123
            50000000
            50000000
            50000000
            50000000
            50000000
            50000000
            50000000
                   0
                  77
            50000000
            50000000
                 120
                 108
            50000000
            50000000
            50000000
            50000000
            50000000
                  77
                   0
                 161
            50000000
            50000000
            50000000
            50000000
                  64
            50000000
            50000000
            50000000
            50000000
            50000000
                   0
            50000000
            50000000
                 124
                  82
                 153
                 117
            50000000
            50000000
            50000000
                  57
                 116
                   0
                 104
            50000000
            50000000
                  93
            50000000
            50000000
            50000000
            50000000
            50000000
                  22
                 104
                   0
            50000000
                  70
            50000000
            50000000
            50000000
            50000000
            50000000
            50000000
            50000000
            50000000
                 114
                   0
            50000000
            50000000
                  83
                  45
            50000000
                  94
            50000000
                  82
                  34
            50000000
            50000000
                   0
                  97
            50000000
                  78
            50000000
            50000000
            50000000
                 153
            50000000
            50000000
                 104
            50000000
                   0
                 141
                 120
            50000000
                 152
                  97
            50000000
            50000000
                 137
            50000000
                  76
            50000000
 Fixed Cost Component, Cij
                   0
                   0
                1020
                   0
                   0
                   0
                   0
                 250
                   0
                   0
                1560
                 780
                   0
                   0
                   0
                   0
                   0
                   0
                   0
                   0
                   0
                   0
                   0
                 550
                   0
                   0
                   0
                   0
                1230
                   0
                   0
                   0
                   0
                   0
                   0
                   0
                   0
                 770
                   0
                   0
                1200
                1080
                   0
                   0
                   0
                   0
                   0
                 770
                   0
                1610
                   0
                   0
                   0
                   0
                 640
                   0
                   0
                   0
                   0
                   0
                   0
                   0
                   0
                1240
                 820
                1530
                1170
                   0
                   0
                   0
                 570
                1160
                   0
                1040
                   0
                   0
                 930
                   0
                   0
                   0
                   0
                   0
                 220
                1040
                   0
                   0
                 700
                   0
                   0
                   0
                   0
                   0
                   0
                   0
                   0
                1140
                   0
                   0
                   0
                 830
                 450
                   0
                 940
                   0
                 820
                 340
                   0
                   0
                   0
                 970
                   0
                 780
                   0
                   0
                   0
                1530
                   0
                   0
                1040
                   0
                   0
                1410
                1200
                   0
                1520
                 970
                   0
                   0
                1370
                   0
                 760
                   0