          12
           5
           3
           3
           1
           4
           1
           4
           4
           3
           4
           5
 1st Variable Cost Component, Aij
                   0
                  12
                   0
                  14
                   0
                   0
                   0
                   0
                  12
                   0
                   0
                   0
                   0
                   8
                   2
                   0
                   0
                   0
                   5
                  11
                   9
                   0
                  21
                   0
                   0
                   0
                   0
                  11
                  13
                   0
                  16
                   0
                   4
                   0
                   2
                   0
                   0
                   0
                   5
                  11
                   0
                   0
                   0
                   0
                   0
                   6
                  15
                   0
                   0
                   0
                   0
                   0
                   0
                   6
                   0
                   0
                   0
                   0
                   5
                   0
                   0
                   0
                   2
                   0
                  13
                   0
                  18
                  12
                  13
                   0
                   0
                   0
                   0
                   0
                   0
                  22
                   0
                  13
                   0
                   0
                   5
                  10
                   0
                   0
                   0
                   0
                  15
                  13
                   0
                   0
                   0
                   0
                   0
                   0
                   0
                   0
                   0
                  20
                  20
                   0
                   9
                   0
                   0
                   6
                   0
                   0
                   0
                   0
                   0
                  12
                   0
                   0
                   4
                   8
                   0
                   0
                   0
                   0
                   0
                   0
                   0
                  22
                  16
                  16
                  15
                  22
                   0
                   4
                   0
                   0
                   0
                   0
 2nd Variable Cost Component, Bij
                   0
                  85
            50000000
                 100
            50000000
            50000000
            50000000
            50000000
                  84
            50000000
            50000000
            50000000
                   0
                  59
                  15
            50000000
            50000000
            50000000
                  37
                  78
                  67
            50000000
                 144
            50000000
                   0
            50000000
            50000000
                  79
                  90
            50000000
                 114
            50000000
                  33
            50000000
                  15
            50000000
                   0
            50000000
                  40
                  76
            50000000
            50000000
            50000000
            50000000
            50000000
                  46
                 102
            50000000
                   0
            50000000
            50000000
            50000000
            50000000
                  46
            50000000
            50000000
            50000000
            50000000
                  40
            50000000
                   0
            50000000
                  16
            50000000
                  93
            50000000
                 125
                  82
                  90
            50000000
            50000000
            50000000
                   0
            50000000
            50000000
                 148
            50000000
                  89
            50000000
            50000000
                  37
                  71
            50000000
            50000000
                   0
            50000000
                 102
                  90
            50000000
            50000000
            50000000
            50000000
            50000000
            50000000
            50000000
            50000000
                   0
                 135
                 137
            50000000
                  67
            50000000
            50000000
                  46
            50000000
            50000000
            50000000
            50000000
                   0
                  85
            50000000
            50000000
                  33
                  56
            50000000
            50000000
            50000000
            50000000
            50000000
            50000000
                   0
                 154
                 113
                 111
                 106
                 148
            50000000
                  32
            50000000
            50000000
            50000000
            50000000
 Fixed Cost Component, Cij
                   0
                2550
                   0
                3000
                   0
                   0
                   0
                   0
                2520
                   0
                   0
                   0
                   0
                1770
                 450
                   0
                   0
                   0
                1110
                2340
                2010
                   0
                4320
                   0
                   0
                   0
                   0
                2370
                2700
                   0
                3420
                   0
                 990
                   0
                 450
                   0
                   0
                   0
                1200
                2280
                   0
                   0
                   0
                   0
                   0
                1380
                3060
                   0
                   0
                   0
                   0
                   0
                   0
                1380
                   0
                   0
                   0
                   0
                1200
                   0
                   0
                   0
                 480
                   0
                2790
                   0
                3750
                2460
                2700
                   0
                   0
                   0
                   0
                   0
                   0
                4440
                   0
                2670
                   0
                   0
                1110
                2130
                   0
                   0
                   0
                   0
                3060
                2700
                   0
                   0
                   0
                   0
                   0
                   0
                   0
                   0
                   0
                4050
                4110
                   0
                2010
                   0
                   0
                1380
                   0
                   0
                   0
                   0
                   0
                2550
                   0
                   0
                 990
                1680
                   0
                   0
                   0
                   0
                   0
                   0
                   0
                4620
                3390
                3330
                3180
                4440
                   0
                 960
                   0
                   0
                   0
                   0