          12
           2
           5
           3
           4
           5
           4
           3
           3
           2
           3
           3
 1st Variable Cost Component, Aij
                   0
                  22
                   7
                   0
                   7
                   0
                   6
                   0
                   0
                  23
                   0
                   0
                   0
                   0
                   0
                  24
                   0
                   0
                   0
                   0
                   2
                   0
                   0
                   0
                   0
                   9
                   0
                  14
                   0
                   0
                  11
                   0
                   0
                   0
                   0
                   0
                   0
                   0
                   0
                   0
                   0
                   0
                   0
                   0
                   7
                  24
                  14
                   0
                   0
                   0
                   0
                   5
                   7
                   0
                   0
                  14
                   0
                   0
                   0
                  15
                   0
                   0
                   0
                   8
                   0
                  12
                   0
                  20
                  12
                   4
                   0
                  12
                   0
                   0
                   4
                   0
                   0
                   6
                  19
                   0
                   3
                   0
                  10
                   0
                   0
                   0
                   0
                   0
                   7
                   0
                   0
                   0
                   7
                   0
                   4
                   0
                   0
                  17
                   0
                   0
                   2
                   0
                  17
                  24
                   0
                  21
                  19
                  17
                   0
                  21
                   0
                   0
                   0
                   0
                   0
                   0
                   0
                   0
                   0
                   0
                   0
                  20
                  21
                   0
                  15
                   0
                   0
                   0
                  13
                  14
                  20
                   0
 2nd Variable Cost Component, Bij
                   0
                 154
                  50
            50000000
                  48
            50000000
                  41
            50000000
            50000000
                 161
            50000000
            50000000
                   0
            50000000
            50000000
                 165
            50000000
            50000000
            50000000
            50000000
                  14
            50000000
            50000000
            50000000
                   0
                  66
            50000000
                  97
            50000000
            50000000
                  76
            50000000
            50000000
            50000000
            50000000
            50000000
                   0
            50000000
            50000000
            50000000
            50000000
            50000000
            50000000
            50000000
                  48
                 165
                  96
            50000000
                   0
            50000000
            50000000
                  34
                  52
            50000000
            50000000
                  99
            50000000
            50000000
            50000000
                 106
                   0
            50000000
            50000000
                  55
            50000000
                  84
            50000000
                 141
                  82
                  32
            50000000
                  83
                   0
            50000000
                  28
            50000000
            50000000
                  45
                 131
            50000000
                  23
            50000000
                  72
            50000000
                   0
            50000000
            50000000
            50000000
                  52
            50000000
            50000000
            50000000
                  52
            50000000
                  28
            50000000
                   0
                 118
            50000000
            50000000
                  14
            50000000
                 117
                 168
            50000000
                 145
                 134
                 118
                   0
                 143
            50000000
            50000000
            50000000
            50000000
            50000000
            50000000
            50000000
            50000000
            50000000
            50000000
                   0
                 138
                 144
            50000000
                 104
            50000000
            50000000
            50000000
                  94
                  95
                 138
            50000000
 Fixed Cost Component, Cij
                   0
                 231
                  75
                   0
                  72
                   0
                  61
                   0
                   0
                 241
                   0
                   0
                   0
                   0
                   0
                 247
                   0
                   0
                   0
                   0
                  21
                   0
                   0
                   0
                   0
                  99
                   0
                 145
                   0
                   0
                 114
                   0
                   0
                   0
                   0
                   0
                   0
                   0
                   0
                   0
                   0
                   0
                   0
                   0
                  72
                 247
                 144
                   0
                   0
                   0
                   0
                  51
                  78
                   0
                   0
                 148
                   0
                   0
                   0
                 159
                   0
                   0
                   0
                  82
                   0
                 126
                   0
                 211
                 123
                  48
                   0
                 124
                   0
                   0
                  42
                   0
                   0
                  67
                 196
                   0
                  34
                   0
                 108
                   0
                   0
                   0
                   0
                   0
                  78
                   0
                   0
                   0
                  78
                   0
                  42
                   0
                   0
                 177
                   0
                   0
                  21
                   0
                 175
                 252
                   0
                 217
                 201
                 177
                   0
                 214
                   0
                   0
                   0
                   0
                   0
                   0
                   0
                   0
                   0
                   0
                   0
                 207
                 216
                   0
                 156
                   0
                   0
                   0
                 141
                 142
                 207
                   0