          12
           1
           2
           2
           1
           5
           8
           4
           2
           8
           2
           2
 1st Variable Cost Component, Aij
                   0
                  21
                   0
                   0
                   0
                   0
                  16
                   0
                   8
                   0
                  16
                   0
                   0
                   0
                   0
                   0
                   0
                   0
                   0
                   0
                   0
                   0
                  16
                   0
                   0
                   0
                   0
                   0
                   0
                   0
                   0
                   0
                   0
                   0
                   0
                   0
                   0
                   9
                   0
                   0
                   0
                   0
                   0
                  13
                   0
                   0
                  11
                   0
                   0
                   0
                   0
                  16
                   0
                   0
                   0
                   0
                   0
                   0
                   0
                   0
                   0
                  15
                  14
                   0
                   4
                   0
                   0
                   8
                   0
                   0
                  17
                  15
                   0
                   0
                   9
                  11
                   0
                   0
                   8
                   0
                  15
                   0
                  14
                   0
                   0
                   0
                  10
                   0
                   0
                   0
                   0
                  16
                   0
                   0
                   0
                   0
                   0
                   0
                   0
                   0
                   0
                  12
                  14
                  21
                   4
                   0
                  10
                   0
                   0
                   0
                  16
                   0
                   0
                   0
                   0
                   0
                   0
                   2
                   0
                   0
                   0
                  28
                  10
                   0
                  15
                  24
                   4
                   0
                   0
                  25
                   8
                  16
 2nd Variable Cost Component, Bij
                   0
                 142
            50000000
            50000000
            50000000
            50000000
                 114
            50000000
                  59
            50000000
                 108
            50000000
                   0
            50000000
            50000000
            50000000
            50000000
            50000000
            50000000
            50000000
            50000000
            50000000
                 110
            50000000
                   0
            50000000
            50000000
            50000000
            50000000
            50000000
            50000000
            50000000
            50000000
            50000000
            50000000
            50000000
                   0
                  66
            50000000
            50000000
            50000000
            50000000
            50000000
                  89
            50000000
            50000000
                  77
            50000000
                   0
            50000000
            50000000
                 113
            50000000
            50000000
            50000000
            50000000
            50000000
            50000000
            50000000
            50000000
                   0
                 103
                  96
            50000000
                  31
            50000000
            50000000
                  59
            50000000
            50000000
                 117
                 103
                   0
            50000000
                  63
                  77
            50000000
            50000000
                  54
            50000000
                 104
            50000000
                  96
            50000000
                   0
            50000000
                  72
            50000000
            50000000
            50000000
            50000000
                 112
            50000000
            50000000
            50000000
            50000000
                   0
            50000000
            50000000
            50000000
            50000000
                  84
                  95
                 142
                  31
            50000000
                  72
            50000000
                   0
            50000000
                 108
            50000000
            50000000
            50000000
            50000000
            50000000
            50000000
                  16
            50000000
            50000000
                   0
                 194
                  70
            50000000
                 106
                 167
                  29
            50000000
            50000000
                 174
                  54
                 112
 Fixed Cost Component, Cij
                   0
               78100
                   0
                   0
                   0
                   0
               62700
                   0
               32450
                   0
               59400
                   0
                   0
                   0
                   0
                   0
                   0
                   0
                   0
                   0
                   0
                   0
               60500
                   0
                   0
                   0
                   0
                   0
                   0
                   0
                   0
                   0
                   0
                   0
                   0
                   0
                   0
               36300
                   0
                   0
                   0
                   0
                   0
               48950
                   0
                   0
               42350
                   0
                   0
                   0
                   0
               62150
                   0
                   0
                   0
                   0
                   0
                   0
                   0
                   0
                   0
               56650
               52800
                   0
               17050
                   0
                   0
               32450
                   0
                   0
               64350
               56650
                   0
                   0
               34650
               42350
                   0
                   0
               29700
                   0
               57200
                   0
               52800
                   0
                   0
                   0
               39600
                   0
                   0
                   0
                   0
               61600
                   0
                   0
                   0
                   0
                   0
                   0
                   0
                   0
                   0
               46200
               52250
               78100
               17050
                   0
               39600
                   0
                   0
                   0
               59400
                   0
                   0
                   0
                   0
                   0
                   0
                8800
                   0
                   0
                   0
              106700
               38500
                   0
               58300
               91850
               15950
                   0
                   0
               95700
               29700
               61600