          12
           2
           4
           4
           5
           3
           5
           4
           2
           4
           4
           4
 1st Variable Cost Component, Aij
                   0
                   0
                   0
                   0
                   0
                   0
                   0
                   4
                   0
                   0
                   0
                   0
                   0
                  24
                   0
                  18
                  15
                   3
                   7
                   0
                   0
                   0
                  22
                   0
                   0
                   0
                   0
                  14
                   0
                   0
                   0
                   0
                   0
                   0
                  23
                   0
                   0
                   0
                   0
                   0
                  22
                   0
                  12
                   0
                   0
                   0
                   0
                  14
                   0
                   0
                   0
                  12
                   0
                  15
                   0
                  12
                   0
                  14
                   0
                   0
                   0
                   0
                   0
                   0
                   0
                  13
                   3
                   0
                  25
                   0
                   0
                  15
                   0
                   5
                   0
                  13
                   8
                   0
                   0
                   0
                  22
                   0
                  10
                   5
                   0
                   0
                  13
                   0
                   0
                   0
                   0
                  18
                   0
                   0
                   0
                   0
                   0
                   0
                   0
                   0
                   0
                   0
                   0
                   0
                  12
                   0
                   0
                   0
                   0
                   0
                   6
                   0
                   0
                   0
                   0
                   0
                   0
                   0
                   0
                   0
                   0
                  16
                   0
                   0
                   0
                   0
                   0
                  19
                  14
                   7
                   0
                  19
 2nd Variable Cost Component, Bij
                   0
            50000000
            50000000
            50000000
            50000000
            50000000
            50000000
                  31
            50000000
            50000000
            50000000
            50000000
                   0
                 179
            50000000
                 135
                 119
                  23
                  56
            50000000
            50000000
            50000000
                 164
            50000000
                   0
            50000000
            50000000
                 106
            50000000
            50000000
            50000000
            50000000
            50000000
            50000000
                 176
                   3
                   0
            50000000
            50000000
            50000000
                 167
            50000000
                  96
            50000000
            50000000
            50000000
            50000000
                 110
                   0
            50000000
            50000000
                  94
            50000000
                 112
            50000000
                  93
            50000000
                 106
            50000000
            50000000
                   0
            50000000
            50000000
            50000000
            50000000
                 104
                  24
            50000000
                 187
            50000000
            50000000
                 114
                   0
                  40
            50000000
                 101
                  60
            50000000
            50000000
            50000000
                 167
            50000000
                  81
                  40
                   0
            50000000
                 103
            50000000
            50000000
            50000000
            50000000
                 141
            50000000
            50000000
            50000000
            50000000
                   0
            50000000
            50000000
            50000000
            50000000
            50000000
            50000000
            50000000
                  95
            50000000
            50000000
            50000000
                   0
            50000000
                  46
            50000000
            50000000
            50000000
            50000000
            50000000
            50000000
            50000000
            50000000
            50000000
                   0
                 126
            50000000
            50000000
            50000000
            50000000
            50000000
                 144
                 105
                  56
            50000000
                 147
 Fixed Cost Component, Cij
                   0
                   0
                   0
                   0
                   0
                   0
                   0
                  46
                   0
                   0
                   0
                   0
                   0
                 268
                   0
                 202
                 178
                  34
                  84
                   0
                   0
                   0
                 246
                   0
                   0
                   0
                   0
                 159
                   0
                   0
                   0
                   0
                   0
                   0
                 264
                   4
                   0
                   0
                   0
                   0
                 250
                   0
                 144
                   0
                   0
                   0
                   0
                 165
                   0
                   0
                   0
                 141
                   0
                 168
                   0
                 139
                   0
                 159
                   0
                   0
                   0
                   0
                   0
                   0
                   0
                 156
                  36
                   0
                 280
                   0
                   0
                 171
                   0
                  60
                   0
                 151
                  90
                   0
                   0
                   0
                 250
                   0
                 121
                  60
                   0
                   0
                 154
                   0
                   0
                   0
                   0
                 211
                   0
                   0
                   0
                   0
                   0
                   0
                   0
                   0
                   0
                   0
                   0
                   0
                 142
                   0
                   0
                   0
                   0
                   0
                  69
                   0
                   0
                   0
                   0
                   0
                   0
                   0
                   0
                   0
                   0
                 189
                   0
                   0
                   0
                   0
                   0
                 216
                 157
                  84
                   0
                 220