          12
           3
           5
           3
           2
           6
           9
          10
           8
           7
           1
           5
 1st Variable Cost Component, Aij
                   0
                   0
                   1
                   0
                   2
                   8
                   0
                   0
                   0
                   0
                   0
                   0
                   0
                   0
                   0
                   0
                   0
                  11
                  17
                   2
                   0
                   7
                   0
                   0
                   0
                   0
                   0
                   0
                   0
                   0
                   0
                   0
                   0
                   0
                   0
                  12
                   0
                  13
                   0
                   8
                   0
                  13
                   8
                  10
                   0
                   0
                   0
                  13
                   0
                   0
                   0
                  14
                   0
                   8
                   4
                   0
                  13
                   0
                   0
                  11
                   0
                   0
                   0
                   0
                   0
                   0
                   0
                   0
                   0
                   0
                   0
                   5
                   0
                   0
                   0
                   0
                  10
                   0
                   0
                   0
                   0
                   0
                   4
                   0
                   0
                  15
                   0
                   0
                   3
                   0
                   3
                   0
                   0
                   0
                   0
                   0
                   0
                  10
                   0
                   0
                   0
                   0
                   0
                   0
                   0
                  12
                  10
                   0
                   0
                   0
                   3
                   7
                   0
                   0
                   0
                   0
                  10
                   0
                   6
                   0
                   0
                   0
                  13
                   0
                  12
                  13
                   0
                   4
                  12
                   0
                   0
                   0
 2nd Variable Cost Component, Bij
                   0
            50000000
                  20
            50000000
                  26
                  92
            50000000
            50000000
            50000000
            50000000
            50000000
            50000000
                   0
            50000000
            50000000
            50000000
            50000000
                 119
                 185
                  24
            50000000
                  82
            50000000
            50000000
                   0
            50000000
            50000000
            50000000
            50000000
            50000000
            50000000
            50000000
            50000000
            50000000
            50000000
                 134
                   0
                 141
            50000000
                  92
            50000000
                 148
                  94
                 111
            50000000
            50000000
            50000000
                 141
                   0
            50000000
            50000000
                 157
            50000000
                  86
                  44
            50000000
                 144
            50000000
            50000000
                 118
                   0
            50000000
            50000000
            50000000
            50000000
            50000000
            50000000
            50000000
            50000000
            50000000
            50000000
                  64
                   0
            50000000
            50000000
            50000000
                 112
            50000000
            50000000
            50000000
            50000000
            50000000
                  44
            50000000
                   0
                 164
            50000000
            50000000
                  39
            50000000
                  35
            50000000
            50000000
            50000000
            50000000
            50000000
                   0
                 111
            50000000
            50000000
            50000000
            50000000
            50000000
            50000000
            50000000
                 129
                 108
            50000000
                   0
            50000000
                  36
                  82
            50000000
            50000000
            50000000
            50000000
                 112
            50000000
                  71
            50000000
                   0
            50000000
                 143
            50000000
                 132
                 144
            50000000
                  47
                 139
            50000000
            50000000
            50000000
 Fixed Cost Component, Cij
                   0
                   0
               11000
                   0
               14300
               50600
                   0
                   0
                   0
                   0
                   0
                   0
                   0
                   0
                   0
                   0
                   0
               65450
              101750
               13200
                   0
               45100
                   0
                   0
                   0
                   0
                   0
                   0
                   0
                   0
                   0
                   0
                   0
                   0
                   0
               73700
                   0
               77550
                   0
               50600
                   0
               81400
               51700
               61050
                   0
                   0
                   0
               77550
                   0
                   0
                   0
               86350
                   0
               47300
               24200
                   0
               79200
                   0
                   0
               64900
                   0
                   0
                   0
                   0
                   0
                   0
                   0
                   0
                   0
                   0
                   0
               35200
                   0
                   0
                   0
                   0
               61600
                   0
                   0
                   0
                   0
                   0
               24200
                   0
                   0
               90200
                   0
                   0
               21450
                   0
               19250
                   0
                   0
                   0
                   0
                   0
                   0
               61050
                   0
                   0
                   0
                   0
                   0
                   0
                   0
               70950
               59400
                   0
                   0
                   0
               19800
               45100
                   0
                   0
                   0
                   0
               61600
                   0
               39050
                   0
                   0
                   0
               78650
                   0
               72600
               79200
                   0
               25850
               76450
                   0
                   0
                   0