          12
           3
           3
           1
           4
           2
           4
           2
           4
           4
           2
           3
 1st Variable Cost Component, Aij
                   0
                  12
                   0
                   0
                   0
                  14
                   0
                   0
                   0
                   0
                   0
                   0
                   0
                   3
                   0
                  21
                   0
                   0
                   0
                   0
                  23
                  10
                   0
                   0
                   0
                  18
                   0
                  14
                   0
                  14
                   0
                   0
                   8
                   0
                  20
                   0
                   0
                   0
                   0
                   0
                   0
                   0
                   0
                  11
                  14
                   0
                   0
                   8
                   0
                   8
                   0
                   0
                   0
                   0
                  11
                   0
                   0
                   0
                   0
                   0
                   0
                   0
                   0
                   0
                   0
                   0
                  12
                   0
                  19
                   0
                   0
                  13
                   0
                   0
                   0
                   0
                   0
                  14
                   0
                   0
                   4
                   0
                   0
                   0
                   0
                   0
                   0
                   0
                   0
                   0
                   0
                   5
                   0
                   0
                   0
                   7
                   0
                   0
                   0
                   0
                   0
                   0
                   0
                   0
                   0
                   6
                   0
                   0
                   0
                   0
                   8
                   0
                   0
                   0
                   0
                   0
                  13
                   0
                   0
                   0
                   0
                   0
                   0
                   0
                  15
                  11
                   0
                  13
                   0
                  20
                   0
                   0
 2nd Variable Cost Component, Bij
                   0
                  70
            50000000
            50000000
            50000000
                  84
            50000000
            50000000
            50000000
            50000000
            50000000
            50000000
                   0
                  19
            50000000
                 127
            50000000
            50000000
            50000000
            50000000
                 136
                  62
            50000000
            50000000
                   0
                 110
            50000000
                  84
            50000000
                  82
            50000000
            50000000
                  47
            50000000
                 121
            50000000
                   0
            50000000
            50000000
            50000000
            50000000
            50000000
            50000000
                  65
                  84
            50000000
            50000000
                  48
                   0
                  49
            50000000
            50000000
            50000000
            50000000
                  65
            50000000
            50000000
            50000000
            50000000
            50000000
                   0
            50000000
            50000000
            50000000
            50000000
            50000000
                  72
            50000000
                 115
            50000000
            50000000
                  80
                   0
            50000000
            50000000
            50000000
            50000000
                  85
            50000000
            50000000
                  28
            50000000
            50000000
            50000000
                   0
            50000000
            50000000
            50000000
            50000000
            50000000
            50000000
                  32
            50000000
            50000000
            50000000
                  46
                   0
            50000000
            50000000
            50000000
            50000000
            50000000
            50000000
            50000000
            50000000
                  37
            50000000
            50000000
                   0
            50000000
                  48
            50000000
            50000000
            50000000
            50000000
            50000000
                  78
            50000000
            50000000
            50000000
                   0
            50000000
            50000000
            50000000
                  92
                  65
            50000000
                  76
            50000000
                 117
            50000000
            50000000
 Fixed Cost Component, Cij
                   0
                 210
                   0
                   0
                   0
                 252
                   0
                   0
                   0
                   0
                   0
                   0
                   0
                  57
                   0
                 381
                   0
                   0
                   0
                   0
                 408
                 186
                   0
                   0
                   0
                 330
                   0
                 252
                   0
                 246
                   0
                   0
                 141
                   0
                 363
                   0
                   0
                   0
                   0
                   0
                   0
                   0
                   0
                 195
                 252
                   0
                   0
                 144
                   0
                 147
                   0
                   0
                   0
                   0
                 195
                   0
                   0
                   0
                   0
                   0
                   0
                   0
                   0
                   0
                   0
                   0
                 216
                   0
                 345
                   0
                   0
                 240
                   0
                   0
                   0
                   0
                   0
                 255
                   0
                   0
                  84
                   0
                   0
                   0
                   0
                   0
                   0
                   0
                   0
                   0
                   0
                  96
                   0
                   0
                   0
                 138
                   0
                   0
                   0
                   0
                   0
                   0
                   0
                   0
                   0
                 111
                   0
                   0
                   0
                   0
                 144
                   0
                   0
                   0
                   0
                   0
                 234
                   0
                   0
                   0
                   0
                   0
                   0
                   0
                 276
                 195
                   0
                 228
                   0
                 351
                   0
                   0