          12
           1
           2
           9
           5
           5
           5
           3
           2
           2
           8
           1
 1st Variable Cost Component, Aij
                   0
                   7
                   0
                   0
                   0
                   0
                   0
                   0
                   0
                   0
                  10
                   0
                   0
                  11
                   5
                   0
                   2
                  20
                   0
                  11
                   0
                   0
                   3
                  11
                   0
                   0
                   0
                   0
                   0
                   0
                   0
                   4
                   6
                   5
                   0
                   0
                   0
                   0
                   0
                   0
                   6
                   0
                   0
                   0
                   0
                  17
                   8
                   0
                   0
                   0
                   0
                   0
                   0
                   0
                   0
                   5
                   2
                   0
                   0
                   0
                   0
                   0
                   0
                   0
                   0
                   0
                   0
                  20
                   0
                   0
                   0
                  18
                   0
                   0
                   0
                   0
                   0
                   0
                   0
                   0
                   0
                  14
                   0
                   0
                   0
                   0
                   0
                   0
                   0
                   0
                   1
                   8
                   0
                   0
                  17
                  14
                   0
                   0
                   0
                   0
                   0
                   0
                   4
                  11
                   0
                   0
                  10
                   0
                   0
                   0
                   0
                   0
                   0
                   0
                   0
                   0
                   0
                   0
                   0
                   0
                   0
                   0
                  15
                   0
                  14
                  20
                   0
                   0
                   8
                  22
                  18
                   0
 2nd Variable Cost Component, Bij
                   0
                  62
            50000000
            50000000
            50000000
            50000000
            50000000
            50000000
            50000000
                   5
                  80
            50000000
                   0
                  93
                  44
            50000000
                  22
                 164
            50000000
                  91
            50000000
            50000000
                  30
                  93
                   0
            50000000
            50000000
            50000000
            50000000
            50000000
            50000000
                  33
                  50
                  40
            50000000
            50000000
                   0
            50000000
            50000000
            50000000
                  49
            50000000
            50000000
            50000000
            50000000
                 137
                  69
            50000000
                   0
            50000000
            50000000
            50000000
            50000000
            50000000
            50000000
                  45
                  22
            50000000
            50000000
            50000000
                   0
            50000000
            50000000
            50000000
            50000000
            50000000
            50000000
                 164
            50000000
            50000000
            50000000
                 143
                   0
            50000000
            50000000
            50000000
            50000000
            50000000
            50000000
            50000000
            50000000
                 110
            50000000
            50000000
                   0
            50000000
            50000000
            50000000
            50000000
            50000000
                  13
                  67
            50000000
            50000000
                 133
                 113
                   0
            50000000
            50000000
            50000000
            50000000
            50000000
                  35
                  86
            50000000
            50000000
                  83
            50000000
                   0
            50000000
            50000000
            50000000
            50000000
            50000000
            50000000
            50000000
            50000000
            50000000
            50000000
            50000000
                   0
            50000000
                 124
            50000000
                 113
                 158
            50000000
            50000000
                  64
                 177
                 147
            50000000
 Fixed Cost Component, Cij
                   0
                3410
                   0
                   0
                   0
                   0
                   0
                   0
                   0
                 275
                4400
                   0
                   0
                5115
                2420
                   0
                1210
                9020
                   0
                5005
                   0
                   0
                1650
                5115
                   0
                   0
                   0
                   0
                   0
                   0
                   0
                1815
                2750
                2200
                   0
                   0
                   0
                   0
                   0
                   0
                2695
                   0
                   0
                   0
                   0
                7535
                3795
                   0
                   0
                   0
                   0
                   0
                   0
                   0
                   0
                2475
                1210
                   0
                   0
                   0
                   0
                   0
                   0
                   0
                   0
                   0
                   0
                9020
                   0
                   0
                   0
                7865
                   0
                   0
                   0
                   0
                   0
                   0
                   0
                   0
                   0
                6050
                   0
                   0
                   0
                   0
                   0
                   0
                   0
                   0
                 715
                3685
                   0
                   0
                7315
                6215
                   0
                   0
                   0
                   0
                   0
                   0
                1925
                4730
                   0
                   0
                4565
                   0
                   0
                   0
                   0
                   0
                   0
                   0
                   0
                   0
                   0
                   0
                   0
                   0
                   0
                   0
                6820
                   0
                6215
                8690
                   0
                   0
                3520
                9735
                8085
                   0