          12
           1
           1
           3
           1
           5
           2
           1
           2
           4
           1
           2
 1st Variable Cost Component, Aij
                   0
                   0
                   0
                   0
                   0
                   0
                   0
                   0
                  19
                   0
                   0
                  29
                   0
                   0
                   0
                   0
                   0
                  21
                   6
                   0
                   0
                   0
                  17
                   0
                   0
                   0
                   0
                   0
                   0
                   0
                   0
                   9
                  18
                   0
                   0
                   0
                   0
                   0
                   6
                   0
                  28
                   0
                   0
                   0
                   0
                   0
                   0
                   0
                   0
                   0
                   0
                   0
                   0
                   0
                   0
                  16
                   0
                   9
                   0
                  16
                   0
                   0
                   0
                  28
                   0
                   0
                   0
                   0
                   0
                  13
                   0
                   0
                   0
                   0
                   0
                   0
                  26
                   0
                   6
                  14
                   0
                   0
                  24
                   0
                   0
                  15
                   0
                  12
                   0
                   0
                   0
                  29
                   0
                   0
                   0
                   0
                   0
                   0
                   0
                   0
                   0
                   0
                  21
                   0
                   0
                   0
                  15
                  27
                   0
                   0
                  34
                   5
                   0
                  32
                   0
                  25
                  26
                   0
                  27
                  11
                   0
                   0
                   0
                   0
                   5
                   0
                   0
                   0
                  33
                   0
                  23
                   0
 2nd Variable Cost Component, Bij
                   0
            50000000
            50000000
            50000000
            50000000
            50000000
            50000000
            50000000
                  82
            50000000
            50000000
                 122
                   0
            50000000
            50000000
            50000000
            50000000
                  91
                  29
            50000000
            50000000
            50000000
                  72
            50000000
                   0
            50000000
            50000000
            50000000
            50000000
            50000000
            50000000
                  38
                  76
            50000000
            50000000
            50000000
                   0
            50000000
                  28
            50000000
                 119
            50000000
            50000000
            50000000
            50000000
            50000000
            50000000
            50000000
                   0
            50000000
            50000000
            50000000
            50000000
            50000000
            50000000
                  71
            50000000
                  40
            50000000
                  67
                   0
            50000000
            50000000
                 119
            50000000
            50000000
            50000000
            50000000
            50000000
                  57
            50000000
            50000000
                   0
            50000000
            50000000
            50000000
                 112
            50000000
                  29
                  60
            50000000
            50000000
                 101
            50000000
                   0
                  64
            50000000
                  52
            50000000
            50000000
            50000000
                 124
            50000000
            50000000
            50000000
            50000000
                   0
            50000000
            50000000
            50000000
            50000000
            50000000
                  88
            50000000
            50000000
            50000000
                  64
                 113
                   0
            50000000
                 143
                  24
            50000000
                 134
            50000000
                 108
                 112
            50000000
                 116
                  49
                   0
            50000000
            50000000
            50000000
                  22
            50000000
            50000000
            50000000
                 139
            50000000
                 100
            50000000
 Fixed Cost Component, Cij
                   0
                   0
                   0
                   0
                   0
                   0
                   0
                   0
               24600
                   0
                   0
               36600
                   0
                   0
                   0
                   0
                   0
               27300
                8700
                   0
                   0
                   0
               21600
                   0
                   0
                   0
                   0
                   0
                   0
                   0
                   0
               11400
               22800
                   0
                   0
                   0
                   0
                   0
                8400
                   0
               35700
                   0
                   0
                   0
                   0
                   0
                   0
                   0
                   0
                   0
                   0
                   0
                   0
                   0
                   0
               21300
                   0
               12000
                   0
               20100
                   0
                   0
                   0
               35700
                   0
                   0
                   0
                   0
                   0
               17100
                   0
                   0
                   0
                   0
                   0
                   0
               33600
                   0
                8700
               18000
                   0
                   0
               30300
                   0
                   0
               19200
                   0
               15600
                   0
                   0
                   0
               37200
                   0
                   0
                   0
                   0
                   0
                   0
                   0
                   0
                   0
                   0
               26400
                   0
                   0
                   0
               19200
               33900
                   0
                   0
               42900
                7200
                   0
               40200
                   0
               32400
               33600
                   0
               34800
               14700
                   0
                   0
                   0
                   0
                6600
                   0
                   0
                   0
               41700
                   0
               30000
                   0