          12
           9
           1
           7
           9
           5
           4
           6
           8
           8
           3
           4
 1st Variable Cost Component, Aij
                   0
                   8
                   0
                   0
                   3
                   0
                   1
                   7
                   0
                   0
                   0
                   0
                   0
                   0
                   0
                   0
                   0
                   0
                   0
                   0
                   0
                   8
                  13
                   0
                   0
                   0
                   0
                   0
                  13
                   6
                   0
                   0
                   0
                   9
                   0
                   0
                   0
                   0
                   3
                   0
                   0
                   0
                   0
                   0
                   0
                   0
                   0
                   0
                   0
                   0
                   0
                   0
                   6
                   0
                   0
                   0
                   8
                   8
                   0
                   6
                   0
                   6
                   4
                   0
                   4
                   0
                   0
                   7
                  13
                   0
                   0
                   0
                   0
                   0
                   0
                   3
                   0
                   0
                   0
                   0
                   0
                   0
                   4
                   0
                   0
                   0
                   0
                   0
                   0
                   4
                   5
                   0
                   0
                   5
                   0
                   0
                   0
                   0
                   4
                   0
                   0
                   0
                   0
                   0
                   0
                   0
                   0
                   0
                   0
                   0
                   0
                   8
                   1
                   7
                   0
                   0
                   0
                   0
                   0
                   0
                   0
                   0
                   0
                   0
                   9
                   6
                   7
                   3
                  10
                   0
                   0
                   0
 2nd Variable Cost Component, Bij
                   0
                  99
            50000000
            50000000
                  44
            50000000
                  20
                  89
            50000000
            50000000
            50000000
            50000000
                   0
            50000000
            50000000
            50000000
            50000000
            50000000
            50000000
            50000000
            50000000
                 103
                 156
            50000000
                   0
            50000000
            50000000
            50000000
                 155
                  72
            50000000
            50000000
            50000000
                 105
            50000000
            50000000
                   0
            50000000
                  45
            50000000
            50000000
            50000000
            50000000
            50000000
            50000000
            50000000
            50000000
            50000000
                   0
            50000000
            50000000
            50000000
                  71
            50000000
            50000000
            50000000
                 100
                  94
            50000000
                  76
                   0
                  80
                  53
            50000000
                  54
            50000000
            50000000
                  84
                 155
            50000000
            50000000
            50000000
                   0
            50000000
            50000000
                  40
            50000000
            50000000
            50000000
            50000000
            50000000
            50000000
                  53
            50000000
                   0
            50000000
            50000000
            50000000
            50000000
                  48
                  67
            50000000
            50000000
                  69
            50000000
            50000000
                   0
            50000000
                  56
            50000000
            50000000
            50000000
            50000000
            50000000
            50000000
            50000000
            50000000
            50000000
                   0
            50000000
            50000000
                 103
                  22
                  88
            50000000
            50000000
            50000000
            50000000
            50000000
            50000000
                   0
            50000000
            50000000
            50000000
                 114
                  73
                  91
                  46
                 117
            50000000
            50000000
            50000000
 Fixed Cost Component, Cij
                   0
                  54
                   0
                   0
                  24
                   0
                  11
                  48
                   0
                   0
                   0
                   0
                   0
                   0
                   0
                   0
                   0
                   0
                   0
                   0
                   0
                  56
                  85
                   0
                   0
                   0
                   0
                   0
                  85
                  39
                   0
                   0
                   0
                  57
                   0
                   0
                   0
                   0
                  24
                   0
                   0
                   0
                   0
                   0
                   0
                   0
                   0
                   0
                   0
                   0
                   0
                   0
                  39
                   0
                   0
                   0
                  55
                  51
                   0
                  41
                   0
                  44
                  29
                   0
                  29
                   0
                   0
                  46
                  85
                   0
                   0
                   0
                   0
                   0
                   0
                  22
                   0
                   0
                   0
                   0
                   0
                   0
                  29
                   0
                   0
                   0
                   0
                   0
                   0
                  26
                  36
                   0
                   0
                  37
                   0
                   0
                   0
                   0
                  30
                   0
                   0
                   0
                   0
                   0
                   0
                   0
                   0
                   0
                   0
                   0
                   0
                  56
                  12
                  48
                   0
                   0
                   0
                   0
                   0
                   0
                   0
                   0
                   0
                   0
                  62
                  40
                  50
                  25
                  64
                   0
                   0
                   0