          12
           4
           1
           4
           3
           5
           2
           2
           5
           1
           2
           2
 1st Variable Cost Component, Aij
                   0
                  14
                   0
                   0
                  22
                   0
                  20
                   9
                   0
                  10
                   0
                   0
                   0
                   0
                   0
                   0
                   0
                   0
                   0
                   0
                   0
                   0
                   0
                   0
                   0
                   0
                   0
                   0
                   0
                   0
                   0
                   0
                   0
                   9
                   0
                   0
                   0
                  18
                   0
                   0
                   0
                   0
                   0
                   0
                   0
                   0
                   0
                  18
                   0
                   0
                   8
                   0
                  12
                  12
                   0
                   0
                   0
                   0
                  10
                  23
                   0
                   0
                   9
                   0
                   0
                   0
                  20
                  13
                   0
                  20
                   8
                  20
                   0
                   0
                   5
                   0
                   0
                   9
                   0
                   0
                   0
                  14
                   9
                   0
                   0
                  15
                   0
                   0
                   0
                   0
                  11
                   0
                   0
                   0
                   0
                   0
                   0
                   0
                  12
                   0
                   0
                   0
                  10
                  12
                   0
                   0
                   0
                   0
                   0
                   4
                  12
                   8
                   1
                   0
                   0
                   0
                   8
                   2
                   0
                   4
                   0
                   9
                   0
                   0
                   8
                   0
                  10
                   0
                  17
                  32
                   0
                   0
 2nd Variable Cost Component, Bij
                   0
                  83
            50000000
            50000000
                 127
            50000000
                 114
                  54
            50000000
                  58
            50000000
            50000000
                   0
            50000000
            50000000
            50000000
            50000000
            50000000
            50000000
            50000000
            50000000
            50000000
            50000000
            50000000
                   0
            50000000
            50000000
            50000000
            50000000
            50000000
            50000000
            50000000
            50000000
                  53
            50000000
            50000000
                   0
                 107
            50000000
            50000000
            50000000
            50000000
            50000000
            50000000
            50000000
            50000000
            50000000
                 107
                   0
            50000000
                  50
            50000000
                  72
                  70
            50000000
            50000000
            50000000
            50000000
                  61
                 132
                   0
            50000000
                  56
            50000000
            50000000
            50000000
                 114
                  75
            50000000
                 116
                  50
                 116
                   0
            50000000
                  32
            50000000
            50000000
                  54
            50000000
            50000000
            50000000
                  84
                  56
            50000000
                   0
                  88
            50000000
            50000000
            50000000
            50000000
                  67
            50000000
            50000000
            50000000
            50000000
            50000000
                   0
            50000000
                  73
            50000000
            50000000
            50000000
                  59
                  70
            50000000
            50000000
            50000000
            50000000
                   0
                  27
                  69
                  47
                   9
            50000000
            50000000
            50000000
                  46
                  15
            50000000
                  27
                   0
                  52
            50000000
            50000000
                  47
            50000000
                  57
            50000000
                 100
                 185
            50000000
            50000000
 Fixed Cost Component, Cij
                   0
                 124
                   0
                   0
                 190
                   0
                 171
                  81
                   0
                  87
                   0
                   0
                   0
                   0
                   0
                   0
                   0
                   0
                   0
                   0
                   0
                   0
                   0
                   0
                   0
                   0
                   0
                   0
                   0
                   0
                   0
                   0
                   0
                  79
                   0
                   0
                   0
                 160
                   0
                   0
                   0
                   0
                   0
                   0
                   0
                   0
                   0
                 160
                   0
                   0
                  75
                   0
                 108
                 105
                   0
                   0
                   0
                   0
                  91
                 198
                   0
                   0
                  84
                   0
                   0
                   0
                 171
                 112
                   0
                 174
                  75
                 174
                   0
                   0
                  48
                   0
                   0
                  81
                   0
                   0
                   0
                 126
                  84
                   0
                   0
                 132
                   0
                   0
                   0
                   0
                 100
                   0
                   0
                   0
                   0
                   0
                   0
                   0
                 109
                   0
                   0
                   0
                  88
                 105
                   0
                   0
                   0
                   0
                   0
                  40
                 103
                  70
                  13
                   0
                   0
                   0
                  69
                  22
                   0
                  40
                   0
                  78
                   0
                   0
                  70
                   0
                  85
                   0
                 150
                 277
                   0
                   0