          12
           1
           2
           3
           1
           2
           3
           3
           2
           2
           2
           1
 1st Variable Cost Component, Aij
                   0
                   0
                   0
                   0
                   0
                   0
                   0
                   0
                   0
                   0
                   0
                   0
                   0
                  14
                   0
                   0
                   0
                   0
                   0
                   0
                   0
                  25
                   0
                   0
                   0
                   0
                   0
                   0
                   0
                  24
                   0
                   0
                   0
                   0
                   0
                   0
                   0
                   0
                   0
                  17
                  32
                   0
                   0
                   0
                   0
                   8
                  21
                   0
                   0
                  26
                   0
                  32
                   0
                   0
                  23
                   0
                  26
                   0
                  29
                  26
                   0
                   0
                   0
                   0
                   0
                   0
                   0
                   0
                   0
                  17
                   0
                   0
                   0
                   0
                   0
                  17
                  16
                   0
                   0
                   0
                   0
                   0
                   0
                   0
                   0
                   0
                   0
                   0
                  27
                   7
                   0
                   8
                  13
                   0
                   0
                  23
                   0
                  15
                  22
                   0
                   0
                   0
                   0
                   0
                   5
                  17
                   0
                   0
                   0
                   0
                   0
                  25
                   0
                   0
                  23
                   0
                  16
                   0
                  22
                   0
                   0
                   0
                  12
                   0
                  14
                   7
                   0
                   0
                   0
                   0
                   0
                  31
 2nd Variable Cost Component, Bij
                   0
            50000000
            50000000
            50000000
            50000000
            50000000
            50000000
            50000000
            50000000
            50000000
            50000000
            50000000
                   0
                  56
            50000000
            50000000
            50000000
            50000000
            50000000
            50000000
            50000000
                 103
            50000000
            50000000
                   0
            50000000
            50000000
            50000000
            50000000
                  96
            50000000
            50000000
            50000000
            50000000
            50000000
            50000000
                   0
            50000000
            50000000
                  70
                 128
            50000000
            50000000
            50000000
            50000000
                  34
                  87
            50000000
                   0
                 105
            50000000
                 129
            50000000
            50000000
                  95
            50000000
                 104
            50000000
                 117
                 105
                   0
            50000000
            50000000
            50000000
            50000000
            50000000
            50000000
            50000000
            50000000
                  70
            50000000
            50000000
                   0
            50000000
            50000000
                  69
                  64
            50000000
            50000000
            50000000
            50000000
            50000000
            50000000
            50000000
                   0
            50000000
            50000000
            50000000
                 110
                  29
            50000000
                  35
                  54
            50000000
            50000000
                  92
                   0
                  61
                  89
            50000000
            50000000
            50000000
            50000000
            50000000
                  23
                  69
            50000000
            50000000
                   0
            50000000
            50000000
                 103
            50000000
            50000000
                  95
            50000000
                  64
            50000000
                  89
            50000000
                   0
            50000000
                  50
            50000000
                  58
                  31
            50000000
            50000000
            50000000
            50000000
            50000000
                 125
 Fixed Cost Component, Cij
                   0
                   0
                   0
                   0
                   0
                   0
                   0
                   0
                   0
                   0
                   0
                   0
                   0
               16800
                   0
                   0
                   0
                   0
                   0
                   0
                   0
               30900
                   0
                   0
                   0
                   0
                   0
                   0
                   0
               28800
                   0
                   0
                   0
                   0
                   0
                   0
                   0
                   0
                   0
               21000
               38400
                   0
                   0
                   0
                   0
               10200
               26100
                   0
                   0
               31500
                   0
               38700
                   0
                   0
               28500
                   0
               31200
                   0
               35100
               31500
                   0
                   0
                   0
                   0
                   0
                   0
                   0
                   0
                   0
               21000
                   0
                   0
                   0
                   0
                   0
               20700
               19200
                   0
                   0
                   0
                   0
                   0
                   0
                   0
                   0
                   0
                   0
                   0
               33000
                8700
                   0
               10500
               16200
                   0
                   0
               27600
                   0
               18300
               26700
                   0
                   0
                   0
                   0
                   0
                6900
               20700
                   0
                   0
                   0
                   0
                   0
               30900
                   0
                   0
               28500
                   0
               19200
                   0
               26700
                   0
                   0
                   0
               15000
                   0
               17400
                9300
                   0
                   0
                   0
                   0
                   0
               37500