          12
           8
           9
           6
           2
           5
           9
           3
           5
           3
           7
           9
 1st Variable Cost Component, Aij
                   0
                   1
                   7
                   4
                   4
                   4
                   2
                   0
                   0
                   0
                   0
                   0
                   0
                   7
                   4
                   0
                   0
                   0
                   0
                   0
                   0
                   0
                   0
                   0
                   0
                   0
                   0
                   0
                   0
                   0
                   8
                   0
                   0
                   0
                   0
                  11
                   0
                   0
                   0
                   0
                   0
                   6
                   0
                   3
                   4
                   2
                   0
                   0
                   0
                   0
                   0
                   0
                   0
                   7
                   0
                   0
                   6
                   0
                   0
                   8
                   0
                   0
                   0
                   0
                   0
                  10
                   0
                   0
                   0
                   0
                   0
                   0
                   0
                   0
                   0
                   0
                   0
                   0
                   0
                   0
                   0
                   0
                   0
                   0
                   0
                   0
                   0
                   0
                   0
                   0
                   0
                   0
                   0
                   1
                   0
                   0
                   0
                   0
                   0
                   0
                   5
                   5
                   0
                   0
                   0
                   0
                   6
                   2
                   0
                   0
                   0
                   0
                  13
                   0
                   5
                   0
                   4
                   0
                   0
                   0
                   0
                   0
                   0
                  12
                   0
                  12
                   4
                   0
                   0
                   0
                   6
                   0
 2nd Variable Cost Component, Bij
                   0
                  20
                  93
                  50
                  48
                  58
                  29
            50000000
            50000000
            50000000
            50000000
            50000000
                   0
                  93
                  55
            50000000
            50000000
            50000000
            50000000
            50000000
            50000000
            50000000
            50000000
            50000000
                   0
            50000000
            50000000
            50000000
            50000000
            50000000
                 102
            50000000
            50000000
            50000000
            50000000
                 143
                   0
            50000000
            50000000
            50000000
            50000000
                  76
            50000000
                  41
                  48
                  28
            50000000
            50000000
                   0
            50000000
            50000000
            50000000
            50000000
                  93
            50000000
            50000000
                  78
            50000000
            50000000
                 105
                   0
            50000000
            50000000
            50000000
            50000000
                 128
            50000000
            50000000
            50000000
            50000000
            50000000
            50000000
                   0
            50000000
            50000000
            50000000
            50000000
            50000000
            50000000
            50000000
            50000000
            50000000
            50000000
            50000000
                   0
            50000000
            50000000
            50000000
            50000000
            50000000
            50000000
            50000000
            50000000
                  13
            50000000
            50000000
                   0
            50000000
            50000000
            50000000
                  66
                  67
            50000000
            50000000
            50000000
            50000000
                  74
                  35
                   0
            50000000
            50000000
            50000000
                 167
            50000000
                  68
            50000000
                  52
            50000000
            50000000
            50000000
                   0
            50000000
            50000000
                 144
            50000000
                 147
                  51
            50000000
            50000000
            50000000
                  79
            50000000
 Fixed Cost Component, Cij
                   0
                  55
                 255
                 137
                 132
                 159
                  79
                   0
                   0
                   0
                   0
                   0
                   0
                 255
                 151
                   0
                   0
                   0
                   0
                   0
                   0
                   0
                   0
                   0
                   0
                   0
                   0
                   0
                   0
                   0
                 280
                   0
                   0
                   0
                   0
                 393
                   0
                   0
                   0
                   0
                   0
                 209
                   0
                 112
                 132
                  77
                   0
                   0
                   0
                   0
                   0
                   0
                   0
                 255
                   0
                   0
                 214
                   0
                   0
                 288
                   0
                   0
                   0
                   0
                   0
                 352
                   0
                   0
                   0
                   0
                   0
                   0
                   0
                   0
                   0
                   0
                   0
                   0
                   0
                   0
                   0
                   0
                   0
                   0
                   0
                   0
                   0
                   0
                   0
                   0
                   0
                   0
                   0
                  35
                   0
                   0
                   0
                   0
                   0
                   0
                 181
                 184
                   0
                   0
                   0
                   0
                 203
                  96
                   0
                   0
                   0
                   0
                 459
                   0
                 187
                   0
                 143
                   0
                   0
                   0
                   0
                   0
                   0
                 396
                   0
                 404
                 140
                   0
                   0
                   0
                 217
                   0