          12
           4
           2
           3
           5
           5
           4
           2
           1
           1
           4
           3
 1st Variable Cost Component, Aij
                   0
                   0
                   0
                   0
                  15
                   0
                   0
                   0
                   0
                   0
                   0
                   0
                   0
                  13
                   0
                   0
                   3
                   0
                   0
                   0
                   9
                  13
                  13
                   0
                   0
                   0
                   0
                   0
                   0
                   0
                   0
                   4
                   0
                   8
                   0
                   0
                   0
                  20
                   0
                   0
                   9
                   0
                   0
                   0
                   0
                   0
                  19
                  20
                   0
                   0
                   0
                   0
                   7
                   0
                  11
                   0
                   0
                   0
                   0
                   0
                   0
                   0
                   0
                   0
                   0
                   0
                  20
                  14
                   0
                   0
                   0
                   0
                   0
                   0
                   0
                   0
                   0
                   0
                   0
                   0
                   0
                   0
                   0
                   0
                   0
                   0
                   0
                   0
                   0
                   8
                   0
                   0
                   0
                   0
                   8
                   9
                   0
                   0
                   0
                  11
                   9
                   0
                   0
                   0
                   0
                   0
                   2
                   0
                   0
                   8
                   0
                   0
                  11
                   0
                   0
                   0
                   9
                   9
                   0
                   0
                   0
                   0
                   0
                   9
                   3
                  24
                   0
                   0
                   0
                  18
                  11
                  20
 2nd Variable Cost Component, Bij
                   0
            50000000
            50000000
            50000000
                  95
            50000000
            50000000
            50000000
            50000000
            50000000
            50000000
            50000000
                   0
                  84
            50000000
            50000000
                  23
            50000000
            50000000
            50000000
                  61
                  84
                  84
            50000000
                   0
            50000000
            50000000
            50000000
            50000000
            50000000
            50000000
                  25
            50000000
                  51
            50000000
            50000000
                   0
                 129
            50000000
            50000000
                  58
            50000000
            50000000
            50000000
            50000000
            50000000
                 118
                 129
                   0
            50000000
            50000000
            50000000
                  48
            50000000
                  73
            50000000
            50000000
            50000000
            50000000
            50000000
                   0
            50000000
            50000000
            50000000
            50000000
            50000000
                 126
                  92
            50000000
            50000000
            50000000
            50000000
                   0
            50000000
            50000000
            50000000
            50000000
            50000000
            50000000
            50000000
            50000000
            50000000
            50000000
            50000000
                   0
            50000000
            50000000
            50000000
            50000000
                  54
            50000000
            50000000
            50000000
            50000000
                  51
                  59
                   0
            50000000
            50000000
                  69
                  61
            50000000
            50000000
            50000000
            50000000
            50000000
                  13
            50000000
                   0
                  55
            50000000
            50000000
                  71
            50000000
            50000000
            50000000
                  56
                  59
            50000000
            50000000
                   0
            50000000
            50000000
                  61
                  24
                 152
            50000000
            50000000
            50000000
                 117
                  72
                 127
 Fixed Cost Component, Cij
                   0
                   0
                   0
                   0
                 285
                   0
                   0
                   0
                   0
                   0
                   0
                   0
                   0
                 252
                   0
                   0
                  69
                   0
                   0
                   0
                 183
                 252
                 252
                   0
                   0
                   0
                   0
                   0
                   0
                   0
                   0
                  75
                   0
                 153
                   0
                   0
                   0
                 387
                   0
                   0
                 174
                   0
                   0
                   0
                   0
                   0
                 354
                 387
                   0
                   0
                   0
                   0
                 144
                   0
                 219
                   0
                   0
                   0
                   0
                   0
                   0
                   0
                   0
                   0
                   0
                   0
                 378
                 276
                   0
                   0
                   0
                   0
                   0
                   0
                   0
                   0
                   0
                   0
                   0
                   0
                   0
                   0
                   0
                   0
                   0
                   0
                   0
                   0
                   0
                 162
                   0
                   0
                   0
                   0
                 153
                 177
                   0
                   0
                   0
                 207
                 183
                   0
                   0
                   0
                   0
                   0
                  39
                   0
                   0
                 165
                   0
                   0
                 213
                   0
                   0
                   0
                 168
                 177
                   0
                   0
                   0
                   0
                   0
                 183
                  72
                 456
                   0
                   0
                   0
                 351
                 216
                 381