          12
           9
           5
           8
           5
          10
           3
           8
           1
          10
           5
           9
 1st Variable Cost Component, Aij
                   0
                   0
                   0
                   0
                   5
                   3
                   0
                   5
                   5
                   0
                   7
                   0
                   0
                   6
                   0
                   0
                   0
                   7
                   0
                   0
                   0
                  11
                   3
                   0
                   0
                   0
                   0
                   0
                   0
                   3
                   0
                   0
                   0
                   0
                   8
                   0
                   0
                   0
                   0
                   0
                   0
                   0
                   0
                   0
                   0
                   0
                   3
                   1
                   0
                   0
                   2
                   0
                   0
                   0
                   0
                   3
                   1
                   6
                   0
                   0
                   0
                   0
                   0
                   7
                   7
                  11
                   4
                   7
                   0
                   1
                   0
                   0
                   0
                   0
                   5
                   1
                   0
                   0
                   7
                   0
                   0
                   0
                   0
                   0
                   0
                   0
                   0
                   0
                   0
                   6
                   0
                   0
                   0
                   0
                   0
                   2
                   0
                   0
                   0
                   3
                   0
                   0
                   1
                   0
                   0
                   1
                   0
                   5
                   0
                   4
                   0
                   0
                   4
                   0
                   0
                   0
                   3
                   0
                   0
                   0
                   0
                   6
                   9
                   0
                   0
                   0
                   0
                   8
                  11
                  12
                   0
                   0
 2nd Variable Cost Component, Bij
                   0
            50000000
            50000000
            50000000
                  69
                  49
            50000000
                  75
                  71
            50000000
                 102
            50000000
                   0
                  84
            50000000
            50000000
            50000000
                 105
            50000000
            50000000
            50000000
                 149
                  40
            50000000
                   0
            50000000
            50000000
            50000000
            50000000
                  43
            50000000
            50000000
            50000000
            50000000
                 110
            50000000
                   0
            50000000
            50000000
            50000000
            50000000
            50000000
            50000000
            50000000
            50000000
            50000000
                  46
                  14
                   0
            50000000
                  37
            50000000
            50000000
            50000000
            50000000
                  49
                  14
                  87
            50000000
            50000000
                   0
            50000000
            50000000
                  95
                  97
                 151
                  59
                 105
            50000000
                  22
            50000000
            50000000
                   0
            50000000
                  68
                  17
            50000000
            50000000
                 105
            50000000
            50000000
            50000000
            50000000
            50000000
                   0
            50000000
            50000000
            50000000
            50000000
                  84
            50000000
            50000000
            50000000
            50000000
            50000000
                  35
                   0
            50000000
            50000000
                  48
            50000000
            50000000
                  15
            50000000
            50000000
                  17
            50000000
                  76
                   0
                  54
            50000000
            50000000
                  65
            50000000
            50000000
            50000000
                  44
            50000000
            50000000
            50000000
                   0
                  92
                 120
            50000000
            50000000
            50000000
            50000000
                 117
                 153
                 161
            50000000
            50000000
 Fixed Cost Component, Cij
                   0
                   0
                   0
                   0
                  37
                  26
                   0
                  41
                  39
                   0
                  56
                   0
                   0
                  46
                   0
                   0
                   0
                  57
                   0
                   0
                   0
                  81
                  22
                   0
                   0
                   0
                   0
                   0
                   0
                  23
                   0
                   0
                   0
                   0
                  60
                   0
                   0
                   0
                   0
                   0
                   0
                   0
                   0
                   0
                   0
                   0
                  25
                   7
                   0
                   0
                  20
                   0
                   0
                   0
                   0
                  26
                   7
                  47
                   0
                   0
                   0
                   0
                   0
                  52
                  53
                  83
                  32
                  57
                   0
                  12
                   0
                   0
                   0
                   0
                  37
                   9
                   0
                   0
                  57
                   0
                   0
                   0
                   0
                   0
                   0
                   0
                   0
                   0
                   0
                  46
                   0
                   0
                   0
                   0
                   0
                  19
                   0
                   0
                   0
                  26
                   0
                   0
                   8
                   0
                   0
                   9
                   0
                  41
                   0
                  29
                   0
                   0
                  35
                   0
                   0
                   0
                  24
                   0
                   0
                   0
                   0
                  50
                  66
                   0
                   0
                   0
                   0
                  64
                  84
                  88
                   0
                   0