          12
           4
           2
           1
           4
           1
           2
           4
           2
           5
           3
           5
 1st Variable Cost Component, Aij
                   0
                  18
                   0
                   0
                  23
                  15
                   0
                  13
                   0
                   0
                   0
                  18
                   0
                   0
                   0
                   0
                   0
                   0
                   0
                   0
                   0
                   0
                   0
                   0
                   0
                   0
                   0
                   4
                   0
                   0
                   0
                   0
                   0
                  12
                   0
                   0
                   0
                   0
                   0
                   0
                   0
                  13
                   0
                   0
                  23
                   0
                   0
                  12
                   0
                  10
                  10
                   0
                  18
                   0
                   0
                  15
                   0
                   0
                   9
                   0
                   0
                  14
                   4
                   0
                   8
                   0
                   0
                  21
                  18
                   8
                   0
                   0
                   0
                  11
                  21
                   0
                   9
                   0
                   0
                   0
                   5
                  10
                   0
                   0
                   0
                   0
                   0
                   0
                   0
                   6
                   8
                   0
                  18
                   7
                  21
                   0
                   0
                   0
                   0
                   0
                   0
                   0
                   1
                  11
                   0
                   0
                   0
                   0
                   0
                   0
                   0
                   0
                   9
                   7
                   5
                   0
                   0
                   5
                   0
                   6
                   0
                  12
                  16
                  18
                  20
                   0
                  18
                   0
                   0
                  10
                   0
                   0
 2nd Variable Cost Component, Bij
                   0
                 113
            50000000
            50000000
                 140
                  94
            50000000
                  79
            50000000
            50000000
            50000000
                 113
                   0
            50000000
            50000000
            50000000
            50000000
            50000000
            50000000
            50000000
            50000000
            50000000
            50000000
            50000000
                   0
            50000000
            50000000
                  24
            50000000
            50000000
            50000000
            50000000
            50000000
                  72
            50000000
            50000000
                   0
            50000000
            50000000
            50000000
            50000000
                  83
            50000000
            50000000
                 140
            50000000
            50000000
                  73
                   0
                  62
                  65
            50000000
                 109
            50000000
            50000000
                  94
            50000000
            50000000
                  57
            50000000
                   0
                  89
                  27
            50000000
                  51
            50000000
            50000000
                 128
                 109
                  48
            50000000
            50000000
                   0
                  67
                 126
            50000000
                  56
            50000000
            50000000
            50000000
                  30
                  62
            50000000
            50000000
                   0
            50000000
            50000000
            50000000
            50000000
                  39
                  49
            50000000
                 109
                  47
                 126
            50000000
                   0
            50000000
            50000000
            50000000
            50000000
            50000000
                   8
                  66
            50000000
            50000000
            50000000
            50000000
                   0
            50000000
            50000000
            50000000
                  54
                  45
                  32
            50000000
            50000000
                  30
            50000000
                  37
                   0
                  73
                 101
                 113
                 123
            50000000
                 108
            50000000
            50000000
                  64
            50000000
            50000000
 Fixed Cost Component, Cij
                   0
                3390
                   0
                   0
                4200
                2820
                   0
                2370
                   0
                   0
                   0
                3390
                   0
                   0
                   0
                   0
                   0
                   0
                   0
                   0
                   0
                   0
                   0
                   0
                   0
                   0
                   0
                 720
                   0
                   0
                   0
                   0
                   0
                2160
                   0
                   0
                   0
                   0
                   0
                   0
                   0
                2490
                   0
                   0
                4200
                   0
                   0
                2190
                   0
                1860
                1950
                   0
                3270
                   0
                   0
                2820
                   0
                   0
                1710
                   0
                   0
                2670
                 810
                   0
                1530
                   0
                   0
                3840
                3270
                1440
                   0
                   0
                   0
                2010
                3780
                   0
                1680
                   0
                   0
                   0
                 900
                1860
                   0
                   0
                   0
                   0
                   0
                   0
                   0
                1170
                1470
                   0
                3270
                1410
                3780
                   0
                   0
                   0
                   0
                   0
                   0
                   0
                 240
                1980
                   0
                   0
                   0
                   0
                   0
                   0
                   0
                   0
                1620
                1350
                 960
                   0
                   0
                 900
                   0
                1110
                   0
                2190
                3030
                3390
                3690
                   0
                3240
                   0
                   0
                1920
                   0
                   0