          12
           7
           6
           3
           3
           4
           1
           3
           2
           8
           1
           8
 1st Variable Cost Component, Aij
                   0
                   9
                  10
                   8
                   0
                   0
                   0
                   7
                   8
                  11
                   0
                   0
                   0
                   0
                   0
                   0
                   6
                   0
                   0
                   0
                   1
                   0
                   0
                  17
                   0
                   0
                   0
                   0
                   0
                   0
                   0
                   0
                   0
                   0
                  18
                   5
                   0
                  19
                  13
                  15
                   0
                   0
                   0
                  13
                  10
                   0
                   0
                   0
                   0
                   0
                   0
                   0
                  15
                   0
                   0
                   0
                   0
                   0
                   0
                   0
                   0
                   0
                   0
                   0
                   0
                   0
                   8
                   0
                   0
                  15
                   4
                   0
                   0
                   7
                   0
                   6
                   8
                   7
                   0
                   0
                   0
                   0
                   0
                   0
                   0
                  10
                   5
                  16
                   0
                   0
                   0
                   0
                   0
                   0
                   0
                   0
                   0
                  15
                  20
                  11
                   0
                   0
                  19
                   0
                   0
                   0
                   0
                   0
                   0
                   0
                   0
                  14
                   0
                  13
                   0
                   0
                   8
                   0
                   0
                   0
                   0
                  14
                   0
                  10
                  15
                  15
                   0
                  11
                  18
                  22
                   0
                   2
 2nd Variable Cost Component, Bij
                   0
                  82
                  84
                  74
            50000000
            50000000
            50000000
                  66
                  67
                  92
            50000000
            50000000
                   0
            50000000
            50000000
            50000000
                  52
            50000000
            50000000
            50000000
                  11
            50000000
            50000000
                 149
                   0
            50000000
            50000000
            50000000
            50000000
            50000000
            50000000
            50000000
            50000000
            50000000
                 154
                  45
                   0
                 159
                 111
                 126
            50000000
            50000000
            50000000
                 113
                  91
            50000000
            50000000
            50000000
                   0
            50000000
            50000000
            50000000
                 133
            50000000
            50000000
            50000000
            50000000
            50000000
            50000000
            50000000
                   0
            50000000
            50000000
            50000000
            50000000
            50000000
                  67
            50000000
            50000000
                 126
                  40
            50000000
                   0
                  66
            50000000
                  51
                  75
                  66
            50000000
            50000000
            50000000
            50000000
            50000000
            50000000
                   0
                  85
                  44
                 136
            50000000
            50000000
            50000000
            50000000
            50000000
            50000000
            50000000
            50000000
                   0
                 127
                 169
                  92
            50000000
            50000000
                 163
            50000000
            50000000
            50000000
            50000000
            50000000
                   0
            50000000
            50000000
                 123
            50000000
                 113
            50000000
            50000000
                  75
            50000000
            50000000
            50000000
                   0
                 123
            50000000
                  85
                 127
                 130
            50000000
                  94
                 157
                 190
            50000000
                  22
 Fixed Cost Component, Cij
                   0
                 225
                 231
                 203
                   0
                   0
                   0
                 181
                 184
                 253
                   0
                   0
                   0
                   0
                   0
                   0
                 143
                   0
                   0
                   0
                  30
                   0
                   0
                 409
                   0
                   0
                   0
                   0
                   0
                   0
                   0
                   0
                   0
                   0
                 423
                 123
                   0
                 437
                 305
                 346
                   0
                   0
                   0
                 310
                 250
                   0
                   0
                   0
                   0
                   0
                   0
                   0
                 365
                   0
                   0
                   0
                   0
                   0
                   0
                   0
                   0
                   0
                   0
                   0
                   0
                   0
                 184
                   0
                   0
                 346
                 110
                   0
                   0
                 181
                   0
                 140
                 206
                 181
                   0
                   0
                   0
                   0
                   0
                   0
                   0
                 233
                 121
                 374
                   0
                   0
                   0
                   0
                   0
                   0
                   0
                   0
                   0
                 349
                 464
                 253
                   0
                   0
                 448
                   0
                   0
                   0
                   0
                   0
                   0
                   0
                   0
                 338
                   0
                 310
                   0
                   0
                 206
                   0
                   0
                   0
                   0
                 338
                   0
                 233
                 349
                 357
                   0
                 258
                 431
                 522
                   0
                  60