          12
           2
           2
           3
           2
           3
           2
           4
           3
           3
           3
           3
 1st Variable Cost Component, Aij
                   0
                   1
                  17
                  22
                  14
                   0
                   0
                   0
                   0
                   0
                   0
                   1
                   0
                   0
                   0
                  13
                   0
                  13
                  23
                   0
                   0
                  15
                   0
                   0
                   0
                   0
                   3
                   0
                   0
                   0
                  24
                   0
                   0
                  22
                  20
                   0
                   0
                  20
                  12
                   0
                   0
                   0
                   0
                   0
                  14
                   0
                   3
                   0
                   0
                   0
                   0
                   0
                   0
                  22
                   0
                   0
                   0
                  14
                   0
                   0
                   0
                   0
                   0
                   0
                   0
                   0
                   0
                  13
                   4
                   0
                   1
                   0
                   0
                  11
                   0
                   0
                   0
                  24
                   0
                   0
                   0
                   0
                   0
                   0
                   0
                   0
                   0
                   0
                   0
                   0
                   0
                  24
                   0
                   0
                   0
                   0
                   0
                  25
                   0
                   0
                   0
                  25
                   2
                   0
                  14
                  20
                  19
                   0
                   0
                   0
                  15
                   0
                   0
                   0
                   0
                   0
                   0
                   0
                   0
                   0
                   0
                   0
                   0
                  16
                   0
                  17
                   0
                   0
                   6
                  36
                   0
                   0
 2nd Variable Cost Component, Bij
                   0
                  10
                  97
                 123
                  81
            50000000
            50000000
            50000000
            50000000
            50000000
            50000000
                  10
                   0
            50000000
            50000000
                  74
            50000000
                  73
                 127
            50000000
            50000000
                  83
            50000000
            50000000
                   0
            50000000
                  19
            50000000
            50000000
            50000000
                 135
            50000000
            50000000
                 123
                 114
            50000000
                   0
                 110
                  69
            50000000
            50000000
            50000000
            50000000
            50000000
                  81
            50000000
                  19
            50000000
                   0
            50000000
            50000000
            50000000
            50000000
                 124
            50000000
            50000000
            50000000
                  79
            50000000
            50000000
                   0
            50000000
            50000000
            50000000
            50000000
            50000000
            50000000
                  73
                  26
            50000000
                  10
            50000000
                   0
                  60
            50000000
            50000000
            50000000
                 136
            50000000
            50000000
            50000000
            50000000
            50000000
            50000000
                   0
            50000000
            50000000
            50000000
            50000000
            50000000
            50000000
                 135
            50000000
            50000000
            50000000
            50000000
                   0
                 139
            50000000
            50000000
            50000000
                 137
                  14
            50000000
                  79
                 114
                 107
            50000000
                   0
            50000000
                  84
            50000000
            50000000
            50000000
            50000000
            50000000
            50000000
            50000000
            50000000
            50000000
                   0
            50000000
            50000000
                  88
            50000000
                  95
            50000000
            50000000
                  33
                 200
            50000000
            50000000
 Fixed Cost Component, Cij
                   0
                 100
                 970
                1230
                 810
                   0
                   0
                   0
                   0
                   0
                   0
                 100
                   0
                   0
                   0
                 740
                   0
                 730
                1270
                   0
                   0
                 830
                   0
                   0
                   0
                   0
                 190
                   0
                   0
                   0
                1350
                   0
                   0
                1230
                1140
                   0
                   0
                1100
                 690
                   0
                   0
                   0
                   0
                   0
                 810
                   0
                 190
                   0
                   0
                   0
                   0
                   0
                   0
                1240
                   0
                   0
                   0
                 790
                   0
                   0
                   0
                   0
                   0
                   0
                   0
                   0
                   0
                 730
                 260
                   0
                 100
                   0
                   0
                 600
                   0
                   0
                   0
                1360
                   0
                   0
                   0
                   0
                   0
                   0
                   0
                   0
                   0
                   0
                   0
                   0
                   0
                1350
                   0
                   0
                   0
                   0
                   0
                1390
                   0
                   0
                   0
                1370
                 140
                   0
                 790
                1140
                1070
                   0
                   0
                   0
                 840
                   0
                   0
                   0
                   0
                   0
                   0
                   0
                   0
                   0
                   0
                   0
                   0
                 880
                   0
                 950
                   0
                   0
                 330
                2000
                   0
                   0