          12
           3
           4
           1
           4
           1
           1
           3
           2
           2
           4
           2
 1st Variable Cost Component, Aij
                   0
                   0
                   4
                   0
                  23
                   0
                  25
                   0
                   0
                  12
                   0
                   0
                   0
                  15
                  14
                   0
                   0
                   0
                  13
                  14
                   0
                   0
                   4
                   0
                   0
                   0
                   0
                   0
                  29
                   0
                   4
                   0
                   0
                   0
                   0
                   0
                   0
                   0
                   0
                   9
                   0
                   0
                   0
                  17
                   0
                  11
                   0
                   0
                   0
                   0
                   0
                  19
                   0
                  31
                   0
                   0
                   0
                  16
                  14
                   0
                   0
                   0
                   0
                  14
                   0
                   0
                   0
                  14
                  29
                   9
                   0
                   0
                   0
                  26
                   0
                   0
                   0
                   0
                  13
                  17
                   0
                  19
                   0
                  26
                   0
                   0
                  26
                   0
                   5
                   0
                   4
                  28
                  25
                   0
                  25
                  19
                   0
                   0
                  15
                   0
                   0
                   9
                  35
                   0
                   0
                   0
                   0
                   7
                   0
                  23
                   0
                   0
                   0
                   0
                   0
                   0
                   0
                   0
                   0
                   0
                   0
                  30
                  26
                   0
                   0
                  28
                  26
                   0
                  39
                  26
                   0
                   0
 2nd Variable Cost Component, Bij
                   0
            50000000
                  21
            50000000
                 115
            50000000
                 126
            50000000
            50000000
                  62
            50000000
            50000000
                   0
                  78
                  71
            50000000
            50000000
            50000000
                  65
                  69
            50000000
            50000000
                  21
            50000000
                   0
            50000000
            50000000
            50000000
                 144
            50000000
                  23
            50000000
            50000000
            50000000
            50000000
            50000000
                   0
            50000000
            50000000
                  49
            50000000
            50000000
            50000000
                  85
            50000000
                  58
            50000000
            50000000
                   0
            50000000
            50000000
                  98
            50000000
                 157
            50000000
            50000000
            50000000
                  80
                  69
            50000000
                   0
            50000000
            50000000
                  70
            50000000
            50000000
            50000000
                  73
                 144
                  49
            50000000
            50000000
                   0
                 130
            50000000
            50000000
            50000000
            50000000
                  65
                  86
            50000000
                  98
            50000000
                 130
                   0
            50000000
                 131
            50000000
                  26
            50000000
                  23
                 139
                 125
            50000000
                 127
                  95
                   0
            50000000
                  77
            50000000
            50000000
                  48
                 172
            50000000
            50000000
            50000000
            50000000
                  37
                   0
                 114
            50000000
            50000000
            50000000
            50000000
            50000000
            50000000
            50000000
            50000000
            50000000
            50000000
                   0
                 149
                 131
            50000000
            50000000
                 142
                 128
            50000000
                 194
                 131
            50000000
            50000000
 Fixed Cost Component, Cij
                   0
                   0
                 210
                   0
                1150
                   0
                1260
                   0
                   0
                 620
                   0
                   0
                   0
                 780
                 710
                   0
                   0
                   0
                 650
                 690
                   0
                   0
                 210
                   0
                   0
                   0
                   0
                   0
                1440
                   0
                 230
                   0
                   0
                   0
                   0
                   0
                   0
                   0
                   0
                 490
                   0
                   0
                   0
                 850
                   0
                 580
                   0
                   0
                   0
                   0
                   0
                 980
                   0
                1570
                   0
                   0
                   0
                 800
                 690
                   0
                   0
                   0
                   0
                 700
                   0
                   0
                   0
                 730
                1440
                 490
                   0
                   0
                   0
                1300
                   0
                   0
                   0
                   0
                 650
                 860
                   0
                 980
                   0
                1300
                   0
                   0
                1310
                   0
                 260
                   0
                 230
                1390
                1250
                   0
                1270
                 950
                   0
                   0
                 770
                   0
                   0
                 480
                1720
                   0
                   0
                   0
                   0
                 370
                   0
                1140
                   0
                   0
                   0
                   0
                   0
                   0
                   0
                   0
                   0
                   0
                   0
                1490
                1310
                   0
                   0
                1420
                1280
                   0
                1940
                1310
                   0
                   0