          12
           1
           4
           4
           3
           1
           3
           4
           4
           5
           1
           3
 1st Variable Cost Component, Aij
                   0
                   0
                  14
                   0
                   3
                   0
                   0
                   0
                   0
                  16
                   0
                   0
                   0
                   0
                   0
                   0
                  10
                   0
                   0
                   0
                   0
                   0
                   0
                   0
                   0
                   0
                  14
                   0
                   0
                   2
                  13
                   0
                  14
                   0
                  11
                   0
                   0
                  12
                   0
                   0
                   0
                   0
                   0
                   0
                   3
                   5
                   0
                   0
                   0
                   0
                  11
                  13
                  15
                  17
                   0
                   0
                  10
                   0
                   0
                  13
                   0
                   0
                   0
                   0
                   0
                  12
                  13
                   0
                   0
                   0
                   0
                   0
                   0
                   0
                   4
                   0
                   0
                   0
                   0
                   0
                   0
                   0
                   0
                   0
                   0
                   0
                   0
                   0
                   0
                   0
                  13
                  18
                  15
                  14
                   4
                   0
                   0
                  20
                  22
                   0
                   0
                   7
                   0
                   0
                   0
                   0
                   0
                   0
                   0
                   0
                   0
                   0
                   0
                   0
                   0
                   0
                   0
                   0
                   0
                   0
                   0
                   0
                   0
                  13
                   0
                   0
                  14
                  23
                   0
                   0
                   0
                   0
 2nd Variable Cost Component, Bij
                   0
            50000000
                  88
            50000000
                  19
            50000000
            50000000
            50000000
            50000000
                  96
            50000000
            50000000
                   0
            50000000
            50000000
            50000000
                  60
            50000000
            50000000
            50000000
            50000000
            50000000
            50000000
            50000000
                   0
            50000000
                  89
            50000000
            50000000
                  14
                  83
            50000000
                  87
            50000000
                  66
            50000000
                   0
                  72
            50000000
            50000000
            50000000
            50000000
            50000000
            50000000
                  19
                  33
            50000000
            50000000
                   0
            50000000
                  67
                  78
                  93
                 105
            50000000
            50000000
                  60
            50000000
            50000000
                  81
                   0
            50000000
                   3
            50000000
            50000000
                  75
                  79
            50000000
            50000000
            50000000
            50000000
            50000000
                   0
            50000000
                  29
            50000000
            50000000
            50000000
            50000000
            50000000
            50000000
            50000000
            50000000
            50000000
                   0
            50000000
            50000000
            50000000
            50000000
            50000000
                  83
                 111
                  93
                  87
                  29
            50000000
                   0
                 125
                 136
            50000000
            50000000
                  44
            50000000
            50000000
            50000000
            50000000
            50000000
            50000000
                   0
            50000000
            50000000
            50000000
            50000000
            50000000
            50000000
            50000000
            50000000
            50000000
            50000000
            50000000
                   0
            50000000
            50000000
                  79
            50000000
            50000000
                  85
                 138
            50000000
            50000000
            50000000
            50000000
 Fixed Cost Component, Cij
                   0
                   0
                2640
                   0
                 570
                   0
                   0
                   0
                   0
                2880
                   0
                   0
                   0
                   0
                   0
                   0
                1800
                   0
                   0
                   0
                   0
                   0
                   0
                   0
                   0
                   0
                2670
                   0
                   0
                 420
                2490
                   0
                2610
                   0
                1980
                   0
                   0
                2160
                   0
                   0
                   0
                   0
                   0
                   0
                 570
                 990
                   0
                   0
                   0
                   0
                2010
                2340
                2790
                3150
                   0
                   0
                1800
                   0
                   0
                2430
                   0
                   0
                  90
                   0
                   0
                2250
                2370
                   0
                   0
                   0
                   0
                   0
                   0
                   0
                 870
                   0
                   0
                   0
                   0
                   0
                   0
                   0
                   0
                   0
                   0
                   0
                   0
                   0
                   0
                   0
                2490
                3330
                2790
                2610
                 870
                   0
                   0
                3750
                4080
                   0
                   0
                1320
                   0
                   0
                   0
                   0
                   0
                   0
                   0
                   0
                   0
                   0
                   0
                   0
                   0
                   0
                   0
                   0
                   0
                   0
                   0
                   0
                   0
                2370
                   0
                   0
                2550
                4140
                   0
                   0
                   0
                   0