          12
           9
           3
           8
           3
           9
           5
           2
           4
          10
           2
           4
 1st Variable Cost Component, Aij
                   0
                   0
                   0
                   0
                   0
                   0
                   0
                   0
                   0
                   0
                   0
                   0
                   0
                   0
                   0
                  12
                   0
                   0
                   0
                   0
                   8
                   0
                   0
                   0
                   0
                   0
                   6
                   0
                   0
                   0
                   0
                   0
                   0
                   0
                   5
                   6
                   0
                   0
                   3
                   0
                   0
                   0
                   3
                   4
                   9
                   0
                   6
                   0
                   0
                   0
                   0
                   4
                   0
                   0
                   0
                   0
                   0
                  10
                   0
                   0
                   0
                   0
                  10
                   0
                   0
                   0
                   0
                   6
                   5
                   0
                   0
                   6
                   0
                   0
                   0
                   6
                   0
                   0
                   0
                   0
                   0
                   0
                   0
                   4
                   0
                   0
                   0
                   0
                   0
                   0
                   0
                   0
                   0
                   0
                   0
                   0
                   0
                   4
                   0
                   4
                   0
                   0
                   3
                   0
                   0
                   0
                   0
                   0
                   0
                   0
                   0
                   2
                   0
                   0
                   0
                   0
                   0
                   6
                   0
                   0
                   0
                   0
                   2
                   0
                   7
                  15
                   0
                   0
                  11
                   5
                  10
                   5
 2nd Variable Cost Component, Bij
                   0
            50000000
            50000000
            50000000
            50000000
            50000000
            50000000
            50000000
            50000000
            50000000
            50000000
            50000000
                   0
            50000000
            50000000
                 135
            50000000
            50000000
            50000000
            50000000
                  95
            50000000
            50000000
            50000000
                   0
            50000000
                  69
            50000000
            50000000
            50000000
            50000000
            50000000
            50000000
            50000000
                  63
                  74
                   0
            50000000
                  37
            50000000
            50000000
            50000000
                  36
                  51
                 101
            50000000
                  69
            50000000
                   0
            50000000
            50000000
                  43
            50000000
            50000000
            50000000
            50000000
            50000000
                 110
            50000000
            50000000
                   0
            50000000
                 116
            50000000
            50000000
            50000000
            50000000
                  67
                  62
            50000000
            50000000
                  67
                   0
            50000000
            50000000
                  65
            50000000
            50000000
            50000000
            50000000
            50000000
            50000000
            50000000
                  52
                   0
            50000000
            50000000
            50000000
            50000000
            50000000
            50000000
            50000000
            50000000
            50000000
            50000000
            50000000
                   0
                  53
            50000000
                  43
            50000000
            50000000
                  36
            50000000
            50000000
            50000000
            50000000
            50000000
                   0
            50000000
            50000000
                  23
            50000000
            50000000
            50000000
            50000000
            50000000
                  72
            50000000
            50000000
                   0
            50000000
                  31
            50000000
                  85
                 165
            50000000
            50000000
                 126
                  57
                 109
                  54
 Fixed Cost Component, Cij
                   0
                   0
                   0
                   0
                   0
                   0
                   0
                   0
                   0
                   0
                   0
                   0
                   0
                   0
                   0
                 742
                   0
                   0
                   0
                   0
                 522
                   0
                   0
                   0
                   0
                   0
                 379
                   0
                   0
                   0
                   0
                   0
                   0
                   0
                 346
                 407
                   0
                   0
                 203
                   0
                   0
                   0
                 198
                 280
                 555
                   0
                 379
                   0
                   0
                   0
                   0
                 236
                   0
                   0
                   0
                   0
                   0
                 605
                   0
                   0
                   0
                   0
                 638
                   0
                   0
                   0
                   0
                 368
                 341
                   0
                   0
                 368
                   0
                   0
                   0
                 357
                   0
                   0
                   0
                   0
                   0
                   0
                   0
                 286
                   0
                   0
                   0
                   0
                   0
                   0
                   0
                   0
                   0
                   0
                   0
                   0
                   0
                 291
                   0
                 236
                   0
                   0
                 198
                   0
                   0
                   0
                   0
                   0
                   0
                   0
                   0
                 126
                   0
                   0
                   0
                   0
                   0
                 396
                   0
                   0
                   0
                   0
                 170
                   0
                 467
                 907
                   0
                   0
                 693
                 313
                 599
                 297