          12
           6
           7
           2
           4
           1
           9
           6
           5
           9
           3
           7
 1st Variable Cost Component, Aij
                   0
                   0
                   0
                   0
                   7
                   5
                   0
                   0
                   0
                   0
                   0
                   1
                   0
                   0
                   9
                   0
                   0
                   0
                   0
                   0
                   5
                   0
                   5
                   0
                   0
                   4
                   7
                   0
                   0
                   3
                   0
                   0
                   0
                   0
                   0
                   4
                   0
                   0
                   0
                   0
                   0
                   0
                   0
                   0
                   7
                   8
                   7
                   0
                   0
                   0
                   0
                   0
                   0
                   0
                   0
                   0
                   0
                   0
                   0
                   0
                   0
                   0
                   0
                   5
                   0
                   0
                   0
                   0
                   4
                   0
                   0
                   0
                   0
                   0
                   0
                   0
                   0
                   5
                   7
                   0
                   0
                   0
                   3
                   4
                   0
                   0
                  11
                   0
                   0
                   0
                   0
                   0
                  11
                   5
                   0
                   0
                   0
                   0
                   0
                   0
                   0
                  10
                   0
                   0
                   0
                   0
                   0
                  13
                   0
                  10
                   0
                   5
                   0
                   0
                   0
                   2
                   0
                   6
                   8
                   0
                   0
                   0
                  13
                   0
                   0
                   0
                   0
                   0
                   7
                   5
                  17
                   0
 2nd Variable Cost Component, Bij
                   0
            50000000
            50000000
            50000000
                  78
                  56
            50000000
            50000000
            50000000
            50000000
            50000000
                  21
                   0
            50000000
                 104
            50000000
            50000000
            50000000
            50000000
            50000000
                  56
            50000000
                  57
            50000000
                   0
                  52
                  84
            50000000
            50000000
                  33
            50000000
            50000000
            50000000
            50000000
            50000000
                  52
                   0
            50000000
            50000000
            50000000
            50000000
            50000000
            50000000
            50000000
                  78
                  92
                  84
            50000000
                   0
            50000000
            50000000
            50000000
            50000000
            50000000
            50000000
            50000000
            50000000
            50000000
            50000000
            50000000
                   0
            50000000
            50000000
                  58
            50000000
            50000000
            50000000
            50000000
                  47
            50000000
            50000000
            50000000
                   0
            50000000
            50000000
            50000000
            50000000
                  62
                  76
            50000000
            50000000
            50000000
                  38
                  53
                   0
            50000000
                 123
            50000000
            50000000
            50000000
            50000000
            50000000
                 124
                  58
            50000000
            50000000
                   0
            50000000
            50000000
            50000000
            50000000
                 110
            50000000
            50000000
            50000000
            50000000
            50000000
                 143
                   0
                 110
            50000000
                  55
            50000000
            50000000
            50000000
                  32
            50000000
                  69
                  90
            50000000
                   0
            50000000
                 149
            50000000
            50000000
            50000000
            50000000
            50000000
                  80
                  59
                 184
            50000000
 Fixed Cost Component, Cij
                   0
                   0
                   0
                   0
                4290
                3080
                   0
                   0
                   0
                   0
                   0
                1155
                   0
                   0
                5720
                   0
                   0
                   0
                   0
                   0
                3080
                   0
                3135
                   0
                   0
                2860
                4620
                   0
                   0
                1815
                   0
                   0
                   0
                   0
                   0
                2860
                   0
                   0
                   0
                   0
                   0
                   0
                   0
                   0
                4290
                5060
                4620
                   0
                   0
                   0
                   0
                   0
                   0
                   0
                   0
                   0
                   0
                   0
                   0
                   0
                   0
                   0
                   0
                3190
                   0
                   0
                   0
                   0
                2585
                   0
                   0
                   0
                   0
                   0
                   0
                   0
                   0
                3410
                4180
                   0
                   0
                   0
                2090
                2915
                   0
                   0
                6765
                   0
                   0
                   0
                   0
                   0
                6820
                3190
                   0
                   0
                   0
                   0
                   0
                   0
                   0
                6050
                   0
                   0
                   0
                   0
                   0
                7865
                   0
                6050
                   0
                3025
                   0
                   0
                   0
                1760
                   0
                3795
                4950
                   0
                   0
                   0
                8195
                   0
                   0
                   0
                   0
                   0
                4400
                3245
               10120
                   0