          12
          10
           7
           3
           2
           8
           6
           3
           5
           5
           8
          10
 1st Variable Cost Component, Aij
                   0
                   0
                   0
                   0
                   0
                   0
                   0
                   0
                   0
                   0
                   0
                   0
                   0
                   5
                   3
                   4
                   5
                   0
                   0
                   0
                   9
                  10
                   0
                   5
                   0
                   0
                   0
                   0
                   0
                  12
                   0
                   0
                   0
                   0
                   0
                   4
                   0
                   0
                   2
                   4
                   0
                   0
                   7
                   6
                   0
                   0
                   0
                   1
                   0
                   1
                   0
                   0
                   0
                   0
                   0
                   6
                   0
                   0
                   0
                   0
                   0
                   0
                   6
                   0
                   4
                   0
                   0
                   0
                   0
                   4
                   4
                   6
                   0
                  10
                   0
                  10
                   0
                   0
                   0
                   0
                   0
                   0
                   0
                   0
                   0
                   0
                   0
                   0
                   0
                   0
                   2
                   4
                   0
                   0
                   0
                   0
                   0
                   0
                   4
                   9
                   0
                   0
                   0
                   6
                   4
                  10
                   0
                   0
                   0
                   9
                   0
                   0
                   0
                   0
                   0
                   0
                   0
                   8
                   4
                   0
                   0
                  16
                  14
                   0
                   0
                   0
                   0
                   0
                   6
                   0
                  10
                   0
 2nd Variable Cost Component, Bij
                   0
            50000000
            50000000
            50000000
            50000000
            50000000
            50000000
            50000000
            50000000
            50000000
            50000000
            50000000
                   0
                  68
                  46
                  59
                  64
            50000000
            50000000
            50000000
                 111
                 129
            50000000
                  68
                   0
            50000000
            50000000
            50000000
            50000000
                 147
            50000000
            50000000
            50000000
            50000000
            50000000
                  49
                   0
            50000000
                  31
                  60
            50000000
            50000000
                  89
                  84
            50000000
            50000000
            50000000
                  16
                   0
                  21
            50000000
            50000000
            50000000
            50000000
            50000000
                  81
            50000000
            50000000
            50000000
            50000000
                   0
            50000000
                  82
            50000000
                  58
            50000000
            50000000
            50000000
            50000000
                  60
                  58
                  78
                   0
                 125
            50000000
                 129
            50000000
            50000000
            50000000
            50000000
            50000000
            50000000
            50000000
            50000000
                   0
            50000000
            50000000
            50000000
            50000000
            50000000
                  34
                  58
            50000000
            50000000
            50000000
            50000000
                   0
            50000000
                  52
                 114
            50000000
            50000000
            50000000
                  78
                  58
                 129
            50000000
            50000000
                   0
                 121
            50000000
            50000000
            50000000
            50000000
            50000000
            50000000
            50000000
                  98
                  52
            50000000
                   0
                 203
                 179
            50000000
            50000000
            50000000
            50000000
            50000000
                  83
            50000000
                 129
            50000000
 Fixed Cost Component, Cij
                   0
                   0
                   0
                   0
                   0
                   0
                   0
                   0
                   0
                   0
                   0
                   0
                   0
                 187
                 126
                 162
                 176
                   0
                   0
                   0
                 305
                 354
                   0
                 187
                   0
                   0
                   0
                   0
                   0
                 404
                   0
                   0
                   0
                   0
                   0
                 134
                   0
                   0
                  85
                 165
                   0
                   0
                 244
                 231
                   0
                   0
                   0
                  44
                   0
                  57
                   0
                   0
                   0
                   0
                   0
                 222
                   0
                   0
                   0
                   0
                   0
                   0
                 225
                   0
                 159
                   0
                   0
                   0
                   0
                 165
                 159
                 214
                   0
                 343
                   0
                 354
                   0
                   0
                   0
                   0
                   0
                   0
                   0
                   0
                   0
                   0
                   0
                   0
                   0
                   0
                  93
                 159
                   0
                   0
                   0
                   0
                   0
                   0
                 143
                 313
                   0
                   0
                   0
                 214
                 159
                 354
                   0
                   0
                   0
                 332
                   0
                   0
                   0
                   0
                   0
                   0
                   0
                 269
                 143
                   0
                   0
                 558
                 492
                   0
                   0
                   0
                   0
                   0
                 228
                   0
                 354
                   0