          12
           3
           5
           1
           6
          10
           8
           4
           6
           4
          10
           4
 1st Variable Cost Component, Aij
                   0
                  13
                   0
                   0
                   0
                   9
                   0
                   0
                   2
                   0
                  10
                   0
                   0
                   8
                   0
                   0
                   0
                   0
                   0
                   0
                   0
                   0
                   5
                   8
                   0
                   0
                   0
                   0
                   0
                   0
                   0
                   0
                   6
                   0
                   0
                   0
                   0
                   8
                   0
                   7
                   0
                  10
                   0
                  12
                   0
                   0
                   0
                   0
                   0
                   0
                   0
                   6
                  11
                   8
                   0
                   0
                   0
                   5
                  10
                   4
                   0
                   0
                  10
                   0
                   8
                   1
                   0
                   0
                   9
                   7
                   2
                   0
                   0
                   0
                   0
                   7
                   8
                   0
                   0
                   0
                   5
                   6
                  10
                   3
                   0
                  14
                   0
                  12
                   2
                   0
                   0
                   0
                   0
                   0
                   0
                   0
                   0
                   6
                   0
                   8
                   0
                   0
                   0
                   0
                   0
                   0
                   0
                   0
                   0
                   9
                   0
                   0
                   0
                   0
                   0
                   1
                   0
                   0
                   9
                   0
                   0
                   0
                   0
                   0
                   0
                   0
                  14
                  12
                  11
                  10
                   0
                   0
 2nd Variable Cost Component, Bij
                   0
                 154
            50000000
            50000000
            50000000
                 110
            50000000
            50000000
                  24
            50000000
                 114
            50000000
                   0
                  93
            50000000
            50000000
            50000000
            50000000
            50000000
            50000000
            50000000
            50000000
                  62
                  93
                   0
            50000000
            50000000
            50000000
            50000000
            50000000
            50000000
            50000000
                  70
            50000000
            50000000
            50000000
                   0
                  97
            50000000
                  81
            50000000
                 116
            50000000
                 139
            50000000
            50000000
            50000000
            50000000
                   0
            50000000
            50000000
                  71
                 132
                  90
            50000000
            50000000
            50000000
                  58
                 121
                  52
                   0
            50000000
                 119
            50000000
                  93
                  18
            50000000
            50000000
                 100
                  81
                  29
            50000000
                   0
            50000000
            50000000
                  87
                  95
            50000000
            50000000
            50000000
                  66
                  71
                 119
                  43
                   0
                 162
            50000000
                 136
                  24
            50000000
            50000000
            50000000
            50000000
            50000000
            50000000
            50000000
                   0
                  73
            50000000
                  97
            50000000
            50000000
            50000000
            50000000
            50000000
            50000000
            50000000
            50000000
                   0
                 110
            50000000
            50000000
            50000000
            50000000
            50000000
                  18
            50000000
            50000000
                 110
            50000000
                   0
            50000000
            50000000
            50000000
            50000000
            50000000
                 161
                 141
                 126
                 111
            50000000
            50000000
 Fixed Cost Component, Cij
                   0
               84700
                   0
                   0
                   0
               60500
                   0
                   0
               13200
                   0
               62700
                   0
                   0
               51150
                   0
                   0
                   0
                   0
                   0
                   0
                   0
                   0
               34100
               51150
                   0
                   0
                   0
                   0
                   0
                   0
                   0
                   0
               38500
                   0
                   0
                   0
                   0
               53350
                   0
               44550
                   0
               63800
                   0
               76450
                   0
                   0
                   0
                   0
                   0
                   0
                   0
               39050
               72600
               49500
                   0
                   0
                   0
               31900
               66550
               28600
                   0
                   0
               65450
                   0
               51150
                9900
                   0
                   0
               55000
               44550
               15950
                   0
                   0
                   0
                   0
               47850
               52250
                   0
                   0
                   0
               36300
               39050
               65450
               23650
                   0
               89100
                   0
               74800
               13200
                   0
                   0
                   0
                   0
                   0
                   0
                   0
                   0
               40150
                   0
               53350
                   0
                   0
                   0
                   0
                   0
                   0
                   0
                   0
                   0
               60500
                   0
                   0
                   0
                   0
                   0
                9900
                   0
                   0
               60500
                   0
                   0
                   0
                   0
                   0
                   0
                   0
               88550
               77550
               69300
               61050
                   0
                   0